903
0.122302
0.122301
0.122302
0.122282
0.122282
0.122282
0.122239
0.122238
0.122239
0.12218
0.12218
0.12218
0.122112
0.122112
0.122112
0.122037
0.122037
0.122037
0.121959
0.121959
0.121959
0.121878
0.121878
0.121878
0.121795
0.121795
0.121795
0.121711
0.121711
0.121711
0.121626
0.121626
0.121626
0.12154
0.12154
0.12154
0.121454
0.121454
0.121454
0.121366
0.121366
0.121366
0.121279
0.121279
0.121279
0.121191
0.121191
0.121191
0.121102
0.121102
0.121102
0.121013
0.121013
0.121013
0.120924
0.120924
0.120924
0.120834
0.120834
0.120834
0.120743
0.120743
0.120743
0.120652
0.120652
0.120652
0.12056
0.12056
0.12056
0.120468
0.120468
0.120468
0.120376
0.120376
0.120376
0.120283
0.120283
0.120283
0.120189
0.120189
0.120189
0.120095
0.120095
0.120095
0.12
0.12
0.12
0.119905
0.119905
0.119905
0.119809
0.119809
0.119809
0.119712
0.119712
0.119712
0.119616
0.119616
0.119616
0.119518
0.119518
0.119518
0.11942
0.11942
0.11942
0.119321
0.119321
0.119321
0.119222
0.119222
0.119222
0.119122
0.119122
0.119122
0.119021
0.119021
0.119021
0.11892
0.11892
0.11892
0.118818
0.118818
0.118818
0.118715
0.118715
0.118715
0.118612
0.118612
0.118612
0.118508
0.118508
0.118508
0.118403
0.118403
0.118403
0.118298
0.118298
0.118298
0.118192
0.118192
0.118192
0.118085
0.118085
0.118085
0.117977
0.117977
0.117977
0.117869
0.117869
0.117869
0.11776
0.11776
0.11776
0.11765
0.11765
0.11765
0.117539
0.117539
0.117539
0.117427
0.117427
0.117427
0.117315
0.117315
0.117315
0.117202
0.117202
0.117202
0.117088
0.117088
0.117088
0.116973
0.116973
0.116973
0.116857
0.116857
0.116857
0.11674
0.11674
0.11674
0.116623
0.116623
0.116623
0.116504
0.116504
0.116504
0.116384
0.116384
0.116384
0.116264
0.116264
0.116264
0.116142
0.116142
0.116142
0.116019
0.116019
0.116019
0.115896
0.115896
0.115896
0.115771
0.115771
0.115771
0.115645
0.115645
0.115645
0.115518
0.115518
0.115518
0.11539
0.11539
0.11539
0.11526
0.11526
0.11526
0.11513
0.11513
0.11513
0.114998
0.114998
0.114998
0.114865
0.114865
0.114865
0.114731
0.114731
0.114731
0.114595
0.114595
0.114595
0.114458
0.114458
0.114458
0.114319
0.114319
0.114319
0.114179
0.114179
0.114179
0.114038
0.114038
0.114038
0.113895
0.113895
0.113895
0.113751
0.113751
0.113751
0.113605
0.113605
0.113605
0.113457
0.113457
0.113457
0.113307
0.113307
0.113307
0.113156
0.113156
0.113156
0.113003
0.113003
0.113003
0.112848
0.112848
0.112848
0.112692
0.112692
0.112692
0.112533
0.112533
0.112533
0.112372
0.112372
0.112372
0.112209
0.112209
0.112209
0.112044
0.112044
0.112044
0.111876
0.111876
0.111876
0.111707
0.111707
0.111707
0.111534
0.111534
0.111534
0.111359
0.111359
0.111359
0.111181
0.111181
0.111181
0.111
0.111
0.111
0.110816
0.110816
0.110816
0.110628
0.110628
0.110628
0.110437
0.110437
0.110437
0.110242
0.110242
0.110242
0.110042
0.110042
0.110042
0.109838
0.109838
0.109838
0.109628
0.109628
0.109628
0.109411
0.109411
0.109411
0.109188
0.109188
0.109188
0.108957
0.108957
0.108957
0.108715
0.108715
0.108715
0.108463
0.108463
0.108463
0.108197
0.108197
0.108197
0.107916
0.107916
0.107916
0.107615
0.107615
0.107615
0.107291
0.107291
0.107291
0.10694
0.10694
0.10694
0.106556
0.106556
0.106556
0.106132
0.106132
0.106132
0.105661
0.105661
0.105661
0.105132
0.105132
0.105132
0.104537
0.104537
0.104537
0.103863
0.103863
0.103863
0.103098
0.103098
0.103098
0.102229
0.102229
0.102229
0.101243
0.101243
0.101243
0.100128
0.100128
0.100128
0.0988742
0.0988742
0.0988742
0.0974759
0.0974759
0.0974759
0.0959316
0.0959316
0.0959316
0.0942457
0.0942457
0.0942457
0.09243
0.09243
0.09243
0.0905029
0.0905029
0.0905029
0.0884896
0.0884896
0.0884896
0.0864204
0.0864204
0.0864204
0.0843287
0.0843287
0.0843287
0.0822485
0.0822485
0.0822485
0.0802122
0.0802122
0.0802122
0.0782487
0.0782487
0.0782487
0.0763814
0.0763814
0.0763814
0.0746279
0.0746279
0.0746279
0.0729995
0.0729995
0.0729995
0.071502
0.071502
0.071502
0.070136
0.070136
0.070136
0.0688984
0.0688984
0.0688984
0.067783
0.067783
0.067783
0.0667816
0.0667816
0.0667816
0.0658848
0.0658848
0.0658848
0.0650826
0.0650826
0.0650826
0.0643652
0.0643652
0.0643652
0.0637229
0.0637229
0.0637229
0.0631466
0.0631466
0.0631466
0.062628
0.062628
0.062628
0.0621596
0.0621596
0.0621596
0.0617346
0.0617346
0.0617346
0.061347
0.061347
0.061347
0.0609917
0.0609917
0.0609917
0.0606641
0.0606641
0.0606641
0.0603603
0.0603603
0.0603603
0.060077
0.060077
0.060077
0.0598113
0.0598113
0.0598113
0.0595609
0.0595609
0.0595609
0.0593235
0.0593235
0.0593235
0.0590975
0.0590975
0.0590975
0.0588813
0.0588813
0.0588813
0.0586739
0.0586739
0.0586739
0.058474
0.058474
0.058474
0.0582807
0.0582807
0.0582807
0.0580935
0.0580935
0.0580935
0.0579115
0.0579115
0.0579115
0.0577343
0.0577343
0.0577343
0.0575615
0.0575615
0.0575615
0.0573926
0.0573926
0.0573926
0.0572273
0.0572273
0.0572273
0.0570653
0.0570653
0.0570653
0.0569064
0.0569064
0.0569064
0.0567504
0.0567504
0.0567504
0.0565971
0.0565971
0.0565971
0.0564463
0.0564463
0.0564463
0.0562979
0.0562979
0.0562979
0.0561518
0.0561518
0.0561518
0.0560079
0.0560079
0.0560079
0.055866
0.055866
0.055866
0.0557262
0.0557262
0.0557262
0.0555882
0.0555882
0.0555882
0.055452
0.055452
0.055452
0.0553176
0.0553176
0.0553176
0.055185
0.055185
0.055185
0.0550539
0.0550539
0.0550539
0.0549245
0.0549245
0.0549245
0.0547965
0.0547965
0.0547965
0.0546701
0.0546701
0.0546701
0.0545451
0.0545451
0.0545451
0.0544216
0.0544216
0.0544216
0.0542994
0.0542994
0.0542994
0.0541785
0.0541785
0.0541785
0.054059
0.054059
0.054059
0.0539406
0.0539406
0.0539406
0.0538236
0.0538236
0.0538236
0.0537077
0.0537077
0.0537077
0.053593
0.053593
0.053593
0.0534794
0.0534794
0.0534794
0.053367
0.053367
0.053367
0.0532556
0.0532556
0.0532556
0.0531453
0.0531453
0.0531453
0.0530361
0.0530361
0.0530361
0.0529278
0.0529278
0.0529278
0.0528206
0.0528206
0.0528206
0.0527143
0.0527143
0.0527143
0.052609
0.052609
0.052609
0.0525046
0.0525046
0.0525046
0.0524011
0.0524011
0.0524011
0.0522985
0.0522985
0.0522985
0.0521968
0.0521968
0.0521968
0.052096
0.052096
0.052096
0.051996
0.051996
0.051996
0.0518968
0.0518968
0.0518968
0.0517984
0.0517984
0.0517984
0.0517008
0.0517008
0.0517008
0.051604
0.051604
0.051604
0.051508
0.051508
0.051508
0.0514127
0.0514127
0.0514127
0.0513182
0.0513182
0.0513182
0.0512243
0.0512243
0.0512243
0.0511312
0.0511312
0.0511312
0.0510388
0.0510388
0.0510388
0.0509471
0.0509471
0.0509471
0.050856
0.050856
0.050856
0.0507657
0.0507657
0.0507657
0.0506759
0.0506759
0.0506759
0.0505868
0.0505868
0.0505868
0.0504984
0.0504984
0.0504984
0.0504105
0.0504105
0.0504105
0.0503233
0.0503233
0.0503233
0.0502366
0.0502366
0.0502366
0.0501506
0.0501506
0.0501506
0.0500651
0.0500651
0.0500651
0.0499803
0.0499803
0.0499803
0.0498959
0.0498959
0.0498959
0.0498122
0.0498122
0.0498122
0.0497289
0.0497289
0.0497289
0.0496463
0.0496463
0.0496463
0.0495641
0.0495641
0.0495641
0.0494825
0.0494825
0.0494825
0.0494014
0.0494014
0.0494014
0.0493208
0.0493208
0.0493208
0.0492407
0.0492407
0.0492407
0.0491611
0.0491611
0.0491611
0.0490819
0.0490819
0.0490819
0.0490033
0.0490033
0.0490033
0.0489251
0.0489251
0.0489251
0.0488474
0.0488474
0.0488474
0.0487702
0.0487702
0.0487702
0.0486934
0.0486934
0.0486934
0.0486171
0.0486171
0.0486171
0.0485412
0.0485412
0.0485412
0.0484657
0.0484657
0.0484657
0.0483907
0.0483907
0.0483907
0.0483161
0.0483161
0.0483161
0.0482419
0.0482419
0.0482419
0.0481681
0.0481681
0.0481681
0.0480948
0.0480948
0.0480948
0.0480218
0.0480218
0.0480218
0.0479492
0.0479492
0.0479492
0.0478771
0.0478771
0.0478771
0.0478053
0.0478053
0.0478053
0.0477339
0.0477339
0.0477339
0.0476629
0.0476629
0.0476629
0.0475923
0.0475923
0.0475923
0.047522
0.047522
0.047522
0.0474521
0.0474521
0.0474521
0.0473826
0.0473826
0.0473826
0.0473134
0.0473134
0.0473134
0.0472446
0.0472446
0.0472446
0.0471762
0.0471762
0.0471762
0.047108
0.047108
0.047108
0.0470403
0.0470403
0.0470403
0.0469729
0.0469729
0.0469729
0.0469058
0.0469058
0.0469058
0.046839
0.046839
0.046839
0.0467727
0.0467727
0.0467727
0.0467066
0.0467066
0.0467066
0.0466409
0.0466409
0.0466409
0.0465756
0.0465756
0.0465756
0.0465107
0.0465107
0.0465107
0.0464462
0.0464462
0.0464462
0.0463821
0.0463821
0.0463821
0.0463185
0.0463185
0.0463185
0.0462555
0.0462555
0.0462555
0.0461931
0.0461931
0.0461931
0.0461315
0.0461315
0.0461315
0.0460709
0.0460709
0.0460709
0.0460116
0.0460116
0.0460116
0.045954
0.045954
0.045954
0.0458986
0.0458986
0.0458986
0.0458462
0.0458462
0.0458462
0.0457978
0.0457978
0.0457978
0.045755
0.045755
0.045755
0.0457199
0.0457199
0.0457199
0.0456955
0.0456954
0.0456955
0.0456857
0.0456856
0.0456857
