903
0.100394
0.100394
0.100394
0.100394
0.100394
0.100394
0.100394
0.100394
0.100394
0.100394
0.100394
0.100394
0.100393
0.100393
0.100393
0.100393
0.100393
0.100393
0.100393
0.100393
0.100393
0.100392
0.100392
0.100392
0.100392
0.100392
0.100392
0.100392
0.100392
0.100392
0.100391
0.100391
0.100391
0.100391
0.100391
0.100391
0.10039
0.10039
0.10039
0.10039
0.10039
0.10039
0.100389
0.100389
0.100389
0.100388
0.100388
0.100388
0.100388
0.100388
0.100388
0.100387
0.100387
0.100387
0.100387
0.100387
0.100387
0.100386
0.100386
0.100386
0.100386
0.100386
0.100386
0.100385
0.100385
0.100385
0.100384
0.100384
0.100384
0.100384
0.100384
0.100384
0.100383
0.100383
0.100383
0.100383
0.100383
0.100383
0.100382
0.100382
0.100382
0.100381
0.100381
0.100381
0.100381
0.100381
0.100381
0.10038
0.10038
0.10038
0.100379
0.100379
0.100379
0.100379
0.100379
0.100379
0.100378
0.100378
0.100378
0.100378
0.100378
0.100378
0.100377
0.100377
0.100377
0.100376
0.100376
0.100376
0.100376
0.100376
0.100376
0.100375
0.100375
0.100375
0.100374
0.100374
0.100374
0.100374
0.100374
0.100374
0.100373
0.100373
0.100373
0.100373
0.100373
0.100373
0.100372
0.100372
0.100372
0.100371
0.100371
0.100371
0.100371
0.100371
0.100371
0.10037
0.10037
0.10037
0.100369
0.100369
0.100369
0.100369
0.100369
0.100369
0.100368
0.100368
0.100368
0.100368
0.100368
0.100368
0.100367
0.100367
0.100367
0.100366
0.100366
0.100366
0.100366
0.100366
0.100366
0.100365
0.100365
0.100365
0.100364
0.100364
0.100364
0.100364
0.100364
0.100364
0.100363
0.100363
0.100363
0.100363
0.100363
0.100363
0.100362
0.100362
0.100362
0.100361
0.100361
0.100361
0.100361
0.100361
0.100361
0.10036
0.10036
0.10036
0.100359
0.100359
0.100359
0.100359
0.100359
0.100359
0.100358
0.100358
0.100358
0.100358
0.100358
0.100358
0.100357
0.100357
0.100357
0.100356
0.100356
0.100356
0.100356
0.100356
0.100356
0.100355
0.100355
0.100355
0.100354
0.100354
0.100354
0.100354
0.100354
0.100354
0.100353
0.100353
0.100353
0.100352
0.100352
0.100352
0.100351
0.100351
0.100351
0.100351
0.100351
0.100351
0.10035
0.10035
0.10035
0.100349
0.100349
0.100349
0.100349
0.100349
0.100349
0.100348
0.100348
0.100348
0.100347
0.100347
0.100347
0.100346
0.100346
0.100346
0.100345
0.100345
0.100345
0.100344
0.100344
0.100344
0.100343
0.100343
0.100343
0.100342
0.100342
0.100342
0.100341
0.100341
0.100341
0.10034
0.10034
0.10034
0.100339
0.100339
0.100339
0.100337
0.100337
0.100337
0.100336
0.100336
0.100336
0.100334
0.100334
0.100334
0.100332
0.100332
0.100332
0.10033
0.10033
0.10033
0.100328
0.100328
0.100328
0.100325
0.100325
0.100325
0.100322
0.100322
0.100322
0.100319
0.100319
0.100319
0.100316
0.100316
0.100316
0.100311
0.100311
0.100311
0.100306
0.100306
0.100306
0.100301
0.100301
0.100301
0.100295
0.100295
0.100295
0.100287
0.100287
0.100287
0.100279
0.100279
0.100279
0.100269
0.100269
0.100269
0.100258
0.100258
0.100258
0.100246
0.100246
0.100246
0.100231
0.100231
0.100231
0.100213
0.100213
0.100213
0.100193
0.100193
0.100193
0.10017
0.10017
0.10017
0.100143
0.100143
0.100143
0.100112
0.100112
0.100112
0.100076
0.100076
0.100076
0.100034
0.100034
0.100034
0.0999853
0.0999853
0.0999853
0.0999287
0.0999287
0.0999287
0.0998631
0.0998631
0.0998631
0.0997871
0.0997871
0.0997871
0.0996991
0.0996991
0.0996991
0.0995971
0.0995971
0.0995971
0.0994793
0.0994793
0.0994793
0.0993431
0.0993431
0.0993431
0.099186
0.099186
0.099186
0.0990051
0.0990051
0.0990051
0.0987971
0.0987971
0.0987971
0.0985586
0.0985586
0.0985586
0.0982856
0.0982856
0.0982856
0.097974
0.097974
0.097974
0.0976197
0.0976197
0.0976197
0.0972181
0.0972181
0.0972181
0.0967649
0.0967649
0.0967649
0.0962558
0.0962558
0.0962558
0.0956867
0.0956867
0.0956867
0.0950545
0.0950545
0.0950545
0.0943563
0.0943563
0.0943563
0.0935907
0.0935907
0.0935907
0.0927576
0.0927576
0.0927576
0.0918581
0.0918581
0.0918581
0.0908954
0.0908954
0.0908954
0.0898744
0.0898744
0.0898744
0.0888019
0.0888019
0.0888019
0.0876863
0.0876863
0.0876863
0.0865375
0.0865375
0.0865375
0.0853667
0.0853667
0.0853667
0.0841856
0.0841856
0.0841856
0.0830063
0.0830063
0.0830063
0.0818404
0.0818404
0.0818404
0.0806991
0.0806991
0.0806991
0.079592
0.079592
0.079592
0.0785279
0.0785279
0.0785279
0.0775137
0.0775137
0.0775137
0.0765546
0.0765546
0.0765546
0.0756543
0.0756543
0.0756543
0.0748151
0.0748151
0.0748151
0.0740375
0.0740375
0.0740375
0.0733213
0.0733213
0.0733213
0.0726651
0.0726651
0.0726651
0.0720665
0.0720665
0.0720665
0.071523
0.071523
0.071523
0.0710313
0.0710313
0.0710313
0.070588
0.070588
0.070588
0.0701896
0.0701896
0.0701896
0.0698325
0.0698325
0.0698325
0.0695132
0.0695132
0.0695132
0.0692283
0.0692283
0.0692283
0.0689745
0.0689745
0.0689745
0.0687489
0.0687489
0.0687489
0.0685487
0.0685487
0.0685487
0.0683712
0.0683712
0.0683712
0.0682139
0.0682139
0.0682139
0.0680748
0.0680748
0.0680748
0.0679518
0.0679518
0.0679518
0.0678432
0.0678432
0.0678432
0.0677473
0.0677473
0.0677473
0.0676628
0.0676628
0.0676628
0.0675881
0.0675881
0.0675881
0.0675224
0.0675224
0.0675224
0.0674644
0.0674644
0.0674644
0.0674133
0.0674133
0.0674133
0.0673683
0.0673683
0.0673683
0.0673287
0.0673287
0.0673287
0.0672938
0.0672938
0.0672938
0.067263
0.067263
0.067263
0.0672359
0.0672359
0.0672359
0.067212
0.067212
0.067212
0.067191
0.067191
0.067191
0.0671724
0.0671724
0.0671724
0.0671561
0.0671561
0.0671561
0.0671416
0.0671416
0.0671416
0.0671289
0.0671289
0.0671289
0.0671176
0.0671176
0.0671176
0.0671076
0.0671076
0.0671076
0.0670988
0.0670988
0.0670988
0.067091
0.067091
0.067091
0.0670841
0.0670841
0.0670841
0.0670779
0.0670779
0.0670779
0.0670724
0.0670724
0.0670724
0.0670676
0.0670676
0.0670676
0.0670632
0.0670632
0.0670632
0.0670593
0.0670593
0.0670593
0.0670558
0.0670558
0.0670558
0.0670527
0.0670527
0.0670527
0.0670499
0.0670499
0.0670499
0.0670474
0.0670474
0.0670474
0.0670451
0.0670451
0.0670451
0.067043
0.067043
0.067043
0.0670411
0.0670411
0.0670411
0.0670393
0.0670393
0.0670393
0.0670377
0.0670377
0.0670377
0.0670362
0.0670362
0.0670362
0.0670349
0.0670349
0.0670349
0.0670336
0.0670336
0.0670336
0.0670324
0.0670324
0.0670324
0.0670313
0.0670313
0.0670313
0.0670303
0.0670303
0.0670303
0.0670293
0.0670293
0.0670293
0.0670283
0.0670283
0.0670283
0.0670274
0.0670274
0.0670274
0.0670266
0.0670266
0.0670266
0.0670258
0.0670258
0.0670258
0.067025
0.067025
0.067025
0.0670242
0.0670242
0.0670242
0.0670235
0.0670235
0.0670235
0.0670227
0.0670227
0.0670227
0.067022
0.067022
0.067022
0.0670213
0.0670213
0.0670213
0.0670207
0.0670207
0.0670207
0.06702
0.06702
0.06702
0.0670193
0.0670193
0.0670193
0.0670187
0.0670187
0.0670187
0.0670181
0.0670181
0.0670181
0.0670174
0.0670174
0.0670174
0.0670168
0.0670168
0.0670168
0.0670162
0.0670162
0.0670162
0.0670156
0.0670156
0.0670156
0.067015
0.067015
0.067015
0.0670144
0.0670144
0.0670144
0.0670138
0.0670138
0.0670138
0.0670132
0.0670132
0.0670132
0.0670126
0.0670126
0.0670126
0.067012
0.067012
0.067012
0.0670114
0.0670114
0.0670114
0.0670108
0.0670108
0.0670108
0.0670102
0.0670102
0.0670102
0.0670096
0.0670096
0.0670096
0.067009
0.067009
0.067009
0.0670084
0.0670084
0.0670084
0.0670078
0.0670078
0.0670078
0.0670073
0.0670073
0.0670073
0.0670067
0.0670067
0.0670067
0.0670061
0.0670061
0.0670061
0.0670055
0.0670055
0.0670055
0.0670049
0.0670049
0.0670049
0.0670044
0.0670044
0.0670044
0.0670038
0.0670038
0.0670038
0.0670032
0.0670032
0.0670032
0.0670026
0.0670026
0.0670026
0.067002
0.067002
0.067002
0.0670015
0.0670015
0.0670015
0.0670009
0.0670009
0.0670009
0.0670003
0.0670003
0.0670003
0.0669997
0.0669997
0.0669997
0.0669992
0.0669992
0.0669992
0.0669986
0.0669986
0.0669986
0.066998
0.066998
0.066998
0.0669974
0.0669974
0.0669974
0.0669969
0.0669969
0.0669969
0.0669963
0.0669963
0.0669963
0.0669957
0.0669957
0.0669957
0.0669952
0.0669952
0.0669952
0.0669946
0.0669946
0.0669946
0.066994
0.066994
0.066994
0.0669935
0.0669935
0.0669935
0.0669929
0.0669929
0.0669929
0.0669924
0.0669924
0.0669924
0.0669918
0.0669918
0.0669918
0.0669913
0.0669913
0.0669913
0.0669907
0.0669907
0.0669907
0.0669902
0.0669902
0.0669902
0.0669897
0.0669897
0.0669897
0.0669891
0.0669891
0.0669891
0.0669886
0.0669886
0.0669886
0.0669881
0.0669881
0.0669881
0.0669876
0.0669876
0.0669876
0.0669871
0.0669871
0.0669871
0.0669866
0.0669866
0.0669866
0.0669862
0.0669862
0.0669862
0.0669857
0.0669857
0.0669857
0.0669853
0.0669853
0.0669853
0.0669849
0.0669849
0.0669849
0.0669845
0.0669845
0.0669845
0.0669841
0.0669841
0.0669841
0.0669838
0.0669838
0.0669838
0.0669835
0.0669835
0.0669835
0.0669832
0.0669832
0.0669832
0.066983
0.066983
0.066983
0.0669829
0.0669829
0.0669829
0.0669828
0.0669828
0.0669828
0.0669827
0.0669827
0.0669827
