0.106031
0.106028
0.106019
0.106006
0.105989
0.10597
0.105949
0.105926
0.105902
0.105876
0.10585
0.105823
0.105795
0.105767
0.105739
0.10571
0.105681
0.105651
0.105621
0.105592
0.105561
0.105531
0.105501
0.10547
0.10544
0.105409
0.105378
0.105347
0.105316
0.105284
0.105253
0.105221
0.10519
0.105158
0.105126
0.105094
0.105062
0.105029
0.104997
0.104965
0.104932
0.104899
0.104866
0.104833
0.1048
0.104767
0.104733
0.1047
0.104666
0.104632
0.104598
0.104564
0.10453
0.104496
0.104461
0.104426
0.104391
0.104356
0.104321
0.104286
0.104251
0.104215
0.104179
0.104143
0.104107
0.104071
0.104035
0.103998
0.103961
0.103924
0.103887
0.10385
0.103813
0.103775
0.103737
0.103699
0.103661
0.103623
0.103584
0.103545
0.103506
0.103467
0.103428
0.103388
0.103348
0.103308
0.103268
0.103227
0.103187
0.103145
0.103104
0.103062
0.10302
0.102978
0.102935
0.102892
0.102849
0.102805
0.10276
0.102715
0.10267
0.102623
0.102576
0.102528
0.102479
0.102429
0.102377
0.102324
0.102269
0.102212
0.102152
0.10209
0.102024
0.101954
0.101879
0.1018
0.101713
0.101619
0.101517
0.101404
0.101279
0.10114
0.100985
0.100811
0.100615
0.100394
0.100143
0.0998596
0.0995378
0.099173
0.0987601
0.0982934
0.0977676
0.0971772
0.0965173
0.0957837
0.0949734
0.0940845
0.0931172
0.0920737
0.0909586
0.0897789
0.0885438
0.0872647
0.0859549
0.0846286
0.0833005
0.0819851
0.0806963
0.0794464
0.0782459
0.0771034
0.0760254
0.0750161
0.0740778
0.0732112
0.0724153
0.071688
0.0710264
0.0704268
0.069885
0.0693969
0.0689579
0.0685638
0.0682102
0.0678932
0.0676091
0.0673542
0.0671254
0.0669198
0.0667347
0.0665676
0.0664165
0.0662794
0.0661546
0.0660406
0.0659361
0.0658398
0.0657508
0.0656682
0.0655911
0.0655188
0.0654508
0.0653865
0.0653254
0.0652672
0.0652114
0.0651579
0.0651063
0.0650563
0.0650079
0.0649607
0.0649147
0.0648698
0.0648258
0.0647826
0.0647401
0.0646983
0.0646571
0.0646165
0.0645763
0.0645366
0.0644974
0.0644585
0.06442
0.0643818
0.0643439
0.0643063
0.064269
0.064232
0.0641952
0.0641587
0.0641224
0.0640863
0.0640504
0.0640148
0.0639793
0.0639441
0.063909
0.0638742
0.0638395
0.063805
0.0637707
0.0637365
0.0637026
0.0636688
0.0636351
0.0636016
0.0635683
0.0635351
0.0635021
0.0634693
0.0634366
0.063404
0.0633716
0.0633394
0.0633072
0.0632753
0.0632434
0.0632117
0.0631802
0.0631487
0.0631175
0.0630863
0.0630553
0.0630244
0.0629936
0.062963
0.0629325
0.0629021
0.0628718
0.0628417
0.0628116
0.0627817
0.062752
0.0627223
0.0626927
0.0626633
0.062634
0.0626048
0.0625757
0.0625467
0.0625179
0.0624891
0.0624605
0.0624319
0.0624035
0.0623752
0.062347
0.062319
0.062291
0.0622631
0.0622354
0.0622078
0.0621804
0.062153
0.0621258
0.0620988
0.0620719
0.0620451
0.0620186
0.0619923
0.0619661
0.0619403
0.0619147
0.0618894
0.0618645
0.06184
0.0618161
0.0617927
0.06177
0.061748
0.0617271
0.0617073
0.0616888
0.0616719
0.061657
0.0616444
0.0616346
0.0616282
0.0616259
