0.101133
0.101133
0.101132
0.10113
0.101127
0.101125
0.101121
0.101118
0.101114
0.101109
0.101105
0.101101
0.101096
0.101091
0.101086
0.101081
0.101076
0.101071
0.101065
0.10106
0.101055
0.101049
0.101044
0.101039
0.101033
0.101028
0.101022
0.101017
0.101011
0.101006
0.101
0.100994
0.100989
0.100983
0.100978
0.100972
0.100966
0.100961
0.100955
0.10095
0.100944
0.100938
0.100933
0.100927
0.100921
0.100916
0.10091
0.100904
0.100898
0.100893
0.100887
0.100881
0.100876
0.10087
0.100864
0.100858
0.100853
0.100847
0.100841
0.100835
0.10083
0.100824
0.100818
0.100812
0.100806
0.100801
0.100795
0.100789
0.100783
0.100777
0.100771
0.100766
0.10076
0.100754
0.100748
0.100742
0.100736
0.10073
0.100724
0.100718
0.100712
0.100706
0.1007
0.100694
0.100688
0.100681
0.100675
0.100669
0.100662
0.100655
0.100649
0.100642
0.100635
0.100628
0.10062
0.100612
0.100604
0.100596
0.100587
0.100578
0.100568
0.100558
0.100546
0.100534
0.100521
0.100507
0.100491
0.100473
0.100454
0.100432
0.100408
0.10038
0.100349
0.100314
0.100274
0.100228
0.100176
0.100116
0.100047
0.0999676
0.0998766
0.0997719
0.0996514
0.0995129
0.0993535
0.0991705
0.0989606
0.0987201
0.0984453
0.0981318
0.0977754
0.0973716
0.0969158
0.0964036
0.0958309
0.0951943
0.0944909
0.093719
0.0928784
0.0919704
0.0909979
0.0899658
0.0888811
0.0877523
0.0865895
0.085404
0.0842079
0.0830134
0.0818326
0.0806766
0.0795557
0.0784785
0.077452
0.0764818
0.0755713
0.0747229
0.0739373
0.0732138
0.0725512
0.071947
0.0713985
0.0709024
0.0704551
0.0700531
0.0696927
0.0693703
0.0690825
0.0688259
0.0685976
0.0683946
0.0682143
0.0680543
0.0679124
0.0677865
0.067675
0.067576
0.0674883
0.0674104
0.0673413
0.0672799
0.0672252
0.0671766
0.0671332
0.0670945
0.0670598
0.0670288
0.0670008
0.0669756
0.0669529
0.0669323
0.0669135
0.0668964
0.0668807
0.0668663
0.066853
0.0668407
0.0668292
0.0668184
0.0668083
0.0667988
0.0667898
0.0667812
0.066773
0.0667652
0.0667576
0.0667503
0.0667433
0.0667364
0.0667297
0.0667232
0.0667168
0.0667105
0.0667044
0.0666983
0.0666923
0.0666864
0.0666805
0.0666748
0.066669
0.0666633
0.0666576
0.066652
0.0666464
0.0666409
0.0666353
0.0666298
0.0666243
0.0666188
0.0666134
0.0666079
0.0666025
0.0665971
0.0665917
0.0665863
0.0665809
0.0665755
0.0665701
0.0665648
0.0665594
0.0665541
0.0665487
0.0665434
0.0665381
0.0665328
0.0665275
0.0665222
0.0665169
0.0665116
0.0665063
0.0665011
0.0664958
0.0664905
0.0664853
0.06648
0.0664748
0.0664695
0.0664643
0.0664591
0.0664539
0.0664487
0.0664435
0.0664383
0.0664331
0.0664279
0.0664227
0.0664176
0.0664124
0.0664073
0.0664022
0.0663971
0.066392
0.0663869
0.0663818
0.0663768
0.0663717
0.0663667
0.0663618
0.0663568
0.0663519
0.066347
0.0663422
0.0663374
0.0663327
0.066328
0.0663234
0.0663189
0.0663144
0.0663101
0.0663059
0.0663018
0.0662979
0.0662942
0.0662906
0.0662873
0.0662843
0.0662816
0.0662792
0.0662772
0.0662758
0.0662748
0.0662744
