0.163702
0.163658
0.163556
0.163434
0.163305
0.163174
0.163042
0.162909
0.162776
0.162642
0.162508
0.162374
0.162239
0.162104
0.161968
0.161832
0.161696
0.161559
0.161422
0.161285
0.161147
0.161009
0.16087
0.160731
0.160591
0.160451
0.16031
0.16017
0.160028
0.159886
0.159744
0.159601
0.159458
0.159315
0.15917
0.159026
0.158881
0.158735
0.158589
0.158443
0.158296
0.158148
0.158
0.157852
0.157703
0.157553
0.157403
0.157253
0.157101
0.15695
0.156798
0.156645
0.156491
0.156337
0.156183
0.156028
0.155872
0.155716
0.155559
0.155402
0.155244
0.155085
0.154926
0.154766
0.154606
0.154444
0.154283
0.15412
0.153957
0.153793
0.153628
0.153463
0.153297
0.153131
0.152963
0.152795
0.152626
0.152457
0.152286
0.152115
0.151943
0.15177
0.151597
0.151423
0.151247
0.151072
0.150895
0.150717
0.150538
0.150359
0.150179
0.149997
0.149815
0.149632
0.149448
0.149263
0.149077
0.14889
0.148702
0.148513
0.148323
0.148132
0.14794
0.147746
0.147552
0.147356
0.14716
0.146962
0.146763
0.146562
0.146361
0.146158
0.145954
0.145748
0.145542
0.145333
0.145124
0.144912
0.144699
0.144483
0.144264
0.144039
0.143804
0.143553
0.143269
0.142924
0.142463
0.141783
0.140694
0.138869
0.135783
0.13072
0.122955
0.11218
0.0989567
0.0847298
0.0712226
0.0596994
0.0506504
0.0439487
0.0391714
0.0358432
0.0335534
0.0319864
0.0309141
0.0301771
0.0296661
0.0293067
0.0290489
0.0288589
0.0287144
0.0286002
0.0285063
0.028426
0.0283548
0.0282897
0.0282288
0.0281708
0.0281149
0.0280604
0.0280069
0.0279543
0.0279023
0.0278509
0.0277999
0.0277493
0.027699
0.0276492
0.0275996
0.0275504
0.0275014
0.0274528
0.0274045
0.0273564
0.0273087
0.0272612
0.027214
0.027167
0.0271204
0.027074
0.0270278
0.026982
0.0269364
0.026891
0.0268459
0.026801
0.0267564
0.026712
0.0266679
0.026624
0.0265803
0.0265369
0.0264937
0.0264507
0.0264079
0.0263654
0.0263231
0.026281
0.0262391
0.0261975
0.026156
0.0261147
0.0260737
0.0260329
0.0259923
0.0259518
0.0259116
0.0258716
0.0258317
0.0257921
0.0257526
0.0257134
0.0256743
0.0256354
0.0255967
0.0255582
0.0255198
0.0254817
0.0254437
0.0254059
0.0253682
0.0253308
0.0252935
0.0252564
0.0252194
0.0251826
0.025146
0.0251096
0.0250733
0.0250371
0.0250011
0.0249653
0.0249296
0.0248941
0.0248588
0.0248236
0.0247885
0.0247536
0.0247189
0.0246843
0.0246498
0.0246155
0.0245813
0.0245473
0.0245134
0.0244797
0.024446
0.0244126
0.0243793
0.0243461
0.024313
0.0242801
0.0242473
0.0242146
0.0241821
0.0241497
0.0241174
0.0240852
0.0240532
0.0240213
0.0239896
0.0239579
0.0239264
0.023895
0.0238637
0.0238326
0.0238015
0.0237706
0.0237398
0.0237091
0.0236785
0.0236481
0.0236177
0.0235875
0.0235574
0.0235274
0.0234975
0.0234677
0.023438
0.0234084
0.023379
0.0233496
0.0233204
0.0232912
0.0232622
0.0232333
0.0232045
0.0231758
0.0231472
0.0231187
0.0230904
0.0230623
0.0230344
0.0230069
0.0229798
0.0229535
0.0229284
0.0229053
0.0228854
0.0228708
0.0228652
