0.164105
0.164061
0.163959
0.163839
0.163712
0.163583
0.163453
0.163322
0.163191
0.163059
0.162927
0.162795
0.162663
0.16253
0.162396
0.162263
0.162129
0.161994
0.161859
0.161724
0.161589
0.161453
0.161316
0.161179
0.161042
0.160905
0.160767
0.160628
0.160489
0.16035
0.16021
0.16007
0.15993
0.159789
0.159647
0.159506
0.159363
0.159221
0.159077
0.158934
0.158789
0.158645
0.1585
0.158354
0.158208
0.158062
0.157915
0.157767
0.157619
0.157471
0.157322
0.157172
0.157022
0.156871
0.15672
0.156569
0.156416
0.156264
0.15611
0.155956
0.155802
0.155647
0.155491
0.155335
0.155178
0.155021
0.154863
0.154704
0.154545
0.154385
0.154225
0.154064
0.153902
0.15374
0.153576
0.153413
0.153248
0.153083
0.152917
0.152751
0.152583
0.152415
0.152247
0.152077
0.151907
0.151736
0.151564
0.151392
0.151218
0.151044
0.150869
0.150693
0.150517
0.150339
0.150161
0.149982
0.149802
0.149621
0.149439
0.149256
0.149072
0.148887
0.148702
0.148515
0.148327
0.148139
0.147949
0.147758
0.147566
0.147373
0.147179
0.146984
0.146787
0.14659
0.146391
0.14619
0.145986
0.145779
0.145565
0.145338
0.145088
0.144792
0.144404
0.143835
0.142913
0.141324
0.138537
0.133776
0.1262
0.1154
0.101985
0.0875903
0.0740906
0.0627379
0.0539097
0.0473832
0.0426992
0.0393892
0.0370656
0.035436
0.0342895
0.0334777
0.032897
0.0324757
0.0321641
0.0319282
0.0317444
0.0315965
0.0314734
0.0313674
0.0312733
0.0311875
0.0311076
0.0310317
0.0309589
0.0308883
0.0308193
0.0307517
0.0306851
0.0306193
0.0305543
0.03049
0.0304262
0.0303631
0.0303004
0.0302383
0.0301766
0.0301154
0.0300547
0.0299944
0.0299346
0.0298752
0.0298162
0.0297577
0.0296995
0.0296418
0.0295844
0.0295275
0.0294709
0.0294147
0.0293589
0.0293035
0.0292484
0.0291937
0.0291394
0.0290854
0.0290317
0.0289784
0.0289255
0.0288728
0.0288205
0.0287686
0.0287169
0.0286655
0.0286145
0.0285638
0.0285134
0.0284633
0.0284134
0.0283639
0.0283147
0.0282657
0.0282171
0.0281687
0.0281206
0.0280728
0.0280252
0.0279779
0.0279309
0.0278841
0.0278376
0.0277913
0.0277453
0.0276996
0.0276541
0.0276088
0.0275638
0.027519
0.0274745
0.0274302
0.0273861
0.0273422
0.0272986
0.0272552
0.027212
0.0271691
0.0271264
0.0270838
0.0270415
0.0269994
0.0269575
0.0269159
0.0268744
0.0268331
0.026792
0.0267512
0.0267105
0.02667
0.0266297
0.0265896
0.0265497
0.02651
0.0264705
0.0264311
0.0263919
0.026353
0.0263142
0.0262755
0.0262371
0.0261988
0.0261607
0.0261228
0.026085
0.0260474
0.02601
0.0259727
0.0259356
0.0258987
0.0258619
0.0258253
0.0257888
0.0257525
0.0257164
0.0256804
0.0256446
0.0256089
0.0255734
0.025538
0.0255027
0.0254676
0.0254327
0.0253979
0.0253632
0.0253287
0.0252944
0.0252601
0.025226
0.0251921
0.0251583
0.0251246
0.025091
0.0250576
0.0250243
0.0249912
0.0249582
0.0249253
0.0248925
0.0248599
0.0248275
0.0247952
0.0247631
0.0247312
0.0246997
0.0246685
0.0246379
0.0246083
0.02458
0.024554
0.0245318
0.0245155
0.0245093
