0.16513
0.165087
0.164988
0.164871
0.164749
0.164625
0.1645
0.164374
0.164248
0.164122
0.163995
0.163868
0.163741
0.163613
0.163485
0.163357
0.163228
0.163099
0.16297
0.162841
0.162711
0.16258
0.16245
0.162319
0.162187
0.162056
0.161924
0.161791
0.161659
0.161526
0.161392
0.161258
0.161124
0.16099
0.160855
0.160719
0.160584
0.160447
0.160311
0.160174
0.160037
0.159899
0.159761
0.159622
0.159483
0.159344
0.159204
0.159064
0.158924
0.158783
0.158641
0.158499
0.158357
0.158214
0.158071
0.157927
0.157783
0.157638
0.157493
0.157348
0.157202
0.157055
0.156908
0.156761
0.156613
0.156464
0.156315
0.156166
0.156016
0.155865
0.155714
0.155563
0.155411
0.155258
0.155105
0.154951
0.154797
0.154642
0.154486
0.15433
0.154174
0.154017
0.153859
0.1537
0.153541
0.153382
0.153222
0.153061
0.152899
0.152737
0.152574
0.152411
0.152247
0.152082
0.151917
0.15175
0.151583
0.151416
0.151248
0.151078
0.150908
0.150737
0.150564
0.150388
0.150205
0.15001
0.149787
0.149503
0.149084
0.148374
0.147059
0.144565
0.140068
0.13287
0.123155
0.112187
0.101449
0.0918425
0.0836567
0.0768462
0.0712392
0.0666386
0.0628618
0.0597531
0.0571842
0.0550512
0.0532707
0.0517759
0.050513
0.0494389
0.0485188
0.0477246
0.0470337
0.0464276
0.0458913
0.0454128
0.0449821
0.0445912
0.0442335
0.0439037
0.0435973
0.0433109
0.0430415
0.0427868
0.0425448
0.0423138
0.0420926
0.04188
0.0416751
0.0414772
0.0412855
0.0410996
0.040919
0.0407433
0.040572
0.040405
0.0402419
0.0400825
0.0399267
0.0397741
0.0396247
0.0394782
0.0393346
0.0391936
0.0390553
0.0389194
0.038786
0.0386547
0.0385257
0.0383988
0.0382738
0.0381509
0.0380298
0.0379106
0.0377931
0.0376772
0.0375631
0.0374505
0.0373395
0.0372299
0.0371219
0.0370152
0.0369099
0.0368059
0.0367032
0.0366018
0.0365015
0.0364025
0.0363046
0.0362079
0.0361123
0.0360177
0.0359242
0.0358317
0.0357402
0.0356496
0.0355601
0.0354714
0.0353837
0.0352968
0.0352108
0.0351257
0.0350414
0.0349579
0.0348753
0.0347933
0.0347122
0.0346318
0.0345522
0.0344732
0.034395
0.0343175
0.0342407
0.0341645
0.0340889
0.0340141
0.0339398
0.0338662
0.0337932
0.0337208
0.0336489
0.0335777
0.033507
0.0334369
0.0333673
0.0332983
0.0332298
0.0331618
0.0330944
0.0330274
0.0329609
0.032895
0.0328295
0.0327645
0.0327
0.0326359
0.0325723
0.0325091
0.0324464
0.0323841
0.0323222
0.0322608
0.0321997
0.0321391
0.0320789
0.0320191
0.0319597
0.0319007
0.031842
0.0317838
0.0317259
0.0316683
0.0316112
0.0315544
0.0314979
0.0314418
0.0313861
0.0313307
0.0312756
0.0312208
0.0311664
0.0311124
0.0310586
0.0310052
0.030952
0.0308992
0.0308467
0.0307944
0.0307425
0.0306909
0.0306395
0.0305885
0.0305377
0.0304872
0.030437
0.0303871
0.0303374
0.0302881
0.0302389
0.0301901
0.0301415
0.0300931
0.0300451
0.0299973
0.0299497
0.0299024
0.0298554
0.0298086
0.0297621
0.029716
0.0296702
0.0296249
0.0295801
0.0295361
0.0294931
0.0294516
0.0294124
0.0293767
0.0293465
0.0293248
0.0293165
