# Caso  c_bar  inter  rho_l  rho_g  c_l  c_g
#0  0.500  21.00000  0.04179470  0.04178900  0.50153640  0.50146800
#1  0.600  nan  0.05037530  0.05034010  0.60450360  0.60408120
2  0.700  65.50564  0.13779800  0.03718950  1.65357600  0.44627400
3  0.800  89.76959  0.13785800  0.03686110  1.65429600  0.44233320
4  0.900  114.03217  0.13767300  0.03697120  1.65207600  0.44365440
5  1.000  138.60474  0.13782100  0.03724330  1.65385200  0.44691960
6  1.100  162.74388  0.13785200  0.03685030  1.65422400  0.44220360
7  1.200  187.19014  0.13771700  0.03703630  1.65260400  0.44443560
8  1.300  211.29869  0.13774500  0.03708570  1.65294000  0.44502840
9  1.400  236.00628  0.13766600  0.03696130  1.65199200  0.44353560
#10  1.500  14.00000  0.12524700  0.12523900  1.50296400  1.50286800
