1803
0.16416
0.16416
0.16416
0.164138
0.164138
0.164138
0.164088
0.164088
0.164088
0.164028
0.164028
0.164028
0.163965
0.163965
0.163965
0.1639
0.1639
0.1639
0.163836
0.163836
0.163836
0.163771
0.163771
0.163771
0.163706
0.163706
0.163706
0.163641
0.163641
0.163641
0.163576
0.163576
0.163576
0.163511
0.163511
0.163511
0.163445
0.163445
0.163445
0.16338
0.16338
0.16338
0.163315
0.163315
0.163315
0.163249
0.163249
0.163249
0.163183
0.163183
0.163183
0.163118
0.163118
0.163118
0.163052
0.163052
0.163052
0.162986
0.162986
0.162986
0.16292
0.16292
0.16292
0.162854
0.162854
0.162854
0.162788
0.162788
0.162788
0.162721
0.162721
0.162721
0.162655
0.162655
0.162655
0.162589
0.162589
0.162589
0.162522
0.162522
0.162522
0.162455
0.162455
0.162455
0.162389
0.162389
0.162389
0.162322
0.162322
0.162322
0.162255
0.162255
0.162255
0.162188
0.162188
0.162188
0.162121
0.162121
0.162121
0.162054
0.162054
0.162054
0.161986
0.161986
0.161986
0.161919
0.161919
0.161919
0.161852
0.161852
0.161852
0.161784
0.161784
0.161784
0.161716
0.161716
0.161716
0.161649
0.161649
0.161649
0.161581
0.161581
0.161581
0.161513
0.161513
0.161513
0.161445
0.161445
0.161445
0.161377
0.161377
0.161377
0.161308
0.161308
0.161308
0.16124
0.16124
0.16124
0.161171
0.161171
0.161171
0.161103
0.161103
0.161103
0.161034
0.161034
0.161034
0.160965
0.160965
0.160965
0.160897
0.160897
0.160897
0.160828
0.160828
0.160828
0.160759
0.160759
0.160759
0.160689
0.160689
0.160689
0.16062
0.16062
0.16062
0.160551
0.160551
0.160551
0.160481
0.160481
0.160481
0.160412
0.160412
0.160412
0.160342
0.160342
0.160342
0.160272
0.160272
0.160272
0.160202
0.160202
0.160202
0.160132
0.160132
0.160132
0.160062
0.160062
0.160062
0.159992
0.159992
0.159992
0.159921
0.159921
0.159921
0.159851
0.159851
0.159851
0.15978
0.15978
0.15978
0.15971
0.15971
0.15971
0.159639
0.159639
0.159639
0.159568
0.159568
0.159568
0.159497
0.159497
0.159497
0.159426
0.159426
0.159426
0.159355
0.159355
0.159355
0.159283
0.159283
0.159283
0.159212
0.159212
0.159212
0.15914
0.15914
0.15914
0.159069
0.159069
0.159069
0.158997
0.158997
0.158997
0.158925
0.158925
0.158925
0.158853
0.158853
0.158853
0.158781
0.158781
0.158781
0.158708
0.158708
0.158708
0.158636
0.158636
0.158636
0.158564
0.158564
0.158564
0.158491
0.158491
0.158491
0.158418
0.158418
0.158418
0.158345
0.158345
0.158345
0.158272
0.158272
0.158272
0.158199
0.158199
0.158199
0.158126
0.158126
0.158126
0.158053
0.158053
0.158053
0.157979
0.157979
0.157979
0.157906
0.157906
0.157906
0.157832
0.157832
0.157832
0.157758
0.157758
0.157758
0.157684
0.157684
0.157684
0.15761
0.15761
0.15761
0.157536
0.157536
0.157536
0.157461
0.157461
0.157461
0.157387
0.157387
0.157387
0.157312
0.157312
0.157312
0.157238
0.157238
0.157238
0.157163
0.157163
0.157163
0.157088
0.157088
0.157088
0.157013
0.157013
0.157013
0.156937
0.156937
0.156937
0.156862
0.156862
0.156862
0.156787
0.156787
0.156787
0.156711
0.156711
0.156711
0.156635
0.156635
0.156635
0.156559
0.156559
0.156559
0.156483
0.156483
0.156483
0.156407
0.156407
0.156407
0.156331
0.156331
0.156331
0.156254
0.156254
0.156254
0.156177
0.156177
0.156177
0.156101
0.156101
0.156101
0.156024
0.156024
0.156024
0.155947
0.155947
0.155947
0.155869
0.155869
0.155869
0.155792
0.155792
0.155792
0.155715
0.155715
0.155715
0.155637
0.155637
0.155637
0.155559
0.155559
0.155559
0.155482
0.155482
0.155482
0.155404
0.155404
0.155404
0.155325
0.155325
0.155325
0.155247
0.155247
0.155247
0.155168
0.155168
0.155168
0.15509
0.15509
0.15509
0.155011
0.155011
0.155011
0.154932
0.154932
0.154932
0.154853
0.154853
0.154853
0.154774
0.154774
0.154774
0.154694
0.154694
0.154694
0.154615
0.154615
0.154615
0.154535
0.154535
0.154535
0.154455
0.154455
0.154455
0.154375
0.154375
0.154375
0.154295
0.154295
0.154295
0.154215
0.154215
0.154215
0.154134
0.154134
0.154134
0.154053
0.154053
0.154053
0.153972
0.153972
0.153972
0.153891
0.153891
0.153891
0.15381
0.15381
0.15381
0.153729
0.153729
0.153729
0.153648
0.153648
0.153648
0.153566
0.153566
0.153566
0.153484
0.153484
0.153484
0.153402
0.153402
0.153402
0.15332
0.15332
0.15332
0.153238
0.153238
0.153238
0.153155
0.153155
0.153155
0.153072
0.153072
0.153072
0.152989
0.152989
0.152989
0.152906
0.152906
0.152906
0.152823
0.152823
0.152823
0.15274
0.15274
0.15274
0.152656
0.152656
0.152656
0.152572
0.152572
0.152572
0.152488
0.152488
0.152488
0.152404
0.152404
0.152404
0.15232
0.15232
0.15232
0.152236
0.152236
0.152236
0.152151
0.152151
0.152151
0.152066
0.152066
0.152066
0.151981
0.151981
0.151981
0.151896
0.151896
0.151896
0.15181
0.15181
0.15181
0.151725
0.151725
0.151725
0.151639
0.151639
0.151639
0.151553
0.151553
0.151553
0.151467
0.151467
0.151467
0.15138
0.15138
0.15138
0.151294
0.151294
0.151294
0.151207
0.151207
0.151207
0.15112
0.15112
0.15112
0.151033
0.151033
0.151033
0.150945
0.150945
0.150945
0.150858
0.150858
0.150858
0.15077
0.15077
0.15077
0.150682
0.150682
0.150682
0.150593
0.150593
0.150593
0.150505
0.150505
0.150505
0.150416
0.150416
0.150416
0.150327
0.150327
0.150327
0.150238
0.150238
0.150238
0.150149
0.150149
0.150149
0.15006
0.15006
0.15006
0.14997
0.14997
0.14997
0.14988
0.14988
0.14988
0.14979
0.14979
0.14979
0.149699
0.149699
0.149699
0.149609
0.149609
0.149609
0.149518
0.149518
0.149518
0.149427
0.149427
0.149427
0.149335
0.149335
0.149335
0.149244
0.149244
0.149244
0.149152
0.149152
0.149152
0.14906
0.14906
0.14906
0.148967
0.148967
0.148967
0.148875
0.148875
0.148875
0.148782
0.148782
0.148782
0.148689
0.148689
0.148689
0.148596
0.148596
0.148596
0.148502
0.148502
0.148502
0.148409
0.148409
0.148409
0.148315
0.148315
0.148315
0.14822
0.14822
0.14822
0.148126
0.148126
0.148126
0.148031
0.148031
0.148031
0.147936
0.147936
0.147936
0.147841
0.147841
0.147841
0.147745
0.147745
0.147745
0.147649
0.147649
0.147649
0.147553
0.147553
0.147553
0.147457
0.147457
0.147457
0.14736
0.14736
0.14736
0.147263
0.147263
0.147263
0.147166
0.147166
0.147166
0.147069
0.147069
0.147069
0.146971
0.146971
0.146971
0.146873
0.146873
0.146873
0.146774
0.146774
0.146774
0.146676
0.146676
0.146676
0.146577
0.146577
0.146577
0.146478
0.146478
0.146478
0.146378
0.146378
0.146378
0.146278
0.146278
0.146278
0.146178
0.146178
0.146178
0.146078
0.146078
0.146078
0.145977
0.145977
0.145977
0.145876
0.145876
0.145876
0.145775
0.145775
0.145775
0.145673
0.145673
0.145673
0.145571
0.145571
0.145571
0.145469
0.145469
0.145469
0.145366
0.145366
0.145366
0.145263
0.145263
0.145263
0.14516
0.14516
0.14516
0.145056
0.145056
0.145056
0.144952
0.144952
0.144952
0.144848
0.144848
0.144848
0.144743
0.144743
0.144743
0.144637
0.144637
0.144637
0.144531
0.144531
0.144531
0.144423
0.144423
0.144423
0.144313
0.144313
0.144313
0.144199
0.144199
0.144199
0.144076
0.144076
0.144076
0.143937
0.143937
0.143937
0.143766
0.143766
0.143766
0.143532
0.143532
0.143532
0.143174
0.143174
0.143174
0.142576
0.142576
0.142576
0.141519
0.141519
0.141519
0.139618
0.139618
0.139618
0.136258
0.136258
0.136258
0.130623
0.130623
0.130623
0.121988
0.121988
0.121988
0.110282
0.110282
0.110282
0.0965129
0.0965129
0.0965129
0.0824673
0.0824673
0.0824673
0.069824
0.069824
0.069824
0.0594956
0.0594956
0.0594956
0.0516083
0.0516083
0.0516083
0.0458356
0.0458356
0.0458356
0.041713
0.041713
0.041713
0.0388065
0.0388065
0.0388065
0.0367692
0.0367692
0.0367692
0.0353432
0.0353432
0.0353432
0.0343436
0.0343436
0.0343436
0.0336403
0.0336403
0.0336403
0.0331422
0.0331422
0.0331422
0.0327864
0.0327864
0.0327864
0.0325289
0.0325289
0.0325289
0.0323394
0.0323394
0.0323394
0.0321969
0.0321969
0.0321969
0.0320871
0.0320871
0.0320871
0.0319997
0.0319997
0.0319997
0.0319278
0.0319278
0.0319278
0.0318668
0.0318668
0.0318668
0.0318133
0.0318133
0.0318133
0.0317649
0.0317649
0.0317649
0.0317202
0.0317202
0.0317202
0.031678
0.031678
0.031678
0.0316376
0.0316376
0.0316376
0.0315985
0.0315985
0.0315985
0.0315604
0.0315604
0.0315604
0.0315229
0.0315229
0.0315229
0.031486
0.031486
0.031486
0.0314494
0.0314494
0.0314494
0.0314132
0.0314132
0.0314132
0.0313773
0.0313773
0.0313773
0.0313416
0.0313416
0.0313416
0.0313061
0.0313061
0.0313061
0.0312708
0.0312708
0.0312708
0.0312357
0.0312357
0.0312357
0.0312008
0.0312008
0.0312008
0.031166
0.031166
0.031166
0.0311314
0.0311314
0.0311314
0.0310969
0.0310969
0.0310969
0.0310625
0.0310625
0.0310625
0.0310284
0.0310284
0.0310284
0.0309943
0.0309943
0.0309943
0.0309604
0.0309604
0.0309604
0.0309267
0.0309267
0.0309267
0.0308931
0.0308931
0.0308931
0.0308596
0.0308596
0.0308596
0.0308262
0.0308262
0.0308262
0.030793
0.030793
0.030793
0.03076
0.03076
0.03076
0.030727
0.030727
0.030727
0.0306942
0.0306942
0.0306942
0.0306616
0.0306616
0.0306616
0.030629
0.030629
0.030629
0.0305966
0.0305966
0.0305966
0.0305643
0.0305643
0.0305643
0.0305321
0.0305321
0.0305321
0.0305001
0.0305001
0.0305001
0.0304682
0.0304682
0.0304682
0.0304364
0.0304364
0.0304364
0.0304048
0.0304048
0.0304048
0.0303732
0.0303732
0.0303732
0.0303418
0.0303418
0.0303418
0.0303105
0.0303105
0.0303105
0.0302793
0.0302793
0.0302793
0.0302482
0.0302482
0.0302482
0.0302173
0.0302173
0.0302173
0.0301865
0.0301865
0.0301865
0.0301557
0.0301557
0.0301557
0.0301251
0.0301251
0.0301251
0.0300946
0.0300946
0.0300946
0.0300643
0.0300643
0.0300643
0.030034
0.030034
0.030034
0.0300039
0.0300039
0.0300039
0.0299738
0.0299738
0.0299738
0.0299439
0.0299439
0.0299439
0.029914
0.029914
0.029914
0.0298843
0.0298843
0.0298843
0.0298547
0.0298547
0.0298547
0.0298252
0.0298252
0.0298252
0.0297958
0.0297958
0.0297958
0.0297665
0.0297665
0.0297665
0.0297373
0.0297373
0.0297373
0.0297082
0.0297082
0.0297082
0.0296792
0.0296792
0.0296792
0.0296503
0.0296503
0.0296503
0.0296215
0.0296215
0.0296215
0.0295928
0.0295928
0.0295928
0.0295642
0.0295642
0.0295642
0.0295357
0.0295357
0.0295357
0.0295073
0.0295073
0.0295073
0.029479
0.029479
0.029479
0.0294508
0.0294508
0.0294508
0.0294227
0.0294227
0.0294227
0.0293947
0.0293947
0.0293947
0.0293667
0.0293667
0.0293667
0.0293389
0.0293389
0.0293389
0.0293112
0.0293112
0.0293112
0.0292835
0.0292835
0.0292835
0.029256
0.029256
0.029256
0.0292285
0.0292285
0.0292285
0.0292011
0.0292011
0.0292011
0.0291739
0.0291739
0.0291739
0.0291467
0.0291467
0.0291467
0.0291196
0.0291196
0.0291196
0.0290925
0.0290925
0.0290925
0.0290656
0.0290656
0.0290656
0.0290388
0.0290388
0.0290388
0.029012
0.029012
0.029012
0.0289853
0.0289853
0.0289853
0.0289587
0.0289587
0.0289587
0.0289322
0.0289322
0.0289322
0.0289058
0.0289058
0.0289058
0.0288795
0.0288795
0.0288795
0.0288532
0.0288532
0.0288532
0.0288271
0.0288271
0.0288271
0.028801
0.028801
0.028801
0.0287749
0.0287749
0.0287749
0.028749
0.028749
0.028749
0.0287232
0.0287232
0.0287232
0.0286974
0.0286974
0.0286974
0.0286717
0.0286717
0.0286717
0.0286461
0.0286461
0.0286461
0.0286206
0.0286206
0.0286206
0.0285951
0.0285951
0.0285951
0.0285697
0.0285697
0.0285697
0.0285444
0.0285444
0.0285444
0.0285192
0.0285192
0.0285192
0.028494
0.028494
0.028494
0.028469
0.028469
0.028469
0.028444
0.028444
0.028444
0.028419
0.028419
0.028419
0.0283942
0.0283942
0.0283942
0.0283694
0.0283694
0.0283694
0.0283447
0.0283447
0.0283447
0.0283201
0.0283201
0.0283201
0.0282955
0.0282955
0.0282955
0.028271
0.028271
0.028271
0.0282466
0.0282466
0.0282466
0.0282223
0.0282223
0.0282223
0.028198
0.028198
0.028198
0.0281738
0.0281738
0.0281738
0.0281496
0.0281496
0.0281496
0.0281256
0.0281256
0.0281256
0.0281015
0.0281015
0.0281015
0.0280776
0.0280776
0.0280776
0.0280538
0.0280538
0.0280538
0.02803
0.02803
0.02803
0.0280062
0.0280062
0.0280062
0.0279826
0.0279826
0.0279826
0.027959
0.027959
0.027959
0.0279354
0.0279354
0.0279354
0.027912
0.027912
0.027912
0.0278886
0.0278886
0.0278886
0.0278652
0.0278652
0.0278652
0.027842
0.027842
0.027842
0.0278188
0.0278188
0.0278188
0.0277956
0.0277956
0.0277956
0.0277725
0.0277725
0.0277725
0.0277495
0.0277495
0.0277495
0.0277266
0.0277266
0.0277266
0.0277037
0.0277037
0.0277037
0.0276809
0.0276809
0.0276809
0.0276581
0.0276581
0.0276581
0.0276354
0.0276354
0.0276354
0.0276127
0.0276127
0.0276127
0.0275901
0.0275901
0.0275901
0.0275676
0.0275676
0.0275676
0.0275452
0.0275452
0.0275452
0.0275228
0.0275228
0.0275228
0.0275004
0.0275004
0.0275004
0.0274781
0.0274781
0.0274781
0.0274559
0.0274559
0.0274559
0.0274337
0.0274337
0.0274337
0.0274116
0.0274116
0.0274116
0.0273896
0.0273896
0.0273896
0.0273676
0.0273676
0.0273676
0.0273456
0.0273456
0.0273456
0.0273238
0.0273238
0.0273238
0.0273019
0.0273019
0.0273019
0.0272802
0.0272802
0.0272802
0.0272585
0.0272585
0.0272585
0.0272368
0.0272368
0.0272368
0.0272152
0.0272152
0.0272152
0.0271937
0.0271937
0.0271937
0.0271722
0.0271722
0.0271722
0.0271508
0.0271508
0.0271508
0.0271294
0.0271294
0.0271294
0.027108
0.027108
0.027108
0.0270868
0.0270868
0.0270868
0.0270655
0.0270655
0.0270655
0.0270444
0.0270444
0.0270444
0.0270233
0.0270233
0.0270233
0.0270022
0.0270022
0.0270022
0.0269812
0.0269812
0.0269812
0.0269602
0.0269602
0.0269602
0.0269393
0.0269393
0.0269393
0.0269185
0.0269185
0.0269185
0.0268977
0.0268977
0.0268977
0.0268769
0.0268769
0.0268769
0.0268562
0.0268562
0.0268562
0.0268356
0.0268356
0.0268356
0.026815
0.026815
0.026815
0.0267944
0.0267944
0.0267944
0.0267739
0.0267739
0.0267739
0.0267535
0.0267535
0.0267535
0.0267331
0.0267331
0.0267331
0.0267128
0.0267128
0.0267128
0.0266925
0.0266925
0.0266925
0.0266722
0.0266722
0.0266722
0.026652
0.026652
0.026652
0.0266318
0.0266318
0.0266318
0.0266117
0.0266117
0.0266117
0.0265917
0.0265917
0.0265917
0.0265717
0.0265717
0.0265717
0.0265517
0.0265517
0.0265517
0.0265318
0.0265318
0.0265318
0.0265119
0.0265119
0.0265119
0.0264921
0.0264921
0.0264921
0.0264723
0.0264723
0.0264723
0.0264526
0.0264526
0.0264526
0.0264329
0.0264329
0.0264329
0.0264133
0.0264133
0.0264133
0.0263937
0.0263937
0.0263937
0.0263741
0.0263741
0.0263741
0.0263546
0.0263546
0.0263546
0.0263351
0.0263351
0.0263351
0.0263157
0.0263157
0.0263157
0.0262964
0.0262964
0.0262964
0.026277
0.026277
0.026277
0.0262578
0.0262578
0.0262578
0.0262385
0.0262385
0.0262385
0.0262193
0.0262193
0.0262193
0.0262002
0.0262002
0.0262002
0.0261811
0.0261811
0.0261811
0.026162
0.026162
0.026162
0.026143
0.026143
0.026143
0.026124
0.026124
0.026124
0.0261051
0.0261051
0.0261051
0.0260862
0.0260862
0.0260862
0.0260674
0.0260674
0.0260674
0.0260486
0.0260486
0.0260486
0.0260298
0.0260298
0.0260298
0.0260111
0.0260111
0.0260111
0.0259924
0.0259924
0.0259924
0.0259737
0.0259737
0.0259737
0.0259551
0.0259551
0.0259551
0.0259366
0.0259366
0.0259366
0.0259181
0.0259181
0.0259181
0.0258996
0.0258996
0.0258996
0.0258812
0.0258812
0.0258812
0.0258628
0.0258628
0.0258628
0.0258444
0.0258444
0.0258444
0.0258261
0.0258261
0.0258261
0.0258078
0.0258078
0.0258078
0.0257896
0.0257896
0.0257896
0.0257714
0.0257714
0.0257714
0.0257532
0.0257532
0.0257532
0.0257351
0.0257351
0.0257351
0.025717
0.025717
0.025717
0.025699
0.025699
0.025699
0.025681
0.025681
0.025681
0.025663
0.025663
0.025663
0.0256451
0.0256451
0.0256451
0.0256272
0.0256272
0.0256272
0.0256094
0.0256094
0.0256094
0.0255915
0.0255915
0.0255915
0.0255738
0.0255738
0.0255738
0.025556
0.025556
0.025556
0.0255383
0.0255383
0.0255383
0.0255207
0.0255207
0.0255207
0.025503
0.025503
0.025503
0.0254855
0.0254855
0.0254855
0.0254679
0.0254679
0.0254679
0.0254504
0.0254504
0.0254504
0.0254329
0.0254329
0.0254329
0.0254155
0.0254155
0.0254155
0.0253981
0.0253981
0.0253981
0.0253807
0.0253807
0.0253807
0.0253634
0.0253634
0.0253634
0.0253461
0.0253461
0.0253461
0.0253288
0.0253288
0.0253288
0.0253116
0.0253116
0.0253116
0.0252944
0.0252944
0.0252944
0.0252772
0.0252772
0.0252772
0.0252601
0.0252601
0.0252601
0.025243
0.025243
0.025243
0.0252259
0.0252259
0.0252259
0.0252089
0.0252089
0.0252089
0.0251919
0.0251919
0.0251919
0.025175
0.025175
0.025175
0.0251581
0.0251581
0.0251581
0.0251412
0.0251412
0.0251412
0.0251243
0.0251243
0.0251243
0.0251075
0.0251075
0.0251075
0.0250907
0.0250907
0.0250907
0.025074
0.025074
0.025074
0.0250573
0.0250573
0.0250573
0.0250406
0.0250406
0.0250406
0.0250239
0.0250239
0.0250239
0.0250073
0.0250073
0.0250073
0.0249908
0.0249908
0.0249908
0.0249742
0.0249742
0.0249742
0.0249577
0.0249577
0.0249577
0.0249412
0.0249412
0.0249412
0.0249247
0.0249247
0.0249247
0.0249083
0.0249083
0.0249083
0.0248919
0.0248919
0.0248919
0.0248756
0.0248756
0.0248756
0.0248593
0.0248593
0.0248593
0.024843
0.024843
0.024843
0.0248267
0.0248267
0.0248267
0.0248105
0.0248105
0.0248105
0.0247943
0.0247943
0.0247943
0.0247781
0.0247781
0.0247781
0.024762
0.024762
0.024762
0.0247459
0.0247459
0.0247459
0.0247298
0.0247298
0.0247298
0.0247138
0.0247138
0.0247138
0.0246977
0.0246977
0.0246977
0.0246818
0.0246818
0.0246818
0.0246658
0.0246658
0.0246658
0.0246499
0.0246499
0.0246499
0.024634
0.024634
0.024634
0.0246182
0.0246182
0.0246182
0.0246024
0.0246024
0.0246024
0.0245866
0.0245866
0.0245866
0.0245709
0.0245709
0.0245709
0.0245553
0.0245553
0.0245553
0.0245398
0.0245398
0.0245398
0.0245245
0.0245245
0.0245245
0.0245094
0.0245094
0.0245094
0.0244948
0.0244948
0.0244948
0.0244808
0.0244808
0.0244808
0.024468
0.024468
0.024468
0.0244569
0.0244569
0.0244569
0.0244489
0.0244489
0.0244489
0.0244458
0.0244458
0.0244458
