0.164105
0.164061
0.163959
0.163839
0.163712
0.163583
0.163453
0.163322
0.163191
0.163059
0.162927
0.162795
0.162663
0.16253
0.162396
0.162263
0.162129
0.161994
0.161859
0.161724
0.161589
0.161453
0.161316
0.161179
0.161042
0.160905
0.160767
0.160628
0.160489
0.16035
0.16021
0.16007
0.15993
0.159789
0.159647
0.159506
0.159363
0.159221
0.159077
0.158934
0.158789
0.158645
0.1585
0.158354
0.158208
0.158062
0.157915
0.157767
0.157619
0.157471
0.157322
0.157172
0.157022
0.156871
0.15672
0.156569
0.156416
0.156264
0.15611
0.155956
0.155802
0.155647
0.155491
0.155335
0.155178
0.155021
0.154863
0.154704
0.154545
0.154385
0.154225
0.154064
0.153902
0.15374
0.153576
0.153413
0.153248
0.153083
0.152917
0.152751
0.152583
0.152415
0.152247
0.152077
0.151907
0.151736
0.151564
0.151392
0.151218
0.151044
0.150869
0.150693
0.150517
0.150339
0.150161
0.149982
0.149802
0.149621
0.149439
0.149256
0.149072
0.148887
0.148702
0.148515
0.148327
0.148139
0.147949
0.147758
0.147566
0.147373
0.147179
0.146984
0.146788
0.14659
0.146391
0.14619
0.145986
0.145779
0.145565
0.145338
0.145089
0.144792
0.144404
0.143835
0.142914
0.141325
0.138539
0.13378
0.126206
0.115408
0.101995
0.0875999
0.0740991
0.0627448
0.0539149
0.0473871
0.0427019
0.0393912
0.037067
0.035437
0.0342903
0.0334783
0.0328974
0.032476
0.0321644
0.0319285
0.0317446
0.0315967
0.0314736
0.0313676
0.0312734
0.0311876
0.0311077
0.0310319
0.030959
0.0308884
0.0308194
0.0307518
0.0306852
0.0306194
0.0305544
0.0304901
0.0304264
0.0303632
0.0303005
0.0302384
0.0301767
0.0301156
0.0300548
0.0299945
0.0299347
0.0298753
0.0298163
0.0297578
0.0296996
0.0296419
0.0295845
0.0295276
0.029471
0.0294148
0.029359
0.0293036
0.0292485
0.0291938
0.0291395
0.0290855
0.0290318
0.0289785
0.0289256
0.0288729
0.0288206
0.0287687
0.028717
0.0286656
0.0286146
0.0285639
0.0285135
0.0284634
0.0284135
0.028364
0.0283148
0.0282658
0.0282172
0.0281688
0.0281207
0.0280728
0.0280253
0.027978
0.0279309
0.0278842
0.0278377
0.0277914
0.0277454
0.0276997
0.0276541
0.0276089
0.0275639
0.0275191
0.0274746
0.0274302
0.0273862
0.0273423
0.0272987
0.0272553
0.0272121
0.0271692
0.0271264
0.0270839
0.0270416
0.0269995
0.0269576
0.0269159
0.0268745
0.0268332
0.0267921
0.0267513
0.0267106
0.0266701
0.0266298
0.0265897
0.0265498
0.0265101
0.0264706
0.0264312
0.026392
0.026353
0.0263142
0.0262756
0.0262372
0.0261989
0.0261608
0.0261228
0.0260851
0.0260475
0.0260101
0.0259728
0.0259357
0.0258988
0.025862
0.0258254
0.0257889
0.0257526
0.0257165
0.0256805
0.0256447
0.025609
0.0255734
0.025538
0.0255028
0.0254677
0.0254328
0.025398
0.0253633
0.0253288
0.0252944
0.0252602
0.0252261
0.0251921
0.0251583
0.0251246
0.0250911
0.0250577
0.0250244
0.0249912
0.0249582
0.0249254
0.0248926
0.02486
0.0248276
0.0247953
0.0247632
0.0247313
0.0246997
0.0246686
0.024638
0.0246083
0.0245801
0.0245541
0.0245318
0.0245156
0.0245094
