0.164187
0.164176
0.164151
0.164121
0.16409
0.164058
0.164026
0.163993
0.163961
0.163929
0.163896
0.163864
0.163831
0.163799
0.163767
0.163734
0.163702
0.163669
0.163637
0.163604
0.163572
0.163539
0.163506
0.163474
0.163441
0.163408
0.163376
0.163343
0.16331
0.163277
0.163245
0.163212
0.163179
0.163146
0.163113
0.16308
0.163047
0.163015
0.162982
0.162949
0.162915
0.162882
0.162849
0.162816
0.162783
0.16275
0.162717
0.162684
0.162651
0.162617
0.162584
0.162551
0.162518
0.162484
0.162451
0.162418
0.162384
0.162351
0.162317
0.162284
0.16225
0.162217
0.162183
0.16215
0.162116
0.162083
0.162049
0.162016
0.161982
0.161948
0.161914
0.161881
0.161847
0.161813
0.161779
0.161745
0.161712
0.161678
0.161644
0.16161
0.161576
0.161542
0.161508
0.161474
0.16144
0.161406
0.161372
0.161338
0.161304
0.161269
0.161235
0.161201
0.161167
0.161132
0.161098
0.161064
0.161029
0.160995
0.160961
0.160926
0.160892
0.160857
0.160823
0.160788
0.160754
0.160719
0.160685
0.16065
0.160615
0.16058
0.160546
0.160511
0.160476
0.160441
0.160407
0.160372
0.160337
0.160302
0.160267
0.160232
0.160197
0.160162
0.160127
0.160092
0.160057
0.160022
0.159987
0.159952
0.159916
0.159881
0.159846
0.159811
0.159775
0.15974
0.159705
0.159669
0.159634
0.159598
0.159563
0.159527
0.159492
0.159456
0.159421
0.159385
0.15935
0.159314
0.159278
0.159243
0.159207
0.159171
0.159135
0.159099
0.159063
0.159028
0.158992
0.158956
0.15892
0.158884
0.158848
0.158812
0.158776
0.158739
0.158703
0.158667
0.158631
0.158595
0.158558
0.158522
0.158486
0.158449
0.158413
0.158377
0.15834
0.158304
0.158267
0.158231
0.158194
0.158157
0.158121
0.158084
0.158047
0.158011
0.157974
0.157937
0.1579
0.157864
0.157827
0.15779
0.157753
0.157716
0.157679
0.157642
0.157605
0.157567
0.15753
0.157493
0.157456
0.157419
0.157382
0.157344
0.157307
0.15727
0.157232
0.157195
0.157157
0.15712
0.157082
0.157045
0.157007
0.156969
0.156932
0.156894
0.156857
0.156819
0.156781
0.156743
0.156705
0.156667
0.156629
0.156591
0.156553
0.156515
0.156477
0.156439
0.156401
0.156363
0.156325
0.156287
0.156248
0.15621
0.156172
0.156133
0.156095
0.156056
0.156018
0.155979
0.155941
0.155902
0.155864
0.155825
0.155786
0.155748
0.155709
0.15567
0.155631
0.155592
0.155553
0.155515
0.155476
0.155437
0.155398
0.155359
0.155319
0.15528
0.155241
0.155202
0.155162
0.155123
0.155084
0.155044
0.155005
0.154965
0.154926
0.154886
0.154847
0.154807
0.154768
0.154728
0.154688
0.154648
0.154609
0.154569
0.154529
0.154489
0.154449
0.154409
0.154369
0.154329
0.154289
0.154249
0.154208
0.154168
0.154128
0.154087
0.154047
0.154007
0.153966
0.153926
0.153885
0.153845
0.153804
0.153763
0.153723
0.153682
0.153641
0.1536
0.153559
0.153519
0.153478
0.153437
0.153396
0.153354
0.153313
0.153272
0.153231
0.15319
0.153149
0.153107
0.153066
0.153024
0.152983
0.152941
0.1529
0.152858
0.152817
0.152775
0.152733
0.152691
0.15265
0.152608
0.152566
0.152524
0.152482
0.15244
0.152398
0.152356
0.152313
0.152271
0.152229
0.152187
0.152144
0.152102
0.152059
0.152017
0.151974
0.151932
0.151889
0.151846
0.151803
0.151761
0.151718
0.151675
0.151632
0.151589
0.151546
0.151503
0.15146
0.151417
0.151373
0.15133
0.151287
0.151243
0.1512
0.151156
0.151113
0.151069
0.151026
0.150982
0.150938
0.150894
0.150851
0.150807
0.150763
0.150719
0.150675
0.15063
0.150586
0.150542
0.150498
0.150453
0.150409
0.150365
0.15032
0.150276
0.150231
0.150187
0.150142
0.150097
0.150052
0.150007
0.149962
0.149917
0.149872
0.149827
0.149782
0.149737
0.149692
0.149647
0.149601
0.149556
0.14951
0.149465
0.149419
0.149373
0.149328
0.149282
0.149236
0.14919
0.149144
0.149098
0.149052
0.149006
0.14896
0.148914
0.148867
0.148821
0.148774
0.148728
0.148681
0.148635
0.148588
0.148541
0.148495
0.148448
0.148401
0.148354
0.148307
0.14826
0.148213
0.148165
0.148118
0.148071
0.148023
0.147976
0.147928
0.14788
0.147833
0.147785
0.147737
0.147689
0.147641
0.147593
0.147545
0.147497
0.147449
0.1474
0.147352
0.147304
0.147255
0.147207
0.147158
0.147109
0.14706
0.147012
0.146963
0.146914
0.146864
0.146815
0.146766
0.146717
0.146667
0.146618
0.146568
0.146519
0.146469
0.14642
0.14637
0.14632
0.14627
0.14622
0.14617
0.146119
0.146069
0.146019
0.145968
0.145918
0.145867
0.145817
0.145766
0.145715
0.145664
0.145613
0.145562
0.145511
0.14546
0.145409
0.145357
0.145306
0.145254
0.145202
0.145151
0.145099
0.145047
0.144995
0.144943
0.144891
0.144839
0.144786
0.144734
0.144682
0.144629
0.144576
0.144524
0.144471
0.144418
0.144365
0.144312
0.144259
0.144205
0.144152
0.144098
0.144045
0.143991
0.143937
0.143884
0.14383
0.143776
0.143721
0.143666
0.143611
0.143555
0.143496
0.143434
0.143364
0.14328
0.143166
0.142995
0.142713
0.142216
0.141309
0.139646
0.136663
0.131581
0.123634
0.112582
0.0992088
0.0851821
0.0722494
0.0614876
0.0531625
0.0470186
0.0426093
0.039493
0.0373074
0.0357795
0.0347118
0.0339649
0.0334408
0.0330714
0.0328094
0.0326218
0.0324858
0.0323856
0.0323102
0.032252
0.0322057
0.0321677
0.0321355
0.0321072
0.0320817
0.0320581
0.0320359
0.0320146
0.0319939
0.0319737
0.0319539
0.0319343
0.031915
0.0318957
0.0318766
0.0318575
0.0318386
0.0318197
0.0318009
0.0317821
0.0317634
0.0317447
0.031726
0.0317074
0.0316889
0.0316704
0.0316519
0.0316335
0.0316151
0.0315968
0.0315785
0.0315603
0.0315421
0.0315239
0.0315058
0.0314877
0.0314696
0.0314516
0.0314336
0.0314157
0.0313978
0.03138
0.0313622
0.0313444
0.0313267
0.031309
0.0312914
0.0312738
0.0312562
0.0312386
0.0312211
0.0312037
0.0311862
0.0311688
0.0311515
0.0311342
0.0311169
0.0310997
0.0310825
0.0310653
0.0310482
0.0310311
0.031014
0.030997
0.03098
0.0309631
0.0309461
0.0309293
0.0309124
0.0308956
0.0308788
0.0308621
0.0308454
0.0308287
0.0308121
0.0307955
0.0307789
0.0307624
0.0307458
0.0307294
0.0307129
0.0306965
0.0306801
0.0306638
0.0306475
0.0306313
0.030615
0.0305988
0.0305826
0.0305665
0.0305503
0.0305343
0.0305182
0.0305022
0.0304862
0.0304702
0.0304543
0.0304384
0.0304225
0.0304067
0.0303909
0.0303751
0.0303594
0.0303437
0.030328
0.0303123
0.0302967
0.0302811
0.0302655
0.03025
0.0302345
0.030219
0.0302036
0.0301882
0.0301728
0.0301574
0.0301421
0.0301268
0.0301115
0.0300962
0.030081
0.0300658
0.0300507
0.0300355
0.0300204
0.0300053
0.0299903
0.0299753
0.0299603
0.0299453
0.0299303
0.0299154
0.0299005
0.0298856
0.0298708
0.029856
0.0298412
0.0298265
0.0298117
0.029797
0.0297823
0.0297677
0.0297531
0.0297384
0.0297239
0.0297093
0.0296948
0.0296803
0.0296658
0.0296513
0.0296369
0.0296225
0.0296082
0.0295938
0.0295795
0.0295652
0.0295509
0.0295367
0.0295224
0.0295082
0.029494
0.0294799
0.0294657
0.0294516
0.0294376
0.0294235
0.0294095
0.0293955
0.0293815
0.0293675
0.0293536
0.0293396
0.0293257
0.0293119
0.029298
0.0292842
0.0292704
0.0292566
0.0292429
0.0292291
0.0292154
0.0292017
0.0291881
0.0291744
0.0291608
0.0291472
0.0291336
0.0291201
0.0291065
0.029093
0.0290795
0.0290661
0.0290526
0.0290392
0.0290258
0.0290124
0.028999
0.0289857
0.0289724
0.0289591
0.0289458
0.0289325
0.0289193
0.0289061
0.0288929
0.0288798
0.0288666
0.0288535
0.0288404
0.0288273
0.0288142
0.0288011
0.0287881
0.0287751
0.0287621
0.0287491
0.0287362
0.0287233
0.0287104
0.0286975
0.0286846
0.0286718
0.028659
0.0286461
0.0286334
0.0286206
0.0286078
0.0285951
0.0285824
0.0285697
0.028557
0.0285444
0.0285317
0.0285191
0.0285065
0.028494
0.0284814
0.0284689
0.0284563
0.0284438
0.0284313
0.0284189
0.0284064
0.028394
0.0283816
0.0283692
0.0283568
0.0283445
0.0283321
0.0283198
0.0283075
0.0282952
0.028283
0.0282707
0.0282585
0.0282463
0.0282341
0.0282219
0.0282097
0.0281976
0.0281855
0.0281734
0.0281613
0.0281492
0.0281372
0.0281251
0.0281131
0.0281011
0.0280891
0.0280771
0.0280652
0.0280533
0.0280414
0.0280295
0.0280176
0.0280057
0.0279939
0.027982
0.0279702
0.0279584
0.0279466
0.0279348
0.0279231
0.0279114
0.0278996
0.027888
0.0278763
0.0278646
0.0278529
0.0278413
0.0278297
0.0278181
0.0278065
0.0277949
0.0277833
0.0277718
0.0277603
0.0277488
0.0277373
0.0277258
0.0277144
0.0277029
0.0276915
0.0276801
0.0276687
0.0276573
0.0276459
0.0276345
0.0276232
0.0276119
0.0276006
0.0275893
0.027578
0.0275667
0.0275555
0.0275443
0.027533
0.0275218
0.0275106
0.0274995
0.0274883
0.0274772
0.027466
0.0274549
0.0274438
0.0274327
0.0274217
0.0274106
0.0273996
0.0273885
0.0273775
0.0273665
0.0273555
0.0273446
0.0273336
0.0273227
0.0273117
0.0273008
0.0272899
0.027279
0.0272682
0.0272573
0.0272465
0.0272357
0.0272248
0.027214
0.0272033
0.0271925
0.0271817
0.027171
0.0271602
0.0271495
0.0271388
0.0271281
0.0271175
0.0271068
0.0270961
0.0270855
0.0270749
0.0270643
0.0270537
0.0270431
0.0270325
0.0270219
0.0270114
0.0270009
0.0269904
0.0269799
0.0269694
0.0269589
0.0269484
0.026938
0.0269275
0.0269171
0.0269067
0.0268963
0.0268859
0.0268755
0.0268651
0.0268548
0.0268445
0.0268341
0.0268238
0.0268135
0.0268032
0.026793
0.0267827
0.0267724
0.0267622
0.026752
0.0267418
0.0267316
0.0267214
0.0267112
0.026701
0.0266909
0.0266808
0.0266706
0.0266605
0.0266504
0.0266403
0.0266302
0.0266202
0.0266101
0.0266001
0.02659
0.02658
0.02657
0.02656
0.02655
0.0265401
0.0265301
0.0265202
0.0265102
0.0265003
0.0264904
0.0264805
0.0264706
0.0264607
0.0264508
0.026441
0.0264312
0.0264213
0.0264115
0.0264017
0.0263919
0.0263821
0.0263723
0.0263626
0.0263528
0.0263431
0.0263334
0.0263236
0.0263139
0.0263042
0.0262946
0.0262849
0.0262752
0.0262656
0.0262559
0.0262463
0.0262367
0.0262271
0.0262175
0.0262079
0.0261983
0.0261887
0.0261792
0.0261697
0.0261601
0.0261506
0.0261411
0.0261316
0.0261221
0.0261126
0.0261032
0.0260937
0.0260842
0.0260748
0.0260654
0.026056
0.0260466
0.0260372
0.0260278
0.0260184
0.0260091
0.0259997
0.0259904
0.025981
0.0259717
0.0259624
0.0259531
0.0259438
0.0259345
0.0259253
0.025916
0.0259068
0.0258975
0.0258883
0.0258791
0.0258699
0.0258607
0.0258515
0.0258423
0.0258331
0.025824
0.0258148
0.0258057
0.0257965
0.0257874
0.0257783
0.0257692
0.0257601
0.0257511
0.025742
0.0257329
0.0257239
0.0257148
0.0257058
0.0256968
0.0256878
0.0256788
0.0256698
0.0256608
0.0256518
0.0256429
0.0256339
0.025625
0.025616
0.0256071
0.0255982
0.0255893
0.0255804
0.0255715
0.0255626
0.0255538
0.0255449
0.025536
0.0255272
0.0255184
0.0255095
0.0255007
0.0254919
0.0254831
0.0254743
0.0254656
0.0254568
0.025448
0.0254393
0.0254306
0.0254218
0.0254131
0.0254044
0.0253957
0.025387
0.0253783
0.0253696
0.025361
0.0253523
0.0253436
0.025335
0.0253264
0.0253178
0.0253091
0.0253005
0.0252919
0.0252834
0.0252748
0.0252662
0.0252576
0.0252491
0.0252405
0.025232
0.0252235
0.0252149
0.0252064
0.0251979
0.0251895
0.025181
0.0251725
0.025164
0.0251556
0.0251471
0.0251387
0.0251302
0.0251218
0.0251134
0.025105
0.0250966
0.0250882
0.0250798
0.0250715
0.0250631
0.0250547
0.0250464
0.025038
0.0250297
0.0250214
0.0250131
0.0250047
0.0249964
0.0249881
0.0249799
0.0249716
0.0249633
0.0249551
0.0249468
0.0249386
0.0249304
0.0249221
0.0249139
0.0249057
0.0248975
0.0248893
0.0248811
0.0248729
0.0248648
0.0248566
0.0248485
0.0248403
0.0248322
0.024824
0.0248159
0.0248078
0.0247997
0.0247916
0.0247835
0.0247754
0.0247673
0.0247593
0.0247512
0.0247432
0.0247351
0.0247271
0.0247191
0.024711
0.024703
0.024695
0.024687
0.024679
0.024671
0.0246631
0.0246551
0.0246471
0.0246392
0.0246312
0.0246233
0.0246154
0.0246074
0.0245995
0.0245916
0.0245837
0.0245758
0.0245679
0.0245601
0.0245522
0.0245443
0.0245365
0.0245286
0.0245208
0.024513
0.0245051
0.0244973
0.0244895
0.0244817
0.024474
0.0244663
0.0244586
0.024451
0.0244435
0.0244362
0.0244293
0.0244229
0.0244174
0.0244134
0.0244118
