7203
0.164208
0.164208
0.164208
0.164202
0.164202
0.164202
0.16419
0.16419
0.16419
0.164175
0.164175
0.164175
0.164159
0.164159
0.164159
0.164143
0.164143
0.164143
0.164127
0.164127
0.164127
0.164111
0.164111
0.164111
0.164095
0.164095
0.164095
0.164079
0.164079
0.164079
0.164062
0.164062
0.164062
0.164046
0.164046
0.164046
0.16403
0.16403
0.16403
0.164014
0.164014
0.164014
0.163998
0.163998
0.163998
0.163982
0.163982
0.163982
0.163966
0.163966
0.163966
0.16395
0.16395
0.16395
0.163933
0.163933
0.163933
0.163917
0.163917
0.163917
0.163901
0.163901
0.163901
0.163885
0.163885
0.163885
0.163869
0.163869
0.163869
0.163852
0.163852
0.163852
0.163836
0.163836
0.163836
0.16382
0.16382
0.16382
0.163804
0.163804
0.163804
0.163788
0.163788
0.163788
0.163771
0.163771
0.163771
0.163755
0.163755
0.163755
0.163739
0.163739
0.163739
0.163723
0.163723
0.163723
0.163706
0.163706
0.163706
0.16369
0.16369
0.16369
0.163674
0.163674
0.163674
0.163658
0.163658
0.163658
0.163641
0.163641
0.163641
0.163625
0.163625
0.163625
0.163609
0.163609
0.163609
0.163592
0.163592
0.163592
0.163576
0.163576
0.163576
0.16356
0.16356
0.16356
0.163544
0.163544
0.163544
0.163527
0.163527
0.163527
0.163511
0.163511
0.163511
0.163495
0.163495
0.163495
0.163478
0.163478
0.163478
0.163462
0.163462
0.163462
0.163446
0.163446
0.163446
0.163429
0.163429
0.163429
0.163413
0.163413
0.163413
0.163397
0.163397
0.163397
0.16338
0.16338
0.16338
0.163364
0.163364
0.163364
0.163348
0.163348
0.163348
0.163331
0.163331
0.163331
0.163315
0.163315
0.163315
0.163299
0.163299
0.163299
0.163282
0.163282
0.163282
0.163266
0.163266
0.163266
0.163249
0.163249
0.163249
0.163233
0.163233
0.163233
0.163217
0.163217
0.163217
0.1632
0.1632
0.1632
0.163184
0.163184
0.163184
0.163167
0.163167
0.163167
0.163151
0.163151
0.163151
0.163134
0.163134
0.163134
0.163118
0.163118
0.163118
0.163102
0.163102
0.163102
0.163085
0.163085
0.163085
0.163069
0.163069
0.163069
0.163052
0.163052
0.163052
0.163036
0.163036
0.163036
0.163019
0.163019
0.163019
0.163003
0.163003
0.163003
0.162986
0.162986
0.162986
0.16297
0.16297
0.16297
0.162953
0.162953
0.162953
0.162937
0.162937
0.162937
0.16292
0.16292
0.16292
0.162904
0.162904
0.162904
0.162887
0.162887
0.162887
0.162871
0.162871
0.162871
0.162854
0.162854
0.162854
0.162838
0.162838
0.162838
0.162821
0.162821
0.162821
0.162805
0.162805
0.162805
0.162788
0.162788
0.162788
0.162771
0.162771
0.162771
0.162755
0.162755
0.162755
0.162738
0.162738
0.162738
0.162722
0.162722
0.162722
0.162705
0.162705
0.162705
0.162689
0.162689
0.162689
0.162672
0.162672
0.162672
0.162656
0.162656
0.162656
0.162639
0.162639
0.162639
0.162622
0.162622
0.162622
0.162606
0.162606
0.162606
0.162589
0.162589
0.162589
0.162572
0.162572
0.162572
0.162556
0.162556
0.162556
0.162539
0.162539
0.162539
0.162523
0.162523
0.162523
0.162506
0.162506
0.162506
0.162489
0.162489
0.162489
0.162473
0.162473
0.162473
0.162456
0.162456
0.162456
0.162439
0.162439
0.162439
0.162422
0.162422
0.162422
0.162406
0.162406
0.162406
0.162389
0.162389
0.162389
0.162372
0.162372
0.162372
0.162356
0.162356
0.162356
0.162339
0.162339
0.162339
0.162322
0.162322
0.162322
0.162305
0.162305
0.162305
0.162289
0.162289
0.162289
0.162272
0.162272
0.162272
0.162255
0.162255
0.162255
0.162239
0.162239
0.162239
0.162222
0.162222
0.162222
0.162205
0.162205
0.162205
0.162188
0.162188
0.162188
0.162172
0.162172
0.162172
0.162155
0.162155
0.162155
0.162138
0.162138
0.162138
0.162121
0.162121
0.162121
0.162105
0.162105
0.162105
0.162088
0.162088
0.162088
0.162071
0.162071
0.162071
0.162054
0.162054
0.162054
0.162037
0.162037
0.162037
0.16202
0.16202
0.16202
0.162004
0.162004
0.162004
0.161987
0.161987
0.161987
0.16197
0.16197
0.16197
0.161953
0.161953
0.161953
0.161936
0.161936
0.161936
0.161919
0.161919
0.161919
0.161902
0.161902
0.161902
0.161886
0.161886
0.161886
0.161869
0.161869
0.161869
0.161852
0.161852
0.161852
0.161835
0.161835
0.161835
0.161818
0.161818
0.161818
0.161801
0.161801
0.161801
0.161784
0.161784
0.161784
0.161767
0.161767
0.161767
0.161751
0.161751
0.161751
0.161734
0.161734
0.161734
0.161717
0.161717
0.161717
0.1617
0.1617
0.1617
0.161683
0.161683
0.161683
0.161666
0.161666
0.161666
0.161649
0.161649
0.161649
0.161632
0.161632
0.161632
0.161615
0.161615
0.161615
0.161598
0.161598
0.161598
0.161581
0.161581
0.161581
0.161564
0.161564
0.161564
0.161547
0.161547
0.161547
0.16153
0.16153
0.16153
0.161513
0.161513
0.161513
0.161496
0.161496
0.161496
0.161479
0.161479
0.161479
0.161462
0.161462
0.161462
0.161445
0.161445
0.161445
0.161428
0.161428
0.161428
0.161411
0.161411
0.161411
0.161394
0.161394
0.161394
0.161377
0.161377
0.161377
0.16136
0.16136
0.16136
0.161343
0.161343
0.161343
0.161326
0.161326
0.161326
0.161309
0.161309
0.161309
0.161291
0.161291
0.161291
0.161274
0.161274
0.161274
0.161257
0.161257
0.161257
0.16124
0.16124
0.16124
0.161223
0.161223
0.161223
0.161206
0.161206
0.161206
0.161189
0.161189
0.161189
0.161172
0.161172
0.161172
0.161155
0.161155
0.161155
0.161137
0.161137
0.161137
0.16112
0.16112
0.16112
0.161103
0.161103
0.161103
0.161086
0.161086
0.161086
0.161069
0.161069
0.161069
0.161052
0.161052
0.161052
0.161034
0.161034
0.161034
0.161017
0.161017
0.161017
0.161
0.161
0.161
0.160983
0.160983
0.160983
0.160966
0.160966
0.160966
0.160948
0.160948
0.160948
0.160931
0.160931
0.160931
0.160914
0.160914
0.160914
0.160897
0.160897
0.160897
0.160879
0.160879
0.160879
0.160862
0.160862
0.160862
0.160845
0.160845
0.160845
0.160828
0.160828
0.160828
0.160811
0.160811
0.160811
0.160793
0.160793
0.160793
0.160776
0.160776
0.160776
0.160759
0.160759
0.160759
0.160741
0.160741
0.160741
0.160724
0.160724
0.160724
0.160707
0.160707
0.160707
0.16069
0.16069
0.16069
0.160672
0.160672
0.160672
0.160655
0.160655
0.160655
0.160638
0.160638
0.160638
0.16062
0.16062
0.16062
0.160603
0.160603
0.160603
0.160585
0.160585
0.160585
0.160568
0.160568
0.160568
0.160551
0.160551
0.160551
0.160533
0.160533
0.160533
0.160516
0.160516
0.160516
0.160499
0.160499
0.160499
0.160481
0.160481
0.160481
0.160464
0.160464
0.160464
0.160446
0.160446
0.160446
0.160429
0.160429
0.160429
0.160412
0.160412
0.160412
0.160394
0.160394
0.160394
0.160377
0.160377
0.160377
0.160359
0.160359
0.160359
0.160342
0.160342
0.160342
0.160325
0.160325
0.160325
0.160307
0.160307
0.160307
0.16029
0.16029
0.16029
0.160272
0.160272
0.160272
0.160255
0.160255
0.160255
0.160237
0.160237
0.160237
0.16022
0.16022
0.16022
0.160202
0.160202
0.160202
0.160185
0.160185
0.160185
0.160167
0.160167
0.160167
0.16015
0.16015
0.16015
0.160132
0.160132
0.160132
0.160115
0.160115
0.160115
0.160097
0.160097
0.160097
0.16008
0.16008
0.16008
0.160062
0.160062
0.160062
0.160044
0.160044
0.160044
0.160027
0.160027
0.160027
0.160009
0.160009
0.160009
0.159992
0.159992
0.159992
0.159974
0.159974
0.159974
0.159957
0.159957
0.159957
0.159939
0.159939
0.159939
0.159922
0.159922
0.159922
0.159904
0.159904
0.159904
0.159886
0.159886
0.159886
0.159869
0.159869
0.159869
0.159851
0.159851
0.159851
0.159833
0.159833
0.159833
0.159816
0.159816
0.159816
0.159798
0.159798
0.159798
0.15978
0.15978
0.15978
0.159763
0.159763
0.159763
0.159745
0.159745
0.159745
0.159727
0.159727
0.159727
0.15971
0.15971
0.15971
0.159692
0.159692
0.159692
0.159674
0.159674
0.159674
0.159657
0.159657
0.159657
0.159639
0.159639
0.159639
0.159621
0.159621
0.159621
0.159603
0.159603
0.159603
0.159586
0.159586
0.159586
0.159568
0.159568
0.159568
0.15955
0.15955
0.15955
0.159532
0.159532
0.159532
0.159515
0.159515
0.159515
0.159497
0.159497
0.159497
0.159479
0.159479
0.159479
0.159461
0.159461
0.159461
0.159444
0.159444
0.159444
0.159426
0.159426
0.159426
0.159408
0.159408
0.159408
0.15939
0.15939
0.15939
0.159373
0.159373
0.159373
0.159355
0.159355
0.159355
0.159337
0.159337
0.159337
0.159319
0.159319
0.159319
0.159301
0.159301
0.159301
0.159283
0.159283
0.159283
0.159265
0.159265
0.159265
0.159248
0.159248
0.159248
0.15923
0.15923
0.15923
0.159212
0.159212
0.159212
0.159194
0.159194
0.159194
0.159176
0.159176
0.159176
0.159158
0.159158
0.159158
0.15914
0.15914
0.15914
0.159122
0.159122
0.159122
0.159104
0.159104
0.159104
0.159086
0.159086
0.159086
0.159068
0.159068
0.159068
0.15905
0.15905
0.15905
0.159033
0.159033
0.159033
0.159015
0.159015
0.159015
0.158997
0.158997
0.158997
0.158979
0.158979
0.158979
0.158961
0.158961
0.158961
0.158943
0.158943
0.158943
0.158925
0.158925
0.158925
0.158907
0.158907
0.158907
0.158889
0.158889
0.158889
0.158871
0.158871
0.158871
0.158853
0.158853
0.158853
0.158835
0.158835
0.158835
0.158817
0.158817
0.158817
0.158799
0.158799
0.158799
0.158781
0.158781
0.158781
0.158762
0.158762
0.158762
0.158744
0.158744
0.158744
0.158726
0.158726
0.158726
0.158708
0.158708
0.158708
0.15869
0.15869
0.15869
0.158672
0.158672
0.158672
0.158654
0.158654
0.158654
0.158636
0.158636
0.158636
0.158618
0.158618
0.158618
0.1586
0.1586
0.1586
0.158581
0.158581
0.158581
0.158563
0.158563
0.158563
0.158545
0.158545
0.158545
0.158527
0.158527
0.158527
0.158509
0.158509
0.158509
0.158491
0.158491
0.158491
0.158473
0.158473
0.158473
0.158454
0.158454
0.158454
0.158436
0.158436
0.158436
0.158418
0.158418
0.158418
0.1584
0.1584
0.1584
0.158382
0.158382
0.158382
0.158363
0.158363
0.158363
0.158345
0.158345
0.158345
0.158327
0.158327
0.158327
0.158309
0.158309
0.158309
0.15829
0.15829
0.15829
0.158272
0.158272
0.158272
0.158254
0.158254
0.158254
0.158235
0.158235
0.158235
0.158217
0.158217
0.158217
0.158199
0.158199
0.158199
0.158181
0.158181
0.158181
0.158162
0.158162
0.158162
0.158144
0.158144
0.158144
0.158126
0.158126
0.158126
0.158107
0.158107
0.158107
0.158089
0.158089
0.158089
0.158071
0.158071
0.158071
0.158052
0.158052
0.158052
0.158034
0.158034
0.158034
0.158015
0.158015
0.158015
0.157997
0.157997
0.157997
0.157979
0.157979
0.157979
0.15796
0.15796
0.15796
0.157942
0.157942
0.157942
0.157924
0.157924
0.157924
0.157905
0.157905
0.157905
0.157887
0.157887
0.157887
0.157868
0.157868
0.157868
0.15785
0.15785
0.15785
0.157831
0.157831
0.157831
0.157813
0.157813
0.157813
0.157795
0.157795
0.157795
0.157776
0.157776
0.157776
0.157758
0.157758
0.157758
0.157739
0.157739
0.157739
0.157721
0.157721
0.157721
0.157702
0.157702
0.157702
0.157684
0.157684
0.157684
0.157665
0.157665
0.157665
0.157646
0.157646
0.157646
0.157628
0.157628
0.157628
0.157609
0.157609
0.157609
0.157591
0.157591
0.157591
0.157572
0.157572
0.157572
0.157554
0.157554
0.157554
0.157535
0.157535
0.157535
0.157517
0.157517
0.157517
0.157498
0.157498
0.157498
0.157479
0.157479
0.157479
0.157461
0.157461
0.157461
0.157442
0.157442
0.157442
0.157424
0.157424
0.157424
0.157405
0.157405
0.157405
0.157386
0.157386
0.157386
0.157368
0.157368
0.157368
0.157349
0.157349
0.157349
0.15733
0.15733
0.15733
0.157312
0.157312
0.157312
0.157293
0.157293
0.157293
0.157274
0.157274
0.157274
0.157256
0.157256
0.157256
0.157237
0.157237
0.157237
0.157218
0.157218
0.157218
0.157199
0.157199
0.157199
0.157181
0.157181
0.157181
0.157162
0.157162
0.157162
0.157143
0.157143
0.157143
0.157124
0.157124
0.157124
0.157106
0.157106
0.157106
0.157087
0.157087
0.157087
0.157068
0.157068
0.157068
0.157049
0.157049
0.157049
0.157031
0.157031
0.157031
0.157012
0.157012
0.157012
0.156993
0.156993
0.156993
0.156974
0.156974
0.156974
0.156955
0.156955
0.156955
0.156937
0.156937
0.156937
0.156918
0.156918
0.156918
0.156899
0.156899
0.156899
0.15688
0.15688
0.15688
0.156861
0.156861
0.156861
0.156842
0.156842
0.156842
0.156823
0.156823
0.156823
0.156805
0.156805
0.156805
0.156786
0.156786
0.156786
0.156767
0.156767
0.156767
0.156748
0.156748
0.156748
0.156729
0.156729
0.156729
0.15671
0.15671
0.15671
0.156691
0.156691
0.156691
0.156672
0.156672
0.156672
0.156653
0.156653
0.156653
0.156634
0.156634
0.156634
0.156615
0.156615
0.156615
0.156596
0.156596
0.156596
0.156577
0.156577
0.156577
0.156558
0.156558
0.156558
0.156539
0.156539
0.156539
0.15652
0.15652
0.15652
0.156501
0.156501
0.156501
0.156482
0.156482
0.156482
0.156463
0.156463
0.156463
0.156444
0.156444
0.156444
0.156425
0.156425
0.156425
0.156406
0.156406
0.156406
0.156387
0.156387
0.156387
0.156368
0.156368
0.156368
0.156349
0.156349
0.156349
0.156329
0.156329
0.156329
0.15631
0.15631
0.15631
0.156291
0.156291
0.156291
0.156272
0.156272
0.156272
0.156253
0.156253
0.156253
0.156234
0.156234
0.156234
0.156215
0.156215
0.156215
0.156195
0.156195
0.156195
0.156176
0.156176
0.156176
0.156157
0.156157
0.156157
0.156138
0.156138
0.156138
0.156119
0.156119
0.156119
0.156099
0.156099
0.156099
0.15608
0.15608
0.15608
0.156061
0.156061
0.156061
0.156042
0.156042
0.156042
0.156022
0.156022
0.156022
0.156003
0.156003
0.156003
0.155984
0.155984
0.155984
0.155965
0.155965
0.155965
0.155945
0.155945
0.155945
0.155926
0.155926
0.155926
0.155907
0.155907
0.155907
0.155888
0.155888
0.155888
0.155868
0.155868
0.155868
0.155849
0.155849
0.155849
0.15583
0.15583
0.15583
0.15581
0.15581
0.15581
0.155791
0.155791
0.155791
0.155772
0.155772
0.155772
0.155752
0.155752
0.155752
0.155733
0.155733
0.155733
0.155713
0.155713
0.155713
0.155694
0.155694
0.155694
0.155675
0.155675
0.155675
0.155655
0.155655
0.155655
0.155636
0.155636
0.155636
0.155616
0.155616
0.155616
0.155597
0.155597
0.155597
0.155577
0.155577
0.155577
0.155558
0.155558
0.155558
0.155538
0.155538
0.155538
0.155519
0.155519
0.155519
0.155499
0.155499
0.155499
0.15548
0.15548
0.15548
0.15546
0.15546
0.15546
0.155441
0.155441
0.155441
0.155421
0.155421
0.155421
0.155402
0.155402
0.155402
0.155382
0.155382
0.155382
0.155363
0.155363
0.155363
0.155343
0.155343
0.155343
0.155324
0.155324
0.155324
0.155304
0.155304
0.155304
0.155285
0.155285
0.155285
0.155265
0.155265
0.155265
0.155245
0.155245
0.155245
0.155226
0.155226
0.155226
0.155206
0.155206
0.155206
0.155186
0.155186
0.155186
0.155167
0.155167
0.155167
0.155147
0.155147
0.155147
0.155127
0.155127
0.155127
0.155108
0.155108
0.155108
0.155088
0.155088
0.155088
0.155068
0.155068
0.155068
0.155049
0.155049
0.155049
0.155029
0.155029
0.155029
0.155009
0.155009
0.155009
0.154989
0.154989
0.154989
0.15497
0.15497
0.15497
0.15495
0.15495
0.15495
0.15493
0.15493
0.15493
0.15491
0.15491
0.15491
0.154891
0.154891
0.154891
0.154871
0.154871
0.154871
0.154851
0.154851
0.154851
0.154831
0.154831
0.154831
0.154812
0.154812
0.154812
0.154792
0.154792
0.154792
0.154772
0.154772
0.154772
0.154752
0.154752
0.154752
0.154732
0.154732
0.154732
0.154712
0.154712
0.154712
0.154692
0.154692
0.154692
0.154672
0.154672
0.154672
0.154653
0.154653
0.154653
0.154633
0.154633
0.154633
0.154613
0.154613
0.154613
0.154593
0.154593
0.154593
0.154573
0.154573
0.154573
0.154553
0.154553
0.154553
0.154533
0.154533
0.154533
0.154513
0.154513
0.154513
0.154493
0.154493
0.154493
0.154473
0.154473
0.154473
0.154453
0.154453
0.154453
0.154433
0.154433
0.154433
0.154413
0.154413
0.154413
0.154393
0.154393
0.154393
0.154373
0.154373
0.154373
0.154353
0.154353
0.154353
0.154333
0.154333
0.154333
0.154313
0.154313
0.154313
0.154293
0.154293
0.154293
0.154273
0.154273
0.154273
0.154253
0.154253
0.154253
0.154232
0.154232
0.154232
0.154212
0.154212
0.154212
0.154192
0.154192
0.154192
0.154172
0.154172
0.154172
0.154152
0.154152
0.154152
0.154132
0.154132
0.154132
0.154112
0.154112
0.154112
0.154091
0.154091
0.154091
0.154071
0.154071
0.154071
0.154051
0.154051
0.154051
0.154031
0.154031
0.154031
0.154011
0.154011
0.154011
0.15399
0.15399
0.15399
0.15397
0.15397
0.15397
0.15395
0.15395
0.15395
0.15393
0.15393
0.15393
0.153909
0.153909
0.153909
0.153889
0.153889
0.153889
0.153869
0.153869
0.153869
0.153848
0.153848
0.153848
0.153828
0.153828
0.153828
0.153808
0.153808
0.153808
0.153788
0.153788
0.153788
0.153767
0.153767
0.153767
0.153747
0.153747
0.153747
0.153727
0.153727
0.153727
0.153706
0.153706
0.153706
0.153686
0.153686
0.153686
0.153665
0.153665
0.153665
0.153645
0.153645
0.153645
0.153625
0.153625
0.153625
0.153604
0.153604
0.153604
0.153584
0.153584
0.153584
0.153563
0.153563
0.153563
0.153543
0.153543
0.153543
0.153522
0.153522
0.153522
0.153502
0.153502
0.153502
0.153481
0.153481
0.153481
0.153461
0.153461
0.153461
0.15344
0.15344
0.15344
0.15342
0.15342
0.15342
0.153399
0.153399
0.153399
0.153379
0.153379
0.153379
0.153358
0.153358
0.153358
0.153338
0.153338
0.153338
0.153317
0.153317
0.153317
0.153296
0.153296
0.153296
0.153276
0.153276
0.153276
0.153255
0.153255
0.153255
0.153235
0.153235
0.153235
0.153214
0.153214
0.153214
0.153193
0.153193
0.153193
0.153173
0.153173
0.153173
0.153152
0.153152
0.153152
0.153131
0.153131
0.153131
0.153111
0.153111
0.153111
0.15309
0.15309
0.15309
0.153069
0.153069
0.153069
0.153049
0.153049
0.153049
0.153028
0.153028
0.153028
0.153007
0.153007
0.153007
0.152986
0.152986
0.152986
0.152966
0.152966
0.152966
0.152945
0.152945
0.152945
0.152924
0.152924
0.152924
0.152903
0.152903
0.152903
0.152882
0.152882
0.152882
0.152862
0.152862
0.152862
0.152841
0.152841
0.152841
0.15282
0.15282
0.15282
0.152799
0.152799
0.152799
0.152778
0.152778
0.152778
0.152757
0.152757
0.152757
0.152736
0.152736
0.152736
0.152716
0.152716
0.152716
0.152695
0.152695
0.152695
0.152674
0.152674
0.152674
0.152653
0.152653
0.152653
0.152632
0.152632
0.152632
0.152611
0.152611
0.152611
0.15259
0.15259
0.15259
0.152569
0.152569
0.152569
0.152548
0.152548
0.152548
0.152527
0.152527
0.152527
0.152506
0.152506
0.152506
0.152485
0.152485
0.152485
0.152464
0.152464
0.152464
0.152443
0.152443
0.152443
0.152422
0.152422
0.152422
0.152401
0.152401
0.152401
0.15238
0.15238
0.15238
0.152359
0.152359
0.152359
0.152338
0.152338
0.152338
0.152317
0.152317
0.152317
0.152295
0.152295
0.152295
0.152274
0.152274
0.152274
0.152253
0.152253
0.152253
0.152232
0.152232
0.152232
0.152211
0.152211
0.152211
0.15219
0.15219
0.15219
0.152168
0.152168
0.152168
0.152147
0.152147
0.152147
0.152126
0.152126
0.152126
0.152105
0.152105
0.152105
0.152084
0.152084
0.152084
0.152062
0.152062
0.152062
0.152041
0.152041
0.152041
0.15202
0.15202
0.15202
0.151999
0.151999
0.151999
0.151977
0.151977
0.151977
0.151956
0.151956
0.151956
0.151935
0.151935
0.151935
0.151913
0.151913
0.151913
0.151892
0.151892
0.151892
0.151871
0.151871
0.151871
0.151849
0.151849
0.151849
0.151828
0.151828
0.151828
0.151806
0.151806
0.151806
0.151785
0.151785
0.151785
0.151764
0.151764
0.151764
0.151742
0.151742
0.151742
0.151721
0.151721
0.151721
0.151699
0.151699
0.151699
0.151678
0.151678
0.151678
0.151656
0.151656
0.151656
0.151635
0.151635
0.151635
0.151613
0.151613
0.151613
0.151592
0.151592
0.151592
0.15157
0.15157
0.15157
0.151549
0.151549
0.151549
0.151527
0.151527
0.151527
0.151506
0.151506
0.151506
0.151484
0.151484
0.151484
0.151463
0.151463
0.151463
0.151441
0.151441
0.151441
0.151419
0.151419
0.151419
0.151398
0.151398
0.151398
0.151376
0.151376
0.151376
0.151354
0.151354
0.151354
0.151333
0.151333
0.151333
0.151311
0.151311
0.151311
0.151289
0.151289
0.151289
0.151268
0.151268
0.151268
0.151246
0.151246
0.151246
0.151224
0.151224
0.151224
0.151202
0.151202
0.151202
0.151181
0.151181
0.151181
0.151159
0.151159
0.151159
0.151137
0.151137
0.151137
0.151115
0.151115
0.151115
0.151094
0.151094
0.151094
0.151072
0.151072
0.151072
0.15105
0.15105
0.15105
0.151028
0.151028
0.151028
0.151006
0.151006
0.151006
0.150984
0.150984
0.150984
0.150962
0.150962
0.150962
0.150941
0.150941
0.150941
0.150919
0.150919
0.150919
0.150897
0.150897
0.150897
0.150875
0.150875
0.150875
0.150853
0.150853
0.150853
0.150831
0.150831
0.150831
0.150809
0.150809
0.150809
0.150787
0.150787
0.150787
0.150765
0.150765
0.150765
0.150743
0.150743
0.150743
0.150721
0.150721
0.150721
0.150699
0.150699
0.150699
0.150677
0.150677
0.150677
0.150655
0.150655
0.150655
0.150633
0.150633
0.150633
0.150611
0.150611
0.150611
0.150589
0.150589
0.150589
0.150566
0.150566
0.150566
0.150544
0.150544
0.150544
0.150522
0.150522
0.150522
0.1505
0.1505
0.1505
0.150478
0.150478
0.150478
0.150456
0.150456
0.150456
0.150433
0.150433
0.150433
0.150411
0.150411
0.150411
0.150389
0.150389
0.150389
0.150367
0.150367
0.150367
0.150345
0.150345
0.150345
0.150322
0.150322
0.150322
0.1503
0.1503
0.1503
0.150278
0.150278
0.150278
0.150256
0.150256
0.150256
0.150233
0.150233
0.150233
0.150211
0.150211
0.150211
0.150189
0.150189
0.150189
0.150166
0.150166
0.150166
0.150144
0.150144
0.150144
0.150121
0.150121
0.150121
0.150099
0.150099
0.150099
0.150077
0.150077
0.150077
0.150054
0.150054
0.150054
0.150032
0.150032
0.150032
0.150009
0.150009
0.150009
0.149987
0.149987
0.149987
0.149964
0.149964
0.149964
0.149942
0.149942
0.149942
0.149919
0.149919
0.149919
0.149897
0.149897
0.149897
0.149874
0.149874
0.149874
0.149852
0.149852
0.149852
0.149829
0.149829
0.149829
0.149806
0.149806
0.149806
0.149784
0.149784
0.149784
0.149761
0.149761
0.149761
0.149739
0.149739
0.149739
0.149716
0.149716
0.149716
0.149694
0.149694
0.149694
0.149671
0.149671
0.149671
0.149648
0.149648
0.149648
0.149625
0.149625
0.149625
0.149603
0.149603
0.149603
0.14958
0.14958
0.14958
0.149557
0.149557
0.149557
0.149535
0.149535
0.149535
0.149512
0.149512
0.149512
0.149489
0.149489
0.149489
0.149466
0.149466
0.149466
0.149443
0.149443
0.149443
0.149421
0.149421
0.149421
0.149398
0.149398
0.149398
0.149375
0.149375
0.149375
0.149352
0.149352
0.149352
0.149329
0.149329
0.149329
0.149306
0.149306
0.149306
0.149283
0.149283
0.149283
0.14926
0.14926
0.14926
0.149237
0.149237
0.149237
0.149214
0.149214
0.149214
0.149191
0.149191
0.149191
0.149168
0.149168
0.149168
0.149145
0.149145
0.149145
0.149122
0.149122
0.149122
0.1491
0.1491
0.1491
0.149077
0.149077
0.149077
0.149053
0.149053
0.149053
0.14903
0.14903
0.14903
0.149007
0.149007
0.149007
0.148984
0.148984
0.148984
0.148961
0.148961
0.148961
0.148938
0.148938
0.148938
0.148915
0.148915
0.148915
0.148892
0.148892
0.148892
0.148868
0.148868
0.148868
0.148845
0.148845
0.148845
0.148822
0.148822
0.148822
0.148799
0.148799
0.148799
0.148776
0.148776
0.148776
0.148752
0.148752
0.148752
0.148729
0.148729
0.148729
0.148706
0.148706
0.148706
0.148682
0.148682
0.148682
0.148659
0.148659
0.148659
0.148636
0.148636
0.148636
0.148612
0.148612
0.148612
0.148589
0.148589
0.148589
0.148566
0.148566
0.148566
0.148542
0.148542
0.148542
0.148519
0.148519
0.148519
0.148496
0.148496
0.148496
0.148472
0.148472
0.148472
0.148449
0.148449
0.148449
0.148425
0.148425
0.148425
0.148402
0.148402
0.148402
0.148378
0.148378
0.148378
0.148355
0.148355
0.148355
0.148331
0.148331
0.148331
0.148308
0.148308
0.148308
0.148284
0.148284
0.148284
0.14826
0.14826
0.14826
0.148237
0.148237
0.148237
0.148213
0.148213
0.148213
0.148189
0.148189
0.148189
0.148166
0.148166
0.148166
0.148142
0.148142
0.148142
0.148118
0.148118
0.148118
0.148095
0.148095
0.148095
0.148071
0.148071
0.148071
0.148047
0.148047
0.148047
0.148024
0.148024
0.148024
0.148
0.148
0.148
0.147976
0.147976
0.147976
0.147952
0.147952
0.147952
0.147928
0.147928
0.147928
0.147905
0.147905
0.147905
0.147881
0.147881
0.147881
0.147857
0.147857
0.147857
0.147833
0.147833
0.147833
0.147809
0.147809
0.147809
0.147785
0.147785
0.147785
0.147761
0.147761
0.147761
0.147737
0.147737
0.147737
0.147713
0.147713
0.147713
0.14769
0.14769
0.14769
0.147665
0.147665
0.147665
0.147641
0.147641
0.147641
0.147617
0.147617
0.147617
0.147593
0.147593
0.147593
0.147569
0.147569
0.147569
0.147545
0.147545
0.147545
0.147521
0.147521
0.147521
0.147497
0.147497
0.147497
0.147473
0.147473
0.147473
0.147449
0.147449
0.147449
0.147425
0.147425
0.147425
0.1474
0.1474
0.1474
0.147376
0.147376
0.147376
0.147352
0.147352
0.147352
0.147328
0.147328
0.147328
0.147303
0.147303
0.147303
0.147279
0.147279
0.147279
0.147255
0.147255
0.147255
0.147231
0.147231
0.147231
0.147206
0.147206
0.147206
0.147182
0.147182
0.147182
0.147158
0.147158
0.147158
0.147133
0.147133
0.147133
0.147109
0.147109
0.147109
0.147085
0.147085
0.147085
0.14706
0.14706
0.14706
0.147036
0.147036
0.147036
0.147011
0.147011
0.147011
0.146987
0.146987
0.146987
0.146962
0.146962
0.146962
0.146938
0.146938
0.146938
0.146913
0.146913
0.146913
0.146889
0.146889
0.146889
0.146864
0.146864
0.146864
0.146839
0.146839
0.146839
0.146815
0.146815
0.146815
0.14679
0.14679
0.14679
0.146765
0.146765
0.146765
0.146741
0.146741
0.146741
0.146716
0.146716
0.146716
0.146691
0.146691
0.146691
0.146667
0.146667
0.146667
0.146642
0.146642
0.146642
0.146617
0.146617
0.146617
0.146592
0.146592
0.146592
0.146568
0.146568
0.146568
0.146543
0.146543
0.146543
0.146518
0.146518
0.146518
0.146493
0.146493
0.146493
0.146468
0.146468
0.146468
0.146444
0.146444
0.146444
0.146419
0.146419
0.146419
0.146394
0.146394
0.146394
0.146369
0.146369
0.146369
0.146344
0.146344
0.146344
0.146319
0.146319
0.146319
0.146294
0.146294
0.146294
0.146269
0.146269
0.146269
0.146244
0.146244
0.146244
0.146219
0.146219
0.146219
0.146194
0.146194
0.146194
0.146169
0.146169
0.146169
0.146143
0.146143
0.146143
0.146118
0.146118
0.146118
0.146093
0.146093
0.146093
0.146068
0.146068
0.146068
0.146043
0.146043
0.146043
0.146018
0.146018
0.146018
0.145992
0.145992
0.145992
0.145967
0.145967
0.145967
0.145942
0.145942
0.145942
0.145917
0.145917
0.145917
0.145891
0.145891
0.145891
0.145866
0.145866
0.145866
0.145841
0.145841
0.145841
0.145815
0.145815
0.145815
0.14579
0.14579
0.14579
0.145765
0.145765
0.145765
0.145739
0.145739
0.145739
0.145714
0.145714
0.145714
0.145688
0.145688
0.145688
0.145663
0.145663
0.145663
0.145637
0.145637
0.145637
0.145612
0.145612
0.145612
0.145586
0.145586
0.145586
0.145561
0.145561
0.145561
0.145535
0.145535
0.145535
0.145509
0.145509
0.145509
0.145484
0.145484
0.145484
0.145458
0.145458
0.145458
0.145432
0.145432
0.145432
0.145407
0.145407
0.145407
0.145381
0.145381
0.145381
0.145355
0.145355
0.145355
0.14533
0.14533
0.14533
0.145304
0.145304
0.145304
0.145278
0.145278
0.145278
0.145252
0.145252
0.145252
0.145226
0.145226
0.145226
0.145201
0.145201
0.145201
0.145175
0.145175
0.145175
0.145149
0.145149
0.145149
0.145123
0.145123
0.145123
0.145097
0.145097
0.145097
0.145071
0.145071
0.145071
0.145045
0.145045
0.145045
0.145019
0.145019
0.145019
0.144993
0.144993
0.144993
0.144967
0.144967
0.144967
0.144941
0.144941
0.144941
0.144915
0.144915
0.144915
0.144889
0.144889
0.144889
0.144863
0.144863
0.144863
0.144836
0.144836
0.144836
0.14481
0.14481
0.14481
0.144784
0.144784
0.144784
0.144758
0.144758
0.144758
0.144732
0.144732
0.144732
0.144705
0.144705
0.144705
0.144679
0.144679
0.144679
0.144653
0.144653
0.144653
0.144626
0.144626
0.144626
0.1446
0.1446
0.1446
0.144574
0.144574
0.144574
0.144547
0.144547
0.144547
0.144521
0.144521
0.144521
0.144495
0.144495
0.144495
0.144468
0.144468
0.144468
0.144442
0.144442
0.144442
0.144415
0.144415
0.144415
0.144389
0.144389
0.144389
0.144362
0.144362
0.144362
0.144336
0.144336
0.144336
0.144309
0.144309
0.144309
0.144282
0.144282
0.144282
0.144256
0.144256
0.144256
0.144229
0.144229
0.144229
0.144202
0.144202
0.144202
0.144176
0.144176
0.144176
0.144149
0.144149
0.144149
0.144122
0.144122
0.144122
0.144095
0.144095
0.144095
0.144069
0.144069
0.144069
0.144042
0.144042
0.144042
0.144015
0.144015
0.144015
0.143988
0.143988
0.143988
0.143961
0.143961
0.143961
0.143934
0.143934
0.143934
0.143907
0.143907
0.143907
0.14388
0.14388
0.14388
0.143853
0.143853
0.143853
0.143826
0.143826
0.143826
0.143799
0.143799
0.143799
0.143772
0.143772
0.143772
0.143745
0.143745
0.143745
0.143718
0.143718
0.143718
0.143691
0.143691
0.143691
0.143664
0.143664
0.143664
0.143637
0.143637
0.143637
0.14361
0.14361
0.14361
0.143582
0.143582
0.143582
0.143555
0.143555
0.143555
0.143528
0.143528
0.143528
0.1435
0.1435
0.1435
0.143473
0.143473
0.143473
0.143446
0.143446
0.143446
0.143418
0.143418
0.143418
0.143391
0.143391
0.143391
0.143364
0.143364
0.143364
0.143336
0.143336
0.143336
0.143309
0.143309
0.143309
0.143281
0.143281
0.143281
0.143253
0.143253
0.143253
0.143226
0.143226
0.143226
0.143198
0.143198
0.143198
0.14317
0.14317
0.14317
0.143142
0.143142
0.143142
0.143113
0.143113
0.143113
0.143082
0.143082
0.143082
0.143049
0.143049
0.143049
0.14301
0.14301
0.14301
0.142961
0.142961
0.142961
0.142891
0.142891
0.142891
0.142781
0.142781
0.142781
0.142591
0.142591
0.142591
0.142247
0.142247
0.142247
0.14161
0.14161
0.14161
0.140422
0.140422
0.140422
0.138243
0.138243
0.138243
0.134402
0.134402
0.134402
0.128087
0.128087
0.128087
0.118706
0.118706
0.118706
0.106463
0.106463
0.106463
0.0926113
0.0926113
0.0926113
0.0789605
0.0789605
0.0789605
0.0669961
0.0669961
0.0669961
0.0573984
0.0573984
0.0573984
0.0501491
0.0501491
0.0501491
0.0448747
0.0448747
0.0448747
0.0411191
0.0411191
0.0411191
0.0384758
0.0384758
0.0384758
0.036626
0.036626
0.036626
0.0353346
0.0353346
0.0353346
0.0344336
0.0344336
0.0344336
0.0338045
0.0338045
0.0338045
0.0333645
0.0333645
0.0333645
0.0330559
0.0330559
0.0330559
0.0328386
0.0328386
0.0328386
0.0326846
0.0326846
0.0326846
0.0325747
0.0325747
0.0325747
0.0324954
0.0324954
0.0324954
0.0324372
0.0324372
0.0324372
0.0323938
0.0323938
0.0323938
0.0323607
0.0323607
0.0323607
0.0323346
0.0323346
0.0323346
0.0323135
0.0323135
0.0323135
0.0322957
0.0322957
0.0322957
0.0322804
0.0322804
0.0322804
0.0322667
0.0322667
0.0322667
0.0322542
0.0322542
0.0322542
0.0322424
0.0322424
0.0322424
0.0322313
0.0322313
0.0322313
0.0322205
0.0322205
0.0322205
0.03221
0.03221
0.03221
0.0321997
0.0321997
0.0321997
0.0321895
0.0321895
0.0321895
0.0321794
0.0321794
0.0321794
0.0321694
0.0321694
0.0321694
0.0321595
0.0321595
0.0321595
0.0321496
0.0321496
0.0321496
0.0321397
0.0321397
0.0321397
0.0321298
0.0321298
0.0321298
0.03212
0.03212
0.03212
0.0321102
0.0321102
0.0321102
0.0321004
0.0321004
0.0321004
0.0320907
0.0320907
0.0320907
0.0320809
0.0320809
0.0320809
0.0320712
0.0320712
0.0320712
0.0320614
0.0320614
0.0320614
0.0320517
0.0320517
0.0320517
0.032042
0.032042
0.032042
0.0320323
0.0320323
0.0320323
0.0320226
0.0320226
0.0320226
0.0320129
0.0320129
0.0320129
0.0320033
0.0320033
0.0320033
0.0319936
0.0319936
0.0319936
0.031984
0.031984
0.031984
0.0319744
0.0319744
0.0319744
0.0319647
0.0319647
0.0319647
0.0319551
0.0319551
0.0319551
0.0319455
0.0319455
0.0319455
0.031936
0.031936
0.031936
0.0319264
0.0319264
0.0319264
0.0319168
0.0319168
0.0319168
0.0319073
0.0319073
0.0319073
0.0318977
0.0318977
0.0318977
0.0318882
0.0318882
0.0318882
0.0318787
0.0318787
0.0318787
0.0318692
0.0318692
0.0318692
0.0318597
0.0318597
0.0318597
0.0318503
0.0318503
0.0318503
0.0318408
0.0318408
0.0318408
0.0318314
0.0318314
0.0318314
0.0318219
0.0318219
0.0318219
0.0318125
0.0318125
0.0318125
0.0318031
0.0318031
0.0318031
0.0317937
0.0317937
0.0317937
0.0317843
0.0317843
0.0317843
0.0317749
0.0317749
0.0317749
0.0317655
0.0317655
0.0317655
0.0317561
0.0317561
0.0317561
0.0317468
0.0317468
0.0317468
0.0317374
0.0317374
0.0317374
0.0317281
0.0317281
0.0317281
0.0317188
0.0317188
0.0317188
0.0317094
0.0317094
0.0317094
0.0317001
0.0317001
0.0317001
0.0316908
0.0316908
0.0316908
0.0316816
0.0316816
0.0316816
0.0316723
0.0316723
0.0316723
0.031663
0.031663
0.031663
0.0316538
0.0316538
0.0316538
0.0316445
0.0316445
0.0316445
0.0316353
0.0316353
0.0316353
0.0316261
0.0316261
0.0316261
0.0316169
0.0316169
0.0316169
0.0316077
0.0316077
0.0316077
0.0315985
0.0315985
0.0315985
0.0315894
0.0315894
0.0315894
0.0315802
0.0315802
0.0315802
0.0315711
0.0315711
0.0315711
0.0315619
0.0315619
0.0315619
0.0315528
0.0315528
0.0315528
0.0315437
0.0315437
0.0315437
0.0315346
0.0315346
0.0315346
0.0315255
0.0315255
0.0315255
0.0315164
0.0315164
0.0315164
0.0315073
0.0315073
0.0315073
0.0314982
0.0314982
0.0314982
0.0314892
0.0314892
0.0314892
0.0314801
0.0314801
0.0314801
0.0314711
0.0314711
0.0314711
0.031462
0.031462
0.031462
0.031453
0.031453
0.031453
0.031444
0.031444
0.031444
0.031435
0.031435
0.031435
0.031426
0.031426
0.031426
0.031417
0.031417
0.031417
0.0314081
0.0314081
0.0314081
0.0313991
0.0313991
0.0313991
0.0313901
0.0313901
0.0313901
0.0313812
0.0313812
0.0313812
0.0313723
0.0313723
0.0313723
0.0313634
0.0313634
0.0313634
0.0313545
0.0313545
0.0313545
0.0313456
0.0313456
0.0313456
0.0313367
0.0313367
0.0313367
0.0313278
0.0313278
0.0313278
0.031319
0.031319
0.031319
0.0313101
0.0313101
0.0313101
0.0313013
0.0313013
0.0313013
0.0312924
0.0312924
0.0312924
0.0312836
0.0312836
0.0312836
0.0312748
0.0312748
0.0312748
0.0312659
0.0312659
0.0312659
0.0312571
0.0312571
0.0312571
0.0312483
0.0312483
0.0312483
0.0312396
0.0312396
0.0312396
0.0312308
0.0312308
0.0312308
0.031222
0.031222
0.031222
0.0312133
0.0312133
0.0312133
0.0312045
0.0312045
0.0312045
0.0311958
0.0311958
0.0311958
0.031187
0.031187
0.031187
0.0311783
0.0311783
0.0311783
0.0311696
0.0311696
0.0311696
0.0311609
0.0311609
0.0311609
0.0311522
0.0311522
0.0311522
0.0311436
0.0311436
0.0311436
0.0311349
0.0311349
0.0311349
0.0311262
0.0311262
0.0311262
0.0311176
0.0311176
0.0311176
0.031109
0.031109
0.031109
0.0311004
0.0311004
0.0311004
0.0310917
0.0310917
0.0310917
0.0310831
0.0310831
0.0310831
0.0310745
0.0310745
0.0310745
0.0310659
0.0310659
0.0310659
0.0310573
0.0310573
0.0310573
0.0310487
0.0310487
0.0310487
0.0310402
0.0310402
0.0310402
0.0310316
0.0310316
0.0310316
0.0310231
0.0310231
0.0310231
0.0310145
0.0310145
0.0310145
0.031006
0.031006
0.031006
0.0309975
0.0309975
0.0309975
0.0309889
0.0309889
0.0309889
0.0309804
0.0309804
0.0309804
0.0309719
0.0309719
0.0309719
0.0309634
0.0309634
0.0309634
0.030955
0.030955
0.030955
0.0309465
0.0309465
0.0309465
0.030938
0.030938
0.030938
0.0309296
0.0309296
0.0309296
0.0309211
0.0309211
0.0309211
0.0309127
0.0309127
0.0309127
0.0309043
0.0309043
0.0309043
0.0308959
0.0308959
0.0308959
0.0308875
0.0308875
0.0308875
0.0308791
0.0308791
0.0308791
0.0308707
0.0308707
0.0308707
0.0308623
0.0308623
0.0308623
0.030854
0.030854
0.030854
0.0308456
0.0308456
0.0308456
0.0308372
0.0308372
0.0308372
0.0308289
0.0308289
0.0308289
0.0308205
0.0308205
0.0308205
0.0308122
0.0308122
0.0308122
0.0308039
0.0308039
0.0308039
0.0307956
0.0307956
0.0307956
0.0307873
0.0307873
0.0307873
0.030779
0.030779
0.030779
0.0307707
0.0307707
0.0307707
0.0307624
0.0307624
0.0307624
0.0307541
0.0307541
0.0307541
0.0307459
0.0307459
0.0307459
0.0307376
0.0307376
0.0307376
0.0307293
0.0307293
0.0307293
0.0307211
0.0307211
0.0307211
0.0307129
0.0307129
0.0307129
0.0307047
0.0307047
0.0307047
0.0306964
0.0306964
0.0306964
0.0306882
0.0306882
0.0306882
0.03068
0.03068
0.03068
0.0306719
0.0306719
0.0306719
0.0306637
0.0306637
0.0306637
0.0306555
0.0306555
0.0306555
0.0306474
0.0306474
0.0306474
0.0306392
0.0306392
0.0306392
0.0306311
0.0306311
0.0306311
0.0306229
0.0306229
0.0306229
0.0306148
0.0306148
0.0306148
0.0306067
0.0306067
0.0306067
0.0305986
0.0305986
0.0305986
0.0305905
0.0305905
0.0305905
0.0305824
0.0305824
0.0305824
0.0305743
0.0305743
0.0305743
0.0305662
0.0305662
0.0305662
0.0305581
0.0305581
0.0305581
0.0305501
0.0305501
0.0305501
0.030542
0.030542
0.030542
0.0305339
0.0305339
0.0305339
0.0305259
0.0305259
0.0305259
0.0305179
0.0305179
0.0305179
0.0305098
0.0305098
0.0305098
0.0305018
0.0305018
0.0305018
0.0304938
0.0304938
0.0304938
0.0304858
0.0304858
0.0304858
0.0304778
0.0304778
0.0304778
0.0304698
0.0304698
0.0304698
0.0304618
0.0304618
0.0304618
0.0304539
0.0304539
0.0304539
0.0304459
0.0304459
0.0304459
0.030438
0.030438
0.030438
0.03043
0.03043
0.03043
0.0304221
0.0304221
0.0304221
0.0304142
0.0304142
0.0304142
0.0304062
0.0304062
0.0304062
0.0303983
0.0303983
0.0303983
0.0303904
0.0303904
0.0303904
0.0303825
0.0303825
0.0303825
0.0303746
0.0303746
0.0303746
0.0303667
0.0303667
0.0303667
0.0303589
0.0303588
0.0303589
0.030351
0.030351
0.030351
0.0303431
0.0303431
0.0303431
0.0303353
0.0303353
0.0303353
0.0303274
0.0303274
0.0303274
0.0303196
0.0303196
0.0303196
0.0303117
0.0303117
0.0303117
0.0303039
0.0303039
0.0303039
0.0302961
0.0302961
0.0302961
0.0302883
0.0302883
0.0302883
0.0302805
0.0302805
0.0302805
0.0302727
0.0302727
0.0302727
0.0302649
0.0302649
0.0302649
0.0302571
0.0302571
0.0302571
0.0302493
0.0302493
0.0302493
0.0302416
0.0302416
0.0302416
0.0302338
0.0302338
0.0302338
0.0302261
0.0302261
0.0302261
0.0302183
0.0302183
0.0302183
0.0302106
0.0302106
0.0302106
0.0302029
0.0302029
0.0302029
0.0301952
0.0301952
0.0301952
0.0301874
0.0301874
0.0301874
0.0301797
0.0301797
0.0301797
0.030172
0.030172
0.030172
0.0301643
0.0301643
0.0301643
0.0301566
0.0301566
0.0301566
0.030149
0.030149
0.030149
0.0301413
0.0301413
0.0301413
0.0301336
0.0301336
0.0301336
0.030126
0.030126
0.030126
0.0301183
0.0301183
0.0301183
0.0301107
0.0301107
0.0301107
0.030103
0.030103
0.030103
0.0300954
0.0300954
0.0300954
0.0300878
0.0300878
0.0300878
0.0300802
0.0300802
0.0300802
0.0300725
0.0300725
0.0300725
0.0300649
0.0300649
0.0300649
0.0300574
0.0300574
0.0300574
0.0300498
0.0300498
0.0300498
0.0300422
0.0300422
0.0300422
0.0300346
0.0300346
0.0300346
0.0300271
0.0300271
0.0300271
0.0300195
0.0300195
0.0300195
0.030012
0.030012
0.030012
0.0300044
0.0300044
0.0300044
0.0299969
0.0299969
0.0299969
0.0299894
0.0299894
0.0299894
0.0299819
0.0299819
0.0299819
0.0299743
0.0299743
0.0299743
0.0299668
0.0299668
0.0299668
0.0299593
0.0299593
0.0299593
0.0299518
0.0299518
0.0299518
0.0299443
0.0299443
0.0299443
0.0299368
0.0299368
0.0299368
0.0299294
0.0299294
0.0299294
0.0299219
0.0299219
0.0299219
0.0299144
0.0299144
0.0299144
0.029907
0.029907
0.029907
0.0298995
0.0298995
0.0298995
0.0298921
0.0298921
0.0298921
0.0298846
0.0298846
0.0298846
0.0298772
0.0298772
0.0298772
0.0298698
0.0298698
0.0298698
0.0298624
0.0298624
0.0298624
0.029855
0.029855
0.029855
0.0298476
0.0298476
0.0298476
0.0298402
0.0298402
0.0298402
0.0298328
0.0298328
0.0298328
0.0298254
0.0298254
0.0298254
0.0298181
0.0298181
0.0298181
0.0298107
0.0298107
0.0298107
0.0298033
0.0298033
0.0298033
0.029796
0.029796
0.029796
0.0297886
0.0297886
0.0297886
0.0297813
0.0297813
0.0297813
0.029774
0.029774
0.029774
0.0297666
0.0297666
0.0297666
0.0297593
0.0297593
0.0297593
0.029752
0.029752
0.029752
0.0297447
0.0297447
0.0297447
0.0297374
0.0297374
0.0297374
0.0297301
0.0297301
0.0297301
0.0297228
0.0297228
0.0297228
0.0297155
0.0297155
0.0297155
0.0297082
0.0297082
0.0297082
0.0297009
0.0297009
0.0297009
0.0296937
0.0296937
0.0296937
0.0296864
0.0296864
0.0296864
0.0296792
0.0296792
0.0296792
0.0296719
0.0296719
0.0296719
0.0296647
0.0296647
0.0296647
0.0296575
0.0296575
0.0296575
0.0296502
0.0296502
0.0296502
0.029643
0.029643
0.029643
0.0296358
0.0296358
0.0296358
0.0296286
0.0296286
0.0296286
0.0296214
0.0296214
0.0296214
0.0296142
0.0296142
0.0296142
0.0296071
0.029607
0.0296071
0.0295999
0.0295999
0.0295999
0.0295927
0.0295927
0.0295927
0.0295855
0.0295855
0.0295855
0.0295784
0.0295784
0.0295784
0.0295712
0.0295712
0.0295712
0.0295641
0.0295641
0.0295641
0.0295569
0.0295569
0.0295569
0.0295498
0.0295498
0.0295498
0.0295426
0.0295426
0.0295426
0.0295355
0.0295355
0.0295355
0.0295284
0.0295284
0.0295284
0.0295213
0.0295213
0.0295213
0.0295142
0.0295142
0.0295142
0.0295071
0.0295071
0.0295071
0.0295
0.0295
0.0295
0.0294929
0.0294929
0.0294929
0.0294858
0.0294858
0.0294858
0.0294787
0.0294787
0.0294787
0.0294716
0.0294716
0.0294716
0.0294646
0.0294646
0.0294646
0.0294575
0.0294575
0.0294575
0.0294505
0.0294505
0.0294505
0.0294434
0.0294434
0.0294434
0.0294364
0.0294364
0.0294364
0.0294294
0.0294294
0.0294294
0.0294223
0.0294223
0.0294223
0.0294153
0.0294153
0.0294153
0.0294083
0.0294083
0.0294083
0.0294013
0.0294013
0.0294013
0.0293943
0.0293943
0.0293943
0.0293873
0.0293873
0.0293873
0.0293803
0.0293803
0.0293803
0.0293733
0.0293733
0.0293733
0.0293663
0.0293663
0.0293663
0.0293594
0.0293594
0.0293594
0.0293524
0.0293524
0.0293524
0.0293454
0.0293454
0.0293454
0.0293385
0.0293385
0.0293385
0.0293315
0.0293315
0.0293315
0.0293246
0.0293246
0.0293246
0.0293176
0.0293176
0.0293176
0.0293107
0.0293107
0.0293107
0.0293038
0.0293038
0.0293038
0.0292968
0.0292968
0.0292968
0.0292899
0.0292899
0.0292899
0.029283
0.029283
0.029283
0.0292761
0.0292761
0.0292761
0.0292692
0.0292692
0.0292692
0.0292623
0.0292623
0.0292623
0.0292554
0.0292554
0.0292554
0.0292486
0.0292486
0.0292486
0.0292417
0.0292417
0.0292417
0.0292348
0.0292348
0.0292348
0.029228
0.029228
0.029228
0.0292211
0.0292211
0.0292211
0.0292143
0.0292143
0.0292143
0.0292074
0.0292074
0.0292074
0.0292006
0.0292006
0.0292006
0.0291937
0.0291937
0.0291937
0.0291869
0.0291869
0.0291869
0.0291801
0.0291801
0.0291801
0.0291733
0.0291733
0.0291733
0.0291664
0.0291664
0.0291664
0.0291596
0.0291596
0.0291596
0.0291528
0.0291528
0.0291528
0.029146
0.029146
0.029146
0.0291392
0.0291392
0.0291392
0.0291325
0.0291325
0.0291325
0.0291257
0.0291257
0.0291257
0.0291189
0.0291189
0.0291189
0.0291121
0.0291121
0.0291121
0.0291054
0.0291054
0.0291054
0.0290986
0.0290986
0.0290986
0.0290919
0.0290919
0.0290919
0.0290851
0.0290851
0.0290851
0.0290784
0.0290784
0.0290784
0.0290716
0.0290716
0.0290716
0.0290649
0.0290649
0.0290649
0.0290582
0.0290582
0.0290582
0.0290515
0.0290515
0.0290515
0.0290448
0.0290448
0.0290448
0.0290381
0.0290381
0.0290381
0.0290314
0.0290314
0.0290314
0.0290247
0.0290247
0.0290247
0.029018
0.029018
0.029018
0.0290113
0.0290113
0.0290113
0.0290046
0.0290046
0.0290046
0.0289979
0.0289979
0.0289979
0.0289913
0.0289913
0.0289913
0.0289846
0.0289846
0.0289846
0.0289779
0.0289779
0.0289779
0.0289713
0.0289713
0.0289713
0.0289646
0.0289646
0.0289646
0.028958
0.028958
0.028958
0.0289513
0.0289513
0.0289513
0.0289447
0.0289447
0.0289447
0.0289381
0.0289381
0.0289381
0.0289315
0.0289315
0.0289315
0.0289248
0.0289248
0.0289248
0.0289182
0.0289182
0.0289182
0.0289116
0.0289116
0.0289116
0.028905
0.028905
0.028905
0.0288984
0.0288984
0.0288984
0.0288918
0.0288918
0.0288918
0.0288852
0.0288852
0.0288852
0.0288787
0.0288787
0.0288787
0.0288721
0.0288721
0.0288721
0.0288656
0.0288656
0.0288656
0.028859
0.028859
0.028859
0.0288524
0.0288524
0.0288524
0.0288459
0.0288459
0.0288459
0.0288393
0.0288393
0.0288393
0.0288328
0.0288328
0.0288328
0.0288262
0.0288262
0.0288262
0.0288197
0.0288197
0.0288197
0.0288132
0.0288132
0.0288132
0.0288067
0.0288067
0.0288067
0.0288001
0.0288001
0.0288001
0.0287936
0.0287936
0.0287936
0.0287871
0.0287871
0.0287871
0.0287806
0.0287806
0.0287806
0.0287741
0.0287741
0.0287741
0.0287676
0.0287676
0.0287676
0.0287611
0.0287611
0.0287611
0.0287546
0.0287546
0.0287546
0.0287482
0.0287482
0.0287482
0.0287417
0.0287417
0.0287417
0.0287352
0.0287352
0.0287352
0.0287288
0.0287288
0.0287288
0.0287223
0.0287223
0.0287223
0.0287159
0.0287159
0.0287159
0.0287094
0.0287094
0.0287094
0.028703
0.028703
0.028703
0.0286966
0.0286966
0.0286966
0.0286901
0.0286901
0.0286901
0.0286837
0.0286837
0.0286837
0.0286773
0.0286773
0.0286773
0.0286709
0.0286709
0.0286709
0.0286645
0.0286645
0.0286645
0.028658
0.028658
0.028658
0.0286516
0.0286516
0.0286516
0.0286452
0.0286452
0.0286452
0.0286388
0.0286388
0.0286388
0.0286325
0.0286325
0.0286325
0.0286261
0.0286261
0.0286261
0.0286197
0.0286197
0.0286197
0.0286133
0.0286133
0.0286133
0.0286069
0.0286069
0.0286069
0.0286006
0.0286006
0.0286006
0.0285942
0.0285942
0.0285942
0.0285879
0.0285879
0.0285879
0.0285815
0.0285815
0.0285815
0.0285752
0.0285752
0.0285752
0.0285688
0.0285688
0.0285688
0.0285625
0.0285625
0.0285625
0.0285562
0.0285562
0.0285562
0.0285498
0.0285498
0.0285498
0.0285435
0.0285435
0.0285435
0.0285372
0.0285372
0.0285372
0.0285309
0.0285309
0.0285309
0.0285246
0.0285246
0.0285246
0.0285183
0.0285183
0.0285183
0.028512
0.028512
0.028512
0.0285058
0.0285058
0.0285058
0.0284995
0.0284995
0.0284995
0.0284932
0.0284932
0.0284932
0.0284869
0.0284869
0.0284869
0.0284806
0.0284806
0.0284806
0.0284744
0.0284744
0.0284744
0.0284681
0.0284681
0.0284681
0.0284618
0.0284618
0.0284618
0.0284556
0.0284556
0.0284556
0.0284493
0.0284493
0.0284493
0.0284431
0.0284431
0.0284431
0.0284368
0.0284368
0.0284368
0.0284306
0.0284306
0.0284306
0.0284244
0.0284244
0.0284244
0.0284182
0.0284182
0.0284182
0.0284119
0.0284119
0.0284119
0.0284057
0.0284057
0.0284057
0.0283995
0.0283995
0.0283995
0.0283933
0.0283933
0.0283933
0.0283871
0.0283871
0.0283871
0.0283809
0.0283809
0.0283809
0.0283747
0.0283747
0.0283747
0.0283685
0.0283685
0.0283685
0.0283623
0.0283623
0.0283623
0.0283562
0.0283562
0.0283562
0.02835
0.02835
0.02835
0.0283438
0.0283438
0.0283438
0.0283377
0.0283377
0.0283377
0.0283315
0.0283315
0.0283315
0.0283254
0.0283254
0.0283254
0.0283192
0.0283192
0.0283192
0.0283131
0.0283131
0.0283131
0.0283069
0.0283069
0.0283069
0.0283008
0.0283008
0.0283008
0.0282947
0.0282947
0.0282947
0.0282885
0.0282885
0.0282885
0.0282824
0.0282824
0.0282824
0.0282763
0.0282763
0.0282763
0.0282702
0.0282702
0.0282702
0.028264
0.028264
0.028264
0.0282579
0.0282579
0.0282579
0.0282518
0.0282518
0.0282518
0.0282457
0.0282457
0.0282457
0.0282396
0.0282396
0.0282396
0.0282336
0.0282336
0.0282336
0.0282275
0.0282275
0.0282275
0.0282214
0.0282214
0.0282214
0.0282153
0.0282153
0.0282153
0.0282093
0.0282093
0.0282093
0.0282032
0.0282032
0.0282032
0.0281972
0.0281972
0.0281972
0.0281911
0.0281911
0.0281911
0.0281851
0.0281851
0.0281851
0.028179
0.028179
0.028179
0.028173
0.028173
0.028173
0.0281669
0.0281669
0.0281669
0.0281609
0.0281609
0.0281609
0.0281548
0.0281548
0.0281548
0.0281488
0.0281488
0.0281488
0.0281428
0.0281428
0.0281428
0.0281368
0.0281368
0.0281368
0.0281308
0.0281308
0.0281308
0.0281248
0.0281248
0.0281248
0.0281187
0.0281187
0.0281187
0.0281127
0.0281127
0.0281127
0.0281067
0.0281067
0.0281067
0.0281008
0.0281008
0.0281008
0.0280948
0.0280948
0.0280948
0.0280888
0.0280888
0.0280888
0.0280828
0.0280828
0.0280828
0.0280768
0.0280768
0.0280768
0.0280709
0.0280709
0.0280709
0.0280649
0.0280649
0.0280649
0.0280589
0.0280589
0.0280589
0.028053
0.028053
0.028053
0.028047
0.028047
0.028047
0.0280411
0.0280411
0.0280411
0.0280351
0.0280351
0.0280351
0.0280292
0.0280292
0.0280292
0.0280233
0.0280233
0.0280233
0.0280173
0.0280173
0.0280173
0.0280114
0.0280114
0.0280114
0.0280055
0.0280055
0.0280055
0.0279996
0.0279996
0.0279996
0.0279937
0.0279937
0.0279937
0.0279877
0.0279877
0.0279877
0.0279818
0.0279818
0.0279818
0.0279759
0.0279759
0.0279759
0.02797
0.02797
0.02797
0.0279641
0.0279641
0.0279641
0.0279582
0.0279582
0.0279582
0.0279524
0.0279524
0.0279524
0.0279465
0.0279465
0.0279465
0.0279406
0.0279406
0.0279406
0.0279347
0.0279347
0.0279347
0.0279288
0.0279288
0.0279288
0.027923
0.027923
0.027923
0.0279171
0.0279171
0.0279171
0.0279113
0.0279113
0.0279113
0.0279054
0.0279054
0.0279054
0.0278996
0.0278996
0.0278996
0.0278937
0.0278937
0.0278937
0.0278879
0.0278879
0.0278879
0.027882
0.027882
0.027882
0.0278762
0.0278762
0.0278762
0.0278704
0.0278704
0.0278704
0.0278646
0.0278646
0.0278646
0.0278588
0.0278588
0.0278588
0.027853
0.027853
0.027853
0.0278471
0.0278471
0.0278471
0.0278413
0.0278413
0.0278413
0.0278355
0.0278355
0.0278355
0.0278297
0.0278297
0.0278297
0.0278239
0.0278239
0.0278239
0.0278181
0.0278181
0.0278181
0.0278123
0.0278123
0.0278123
0.0278066
0.0278066
0.0278066
0.0278008
0.0278008
0.0278008
0.027795
0.027795
0.027795
0.0277892
0.0277892
0.0277892
0.0277835
0.0277835
0.0277835
0.0277777
0.0277777
0.0277777
0.0277719
0.0277719
0.0277719
0.0277662
0.0277662
0.0277662
0.0277604
0.0277604
0.0277604
0.0277547
0.0277547
0.0277547
0.0277489
0.0277489
0.0277489
0.0277432
0.0277432
0.0277432
0.0277375
0.0277375
0.0277375
0.0277317
0.0277317
0.0277317
0.027726
0.027726
0.027726
0.0277203
0.0277203
0.0277203
0.0277146
0.0277146
0.0277146
0.0277089
0.0277089
0.0277089
0.0277032
0.0277032
0.0277032
0.0276974
0.0276974
0.0276974
0.0276917
0.0276917
0.0276917
0.027686
0.027686
0.027686
0.0276803
0.0276803
0.0276803
0.0276746
0.0276746
0.0276746
0.0276689
0.0276689
0.0276689
0.0276633
0.0276633
0.0276633
0.0276576
0.0276576
0.0276576
0.0276519
0.0276519
0.0276519
0.0276462
0.0276462
0.0276462
0.0276405
0.0276405
0.0276405
0.0276349
0.0276349
0.0276349
0.0276292
0.0276292
0.0276292
0.0276236
0.0276236
0.0276236
0.0276179
0.0276179
0.0276179
0.0276122
0.0276122
0.0276122
0.0276066
0.0276066
0.0276066
0.027601
0.027601
0.027601
0.0275953
0.0275953
0.0275953
0.0275897
0.0275897
0.0275897
0.027584
0.027584
0.027584
0.0275784
0.0275784
0.0275784
0.0275728
0.0275728
0.0275728
0.0275672
0.0275672
0.0275672
0.0275616
0.0275616
0.0275616
0.027556
0.027556
0.027556
0.0275504
0.0275504
0.0275504
0.0275448
0.0275448
0.0275448
0.0275392
0.0275392
0.0275392
0.0275336
0.0275336
0.0275336
0.027528
0.027528
0.027528
0.0275224
0.0275224
0.0275224
0.0275168
0.0275168
0.0275168
0.0275112
0.0275112
0.0275112
0.0275056
0.0275056
0.0275056
0.0275
0.0275
0.0275
0.0274945
0.0274945
0.0274945
0.0274889
0.0274889
0.0274889
0.0274833
0.0274833
0.0274833
0.0274778
0.0274778
0.0274778
0.0274722
0.0274722
0.0274722
0.0274667
0.0274667
0.0274667
0.0274611
0.0274611
0.0274611
0.0274556
0.0274556
0.0274556
0.02745
0.02745
0.02745
0.0274445
0.0274445
0.0274445
0.0274389
0.0274389
0.0274389
0.0274334
0.0274334
0.0274334
0.0274279
0.0274279
0.0274279
0.0274224
0.0274224
0.0274224
0.0274168
0.0274168
0.0274168
0.0274113
0.0274113
0.0274113
0.0274058
0.0274058
0.0274058
0.0274003
0.0274003
0.0274003
0.0273948
0.0273948
0.0273948
0.0273893
0.0273893
0.0273893
0.0273838
0.0273838
0.0273838
0.0273783
0.0273783
0.0273783
0.0273728
0.0273728
0.0273728
0.0273673
0.0273673
0.0273673
0.0273619
0.0273619
0.0273619
0.0273564
0.0273564
0.0273564
0.0273509
0.0273509
0.0273509
0.0273454
0.0273454
0.0273454
0.0273399
0.0273399
0.0273399
0.0273345
0.0273345
0.0273345
0.027329
0.027329
0.027329
0.0273236
0.0273236
0.0273236
0.0273181
0.0273181
0.0273181
0.0273126
0.0273126
0.0273126
0.0273072
0.0273072
0.0273072
0.0273017
0.0273017
0.0273017
0.0272963
0.0272963
0.0272963
0.0272909
0.0272909
0.0272909
0.0272854
0.0272854
0.0272854
0.02728
0.02728
0.02728
0.0272746
0.0272746
0.0272746
0.0272692
0.0272692
0.0272692
0.0272638
0.0272638
0.0272638
0.0272583
0.0272583
0.0272583
0.0272529
0.0272529
0.0272529
0.0272475
0.0272475
0.0272475
0.0272421
0.0272421
0.0272421
0.0272367
0.0272367
0.0272367
0.0272313
0.0272313
0.0272313
0.0272259
0.0272259
0.0272259
0.0272205
0.0272205
0.0272205
0.0272151
0.0272151
0.0272151
0.0272097
0.0272097
0.0272097
0.0272044
0.0272044
0.0272044
0.027199
0.027199
0.027199
0.0271936
0.0271936
0.0271936
0.0271882
0.0271882
0.0271882
0.0271829
0.0271829
0.0271829
0.0271775
0.0271775
0.0271775
0.0271721
0.0271721
0.0271721
0.0271668
0.0271668
0.0271668
0.0271614
0.0271614
0.0271614
0.0271561
0.0271561
0.0271561
0.0271507
0.0271507
0.0271507
0.0271454
0.0271454
0.0271454
0.02714
0.02714
0.02714
0.0271347
0.0271347
0.0271347
0.0271294
0.0271294
0.0271294
0.027124
0.027124
0.027124
0.0271187
0.0271187
0.0271187
0.0271134
0.0271134
0.0271134
0.0271081
0.0271081
0.0271081
0.0271028
0.0271028
0.0271028
0.0270974
0.0270974
0.0270974
0.0270921
0.0270921
0.0270921
0.0270868
0.0270868
0.0270868
0.0270815
0.0270815
0.0270815
0.0270762
0.0270762
0.0270762
0.0270709
0.0270709
0.0270709
0.0270656
0.0270656
0.0270656
0.0270603
0.0270603
0.0270603
0.027055
0.027055
0.027055
0.0270498
0.0270498
0.0270498
0.0270445
0.0270445
0.0270445
0.0270392
0.0270392
0.0270392
0.0270339
0.0270339
0.0270339
0.0270286
0.0270286
0.0270286
0.0270234
0.0270234
0.0270234
0.0270181
0.0270181
0.0270181
0.0270128
0.0270128
0.0270128
0.0270076
0.0270076
0.0270076
0.0270023
0.0270023
0.0270023
0.0269971
0.0269971
0.0269971
0.0269918
0.0269918
0.0269918
0.0269866
0.0269866
0.0269866
0.0269814
0.0269814
0.0269814
0.0269761
0.0269761
0.0269761
0.0269709
0.0269709
0.0269709
0.0269657
0.0269657
0.0269657
0.0269604
0.0269604
0.0269604
0.0269552
0.0269552
0.0269552
0.02695
0.02695
0.02695
0.0269448
0.0269448
0.0269448
0.0269396
0.0269396
0.0269396
0.0269343
0.0269343
0.0269343
0.0269291
0.0269291
0.0269291
0.0269239
0.0269239
0.0269239
0.0269187
0.0269187
0.0269187
0.0269135
0.0269135
0.0269135
0.0269083
0.0269083
0.0269083
0.0269031
0.0269031
0.0269031
0.0268979
0.0268979
0.0268979
0.0268928
0.0268928
0.0268928
0.0268876
0.0268876
0.0268876
0.0268824
0.0268824
0.0268824
0.0268772
0.0268772
0.0268772
0.026872
0.026872
0.026872
0.0268669
0.0268669
0.0268669
0.0268617
0.0268617
0.0268617
0.0268565
0.0268565
0.0268565
0.0268514
0.0268514
0.0268514
0.0268462
0.0268462
0.0268462
0.0268411
0.0268411
0.0268411
0.0268359
0.0268359
0.0268359
0.0268308
0.0268308
0.0268308
0.0268257
0.0268257
0.0268257
0.0268205
0.0268205
0.0268205
0.0268154
0.0268154
0.0268154
0.0268102
0.0268102
0.0268102
0.0268051
0.0268051
0.0268051
0.0268
0.0268
0.0268
0.0267948
0.0267948
0.0267948
0.0267897
0.0267897
0.0267897
0.0267846
0.0267846
0.0267846
0.0267795
0.0267795
0.0267795
0.0267744
0.0267744
0.0267744
0.0267692
0.0267692
0.0267692
0.0267641
0.0267641
0.0267641
0.026759
0.026759
0.026759
0.0267539
0.0267539
0.0267539
0.0267488
0.0267488
0.0267488
0.0267437
0.0267437
0.0267437
0.0267386
0.0267386
0.0267386
0.0267335
0.0267335
0.0267335
0.0267285
0.0267285
0.0267285
0.0267234
0.0267234
0.0267234
0.0267183
0.0267183
0.0267183
0.0267132
0.0267132
0.0267132
0.0267082
0.0267082
0.0267082
0.0267031
0.0267031
0.0267031
0.026698
0.026698
0.026698
0.026693
0.026693
0.026693
0.0266879
0.0266879
0.0266879
0.0266829
0.0266829
0.0266829
0.0266778
0.0266778
0.0266778
0.0266727
0.0266727
0.0266727
0.0266677
0.0266677
0.0266677
0.0266626
0.0266626
0.0266626
0.0266576
0.0266576
0.0266576
0.0266526
0.0266526
0.0266526
0.0266475
0.0266475
0.0266475
0.0266425
0.0266425
0.0266425
0.0266375
0.0266375
0.0266375
0.0266324
0.0266324
0.0266324
0.0266274
0.0266274
0.0266274
0.0266224
0.0266224
0.0266224
0.0266173
0.0266173
0.0266173
0.0266123
0.0266123
0.0266123
0.0266073
0.0266073
0.0266073
0.0266023
0.0266023
0.0266023
0.0265973
0.0265973
0.0265973
0.0265923
0.0265923
0.0265923
0.0265873
0.0265873
0.0265873
0.0265823
0.0265823
0.0265823
0.0265773
0.0265773
0.0265773
0.0265723
0.0265723
0.0265723
0.0265673
0.0265673
0.0265673
0.0265623
0.0265623
0.0265623
0.0265574
0.0265574
0.0265574
0.0265524
0.0265524
0.0265524
0.0265474
0.0265474
0.0265474
0.0265424
0.0265424
0.0265424
0.0265375
0.0265375
0.0265375
0.0265325
0.0265325
0.0265325
0.0265275
0.0265275
0.0265275
0.0265226
0.0265226
0.0265226
0.0265176
0.0265176
0.0265176
0.0265126
0.0265126
0.0265126
0.0265077
0.0265077
0.0265077
0.0265027
0.0265027
0.0265027
0.0264978
0.0264978
0.0264978
0.0264928
0.0264928
0.0264928
0.0264879
0.0264879
0.0264879
0.0264829
0.0264829
0.0264829
0.026478
0.026478
0.026478
0.0264731
0.0264731
0.0264731
0.0264681
0.0264681
0.0264681
0.0264632
0.0264632
0.0264632
0.0264583
0.0264583
0.0264583
0.0264534
0.0264534
0.0264534
0.0264484
0.0264484
0.0264484
0.0264435
0.0264435
0.0264435
0.0264386
0.0264386
0.0264386
0.0264337
0.0264337
0.0264337
0.0264288
0.0264288
0.0264288
0.0264239
0.0264239
0.0264239
0.026419
0.026419
0.026419
0.0264141
0.0264141
0.0264141
0.0264092
0.0264092
0.0264092
0.0264043
0.0264043
0.0264043
0.0263994
0.0263994
0.0263994
0.0263945
0.0263945
0.0263945
0.0263897
0.0263897
0.0263897
0.0263848
0.0263848
0.0263848
0.0263799
0.0263799
0.0263799
0.026375
0.026375
0.026375
0.0263701
0.0263701
0.0263701
0.0263653
0.0263653
0.0263653
0.0263604
0.0263604
0.0263604
0.0263555
0.0263555
0.0263555
0.0263507
0.0263507
0.0263507
0.0263458
0.0263458
0.0263458
0.0263409
0.0263409
0.0263409
0.0263361
0.0263361
0.0263361
0.0263312
0.0263312
0.0263312
0.0263264
0.0263264
0.0263264
0.0263215
0.0263215
0.0263215
0.0263167
0.0263167
0.0263167
0.0263118
0.0263118
0.0263118
0.026307
0.026307
0.026307
0.0263022
0.0263022
0.0263022
0.0262974
0.0262974
0.0262974
0.0262925
0.0262925
0.0262925
0.0262877
0.0262877
0.0262877
0.0262829
0.0262829
0.0262829
0.0262781
0.0262781
0.0262781
0.0262732
0.0262732
0.0262732
0.0262684
0.0262684
0.0262684
0.0262636
0.0262636
0.0262636
0.0262588
0.0262588
0.0262588
0.026254
0.026254
0.026254
0.0262492
0.0262492
0.0262492
0.0262444
0.0262444
0.0262444
0.0262396
0.0262396
0.0262396
0.0262348
0.0262348
0.0262348
0.02623
0.02623
0.02623
0.0262252
0.0262252
0.0262252
0.0262204
0.0262204
0.0262204
0.0262156
0.0262156
0.0262156
0.0262108
0.0262108
0.0262108
0.026206
0.026206
0.026206
0.0262013
0.0262013
0.0262013
0.0261965
0.0261965
0.0261965
0.0261917
0.0261917
0.0261917
0.0261869
0.0261869
0.0261869
0.0261822
0.0261822
0.0261822
0.0261774
0.0261774
0.0261774
0.0261727
0.0261727
0.0261727
0.0261679
0.0261679
0.0261679
0.0261632
0.0261632
0.0261632
0.0261584
0.0261584
0.0261584
0.0261537
0.0261537
0.0261537
0.0261489
0.0261489
0.0261489
0.0261442
0.0261442
0.0261442
0.0261394
0.0261394
0.0261394
0.0261347
0.0261347
0.0261347
0.0261299
0.0261299
0.0261299
0.0261252
0.0261252
0.0261252
0.0261205
0.0261205
0.0261205
0.0261157
0.0261157
0.0261157
0.026111
0.026111
0.026111
0.0261063
0.0261063
0.0261063
0.0261016
0.0261016
0.0261016
0.0260968
0.0260968
0.0260968
0.0260921
0.0260921
0.0260921
0.0260874
0.0260874
0.0260874
0.0260827
0.0260827
0.0260827
0.026078
0.026078
0.026078
0.0260733
0.0260733
0.0260733
0.0260686
0.0260686
0.0260686
0.0260639
0.0260639
0.0260639
0.0260592
0.0260592
0.0260592
0.0260545
0.0260545
0.0260545
0.0260498
0.0260498
0.0260498
0.0260451
0.0260451
0.0260451
0.0260404
0.0260404
0.0260404
0.0260358
0.0260358
0.0260358
0.0260311
0.0260311
0.0260311
0.0260264
0.0260264
0.0260264
0.0260217
0.0260217
0.0260217
0.026017
0.026017
0.026017
0.0260124
0.0260124
0.0260124
0.0260077
0.0260077
0.0260077
0.026003
0.026003
0.026003
0.0259984
0.0259984
0.0259984
0.0259937
0.0259937
0.0259937
0.025989
0.025989
0.025989
0.0259844
0.0259844
0.0259844
0.0259797
0.0259797
0.0259797
0.0259751
0.0259751
0.0259751
0.0259704
0.0259704
0.0259704
0.0259658
0.0259658
0.0259658
0.0259611
0.0259611
0.0259611
0.0259565
0.0259565
0.0259565
0.0259518
0.0259518
0.0259518
0.0259472
0.0259472
0.0259472
0.0259426
0.0259426
0.0259426
0.0259379
0.0259379
0.0259379
0.0259333
0.0259333
0.0259333
0.0259287
0.0259287
0.0259287
0.0259241
0.0259241
0.0259241
0.0259194
0.0259194
0.0259194
0.0259148
0.0259148
0.0259148
0.0259102
0.0259102
0.0259102
0.0259056
0.0259056
0.0259056
0.025901
0.025901
0.025901
0.0258964
0.0258964
0.0258964
0.0258918
0.0258918
0.0258918
0.0258872
0.0258872
0.0258872
0.0258826
0.0258826
0.0258826
0.025878
0.025878
0.025878
0.0258734
0.0258734
0.0258734
0.0258688
0.0258688
0.0258688
0.0258642
0.0258642
0.0258642
0.0258596
0.0258596
0.0258596
0.025855
0.025855
0.025855
0.0258504
0.0258504
0.0258504
0.0258458
0.0258458
0.0258458
0.0258413
0.0258413
0.0258413
0.0258367
0.0258367
0.0258367
0.0258321
0.0258321
0.0258321
0.0258275
0.0258275
0.0258275
0.025823
0.025823
0.025823
0.0258184
0.0258184
0.0258184
0.0258138
0.0258138
0.0258138
0.0258093
0.0258093
0.0258093
0.0258047
0.0258047
0.0258047
0.0258001
0.0258001
0.0258001
0.0257956
0.0257956
0.0257956
0.0257911
0.0257911
0.0257911
0.0257865
0.0257865
0.0257865
0.025782
0.025782
0.025782
0.0257774
0.0257774
0.0257774
0.0257729
0.0257729
0.0257729
0.0257683
0.0257683
0.0257683
0.0257638
0.0257638
0.0257638
0.0257593
0.0257593
0.0257593
0.0257547
0.0257547
0.0257547
0.0257502
0.0257502
0.0257502
0.0257457
0.0257457
0.0257457
0.0257411
0.0257411
0.0257411
0.0257366
0.0257366
0.0257366
0.0257321
0.0257321
0.0257321
0.0257276
0.0257276
0.0257276
0.0257231
0.0257231
0.0257231
0.0257186
0.0257186
0.0257186
0.025714
0.025714
0.025714
0.0257095
0.0257095
0.0257095
0.025705
0.025705
0.025705
0.0257005
0.0257005
0.0257005
0.025696
0.025696
0.025696
0.0256915
0.0256915
0.0256915
0.025687
0.025687
0.025687
0.0256825
0.0256825
0.0256825
0.0256781
0.0256781
0.0256781
0.0256736
0.0256736
0.0256736
0.0256691
0.0256691
0.0256691
0.0256646
0.0256646
0.0256646
0.0256601
0.0256601
0.0256601
0.0256556
0.0256556
0.0256556
0.0256512
0.0256512
0.0256512
0.0256467
0.0256467
0.0256467
0.0256422
0.0256422
0.0256422
0.0256377
0.0256377
0.0256377
0.0256333
0.0256333
0.0256333
0.0256288
0.0256288
0.0256288
0.0256243
0.0256243
0.0256243
0.0256199
0.0256199
0.0256199
0.0256154
0.0256154
0.0256154
0.025611
0.025611
0.025611
0.0256065
0.0256065
0.0256065
0.0256021
0.0256021
0.0256021
0.0255976
0.0255976
0.0255976
0.0255932
0.0255932
0.0255932
0.0255887
0.0255887
0.0255887
0.0255843
0.0255843
0.0255843
0.0255798
0.0255798
0.0255798
0.0255754
0.0255754
0.0255754
0.0255709
0.0255709
0.0255709
0.0255665
0.0255665
0.0255665
0.0255621
0.0255621
0.0255621
0.0255577
0.0255577
0.0255577
0.0255533
0.0255533
0.0255533
0.0255488
0.0255488
0.0255488
0.0255444
0.0255444
0.0255444
0.02554
0.02554
0.02554
0.0255356
0.0255356
0.0255356
0.0255312
0.0255312
0.0255312
0.0255268
0.0255268
0.0255268
0.0255223
0.0255223
0.0255223
0.0255179
0.0255179
0.0255179
0.0255135
0.0255135
0.0255135
0.0255091
0.0255091
0.0255091
0.0255047
0.0255047
0.0255047
0.0255003
0.0255003
0.0255003
0.0254959
0.0254959
0.0254959
0.0254915
0.0254915
0.0254915
0.0254871
0.0254871
0.0254871
0.0254827
0.0254827
0.0254827
0.0254783
0.0254783
0.0254783
0.025474
0.025474
0.025474
0.0254696
0.0254696
0.0254696
0.0254652
0.0254652
0.0254652
0.0254608
0.0254608
0.0254608
0.0254564
0.0254564
0.0254564
0.0254521
0.0254521
0.0254521
0.0254477
0.0254477
0.0254477
0.0254433
0.0254433
0.0254433
0.025439
0.025439
0.025439
0.0254346
0.0254346
0.0254346
0.0254303
0.0254303
0.0254303
0.0254259
0.0254259
0.0254259
0.0254215
0.0254215
0.0254215
0.0254172
0.0254172
0.0254172
0.0254128
0.0254128
0.0254128
0.0254085
0.0254085
0.0254085
0.0254041
0.0254041
0.0254041
0.0253998
0.0253998
0.0253998
0.0253954
0.0253954
0.0253954
0.0253911
0.0253911
0.0253911
0.0253868
0.0253868
0.0253868
0.0253824
0.0253824
0.0253824
0.0253781
0.0253781
0.0253781
0.0253737
0.0253737
0.0253737
0.0253694
0.0253694
0.0253694
0.0253651
0.0253651
0.0253651
0.0253608
0.0253608
0.0253608
0.0253564
0.0253564
0.0253564
0.0253521
0.0253521
0.0253521
0.0253478
0.0253478
0.0253478
0.0253435
0.0253435
0.0253435
0.0253391
0.0253391
0.0253391
0.0253348
0.0253348
0.0253348
0.0253305
0.0253305
0.0253305
0.0253262
0.0253262
0.0253262
0.0253219
0.0253219
0.0253219
0.0253176
0.0253176
0.0253176
0.0253133
0.0253133
0.0253133
0.025309
0.025309
0.025309
0.0253047
0.0253047
0.0253047
0.0253004
0.0253004
0.0253004
0.0252961
0.0252961
0.0252961
0.0252918
0.0252918
0.0252918
0.0252875
0.0252875
0.0252875
0.0252833
0.0252833
0.0252833
0.025279
0.025279
0.025279
0.0252747
0.0252747
0.0252747
0.0252704
0.0252704
0.0252704
0.0252661
0.0252661
0.0252661
0.0252618
0.0252618
0.0252618
0.0252576
0.0252576
0.0252576
0.0252533
0.0252533
0.0252533
0.025249
0.025249
0.025249
0.0252448
0.0252448
0.0252448
0.0252405
0.0252405
0.0252405
0.0252362
0.0252362
0.0252362
0.025232
0.025232
0.025232
0.0252277
0.0252277
0.0252277
0.0252234
0.0252234
0.0252234
0.0252192
0.0252192
0.0252192
0.0252149
0.0252149
0.0252149
0.0252107
0.0252107
0.0252107
0.0252064
0.0252064
0.0252064
0.0252022
0.0252022
0.0252022
0.025198
0.025198
0.025198
0.0251937
0.0251937
0.0251937
0.0251895
0.0251895
0.0251895
0.0251853
0.0251853
0.0251853
0.025181
0.025181
0.025181
0.0251768
0.0251768
0.0251768
0.0251725
0.0251725
0.0251725
0.0251683
0.0251683
0.0251683
0.0251641
0.0251641
0.0251641
0.0251599
0.0251599
0.0251599
0.0251556
0.0251556
0.0251556
0.0251514
0.0251514
0.0251514
0.0251472
0.0251472
0.0251472
0.025143
0.025143
0.025143
0.0251388
0.0251388
0.0251388
0.0251345
0.0251345
0.0251345
0.0251303
0.0251303
0.0251303
0.0251261
0.0251261
0.0251261
0.0251219
0.0251219
0.0251219
0.0251177
0.0251177
0.0251177
0.0251135
0.0251135
0.0251135
0.0251093
0.0251093
0.0251093
0.0251051
0.0251051
0.0251051
0.0251009
0.0251009
0.0251009
0.0250967
0.0250967
0.0250967
0.0250925
0.0250925
0.0250925
0.0250883
0.0250883
0.0250883
0.0250842
0.0250842
0.0250842
0.02508
0.02508
0.02508
0.0250758
0.0250758
0.0250758
0.0250716
0.0250716
0.0250716
0.0250674
0.0250674
0.0250674
0.0250633
0.0250633
0.0250633
0.0250591
0.0250591
0.0250591
0.0250549
0.0250549
0.0250549
0.0250507
0.0250507
0.0250507
0.0250466
0.0250466
0.0250466
0.0250424
0.0250424
0.0250424
0.0250382
0.0250382
0.0250382
0.0250341
0.0250341
0.0250341
0.0250299
0.0250299
0.0250299
0.0250257
0.0250257
0.0250257
0.0250216
0.0250216
0.0250216
0.0250174
0.0250174
0.0250174
0.0250133
0.0250133
0.0250133
0.0250091
0.0250091
0.0250091
0.025005
0.025005
0.025005
0.0250008
0.0250008
0.0250008
0.0249967
0.0249967
0.0249967
0.0249925
0.0249925
0.0249925
0.0249884
0.0249884
0.0249884
0.0249842
0.0249842
0.0249842
0.0249801
0.0249801
0.0249801
0.024976
0.024976
0.024976
0.0249719
0.0249719
0.0249719
0.0249677
0.0249677
0.0249677
0.0249636
0.0249636
0.0249636
0.0249595
0.0249595
0.0249595
0.0249553
0.0249553
0.0249553
0.0249512
0.0249512
0.0249512
0.0249471
0.0249471
0.0249471
0.024943
0.024943
0.024943
0.0249389
0.0249389
0.0249389
0.0249347
0.0249347
0.0249347
0.0249306
0.0249306
0.0249306
0.0249265
0.0249265
0.0249265
0.0249224
0.0249224
0.0249224
0.0249183
0.0249183
0.0249183
0.0249142
0.0249142
0.0249142
0.0249101
0.0249101
0.0249101
0.024906
0.024906
0.024906
0.0249019
0.0249019
0.0249019
0.0248978
0.0248978
0.0248978
0.0248937
0.0248937
0.0248937
0.0248896
0.0248896
0.0248896
0.0248855
0.0248855
0.0248855
0.0248814
0.0248814
0.0248814
0.0248773
0.0248773
0.0248773
0.0248732
0.0248732
0.0248732
0.0248692
0.0248692
0.0248692
0.0248651
0.0248651
0.0248651
0.024861
0.024861
0.024861
0.0248569
0.0248569
0.0248569
0.0248529
0.0248529
0.0248529
0.0248488
0.0248488
0.0248488
0.0248447
0.0248447
0.0248447
0.0248407
0.0248407
0.0248407
0.0248366
0.0248366
0.0248366
0.0248325
0.0248325
0.0248325
0.0248285
0.0248285
0.0248285
0.0248244
0.0248244
0.0248244
0.0248203
0.0248203
0.0248203
0.0248163
0.0248163
0.0248163
0.0248122
0.0248122
0.0248122
0.0248082
0.0248082
0.0248082
0.0248041
0.0248041
0.0248041
0.0248
0.0248
0.0248
0.024796
0.024796
0.024796
0.0247919
0.0247919
0.0247919
0.0247879
0.0247879
0.0247879
0.0247839
0.0247839
0.0247839
0.0247798
0.0247798
0.0247798
0.0247758
0.0247758
0.0247758
0.0247717
0.0247717
0.0247717
0.0247677
0.0247677
0.0247677
0.0247637
0.0247637
0.0247637
0.0247596
0.0247596
0.0247596
0.0247556
0.0247556
0.0247556
0.0247516
0.0247516
0.0247516
0.0247476
0.0247476
0.0247476
0.0247436
0.0247436
0.0247436
0.0247395
0.0247395
0.0247395
0.0247355
0.0247355
0.0247355
0.0247315
0.0247315
0.0247315
0.0247275
0.0247275
0.0247275
0.0247235
0.0247235
0.0247235
0.0247195
0.0247195
0.0247195
0.0247154
0.0247154
0.0247154
0.0247114
0.0247114
0.0247114
0.0247074
0.0247074
0.0247074
0.0247034
0.0247034
0.0247034
0.0246994
0.0246994
0.0246994
0.0246954
0.0246954
0.0246954
0.0246914
0.0246914
0.0246914
0.0246874
0.0246874
0.0246874
0.0246834
0.0246834
0.0246834
0.0246794
0.0246794
0.0246794
0.0246754
0.0246754
0.0246754
0.0246714
0.0246714
0.0246714
0.0246675
0.0246675
0.0246675
0.0246635
0.0246635
0.0246635
0.0246595
0.0246595
0.0246595
0.0246555
0.0246555
0.0246555
0.0246515
0.0246515
0.0246515
0.0246476
0.0246476
0.0246476
0.0246436
0.0246436
0.0246436
0.0246396
0.0246396
0.0246396
0.0246356
0.0246356
0.0246356
0.0246317
0.0246317
0.0246317
0.0246277
0.0246277
0.0246277
0.0246237
0.0246237
0.0246237
0.0246198
0.0246198
0.0246198
0.0246158
0.0246158
0.0246158
0.0246118
0.0246118
0.0246118
0.0246079
0.0246079
0.0246079
0.0246039
0.0246039
0.0246039
0.0246
0.0246
0.0246
0.024596
0.024596
0.024596
0.0245921
0.0245921
0.0245921
0.0245881
0.0245881
0.0245881
0.0245841
0.0245841
0.0245841
0.0245802
0.0245802
0.0245802
0.0245763
0.0245763
0.0245763
0.0245723
0.0245723
0.0245723
0.0245684
0.0245684
0.0245684
0.0245644
0.0245644
0.0245644
0.0245605
0.0245605
0.0245605
0.0245566
0.0245566
0.0245566
0.0245526
0.0245526
0.0245526
0.0245487
0.0245487
0.0245487
0.0245448
0.0245448
0.0245448
0.0245408
0.0245408
0.0245408
0.0245369
0.0245369
0.0245369
0.024533
0.024533
0.024533
0.0245291
0.0245291
0.0245291
0.0245252
0.0245252
0.0245252
0.0245212
0.0245212
0.0245212
0.0245173
0.0245173
0.0245173
0.0245134
0.0245134
0.0245134
0.0245095
0.0245095
0.0245095
0.0245056
0.0245056
0.0245056
0.0245017
0.0245017
0.0245017
0.0244977
0.0244977
0.0244977
0.0244938
0.0244938
0.0244938
0.0244899
0.0244899
0.0244899
0.024486
0.024486
0.024486
0.0244821
0.0244821
0.0244821
0.0244782
0.0244782
0.0244782
0.0244743
0.0244743
0.0244743
0.0244704
0.0244704
0.0244704
0.0244665
0.0244665
0.0244665
0.0244626
0.0244626
0.0244626
0.0244587
0.0244587
0.0244587
0.0244549
0.0244549
0.0244549
0.024451
0.024451
0.024451
0.0244471
0.0244471
0.0244471
0.0244432
0.0244432
0.0244432
0.0244393
0.0244393
0.0244393
0.0244355
0.0244355
0.0244355
0.0244316
0.0244316
0.0244316
0.0244278
0.0244278
0.0244278
0.024424
0.024424
0.024424
0.0244202
0.0244202
0.0244202
0.0244165
0.0244165
0.0244165
0.0244128
0.0244128
0.0244128
0.0244094
0.0244094
0.0244094
0.0244062
0.0244062
0.0244062
0.0244034
0.0244034
0.0244034
0.0244014
0.0244014
0.0244014
0.0244007
0.0244007
0.0244007
