0.122791
0.122782
0.12276
0.122732
0.122699
0.122662
0.122625
0.122586
0.122546
0.122506
0.122465
0.122424
0.122383
0.122342
0.122301
0.122259
0.122218
0.122176
0.122134
0.122093
0.122051
0.122009
0.121966
0.121924
0.121882
0.121839
0.121797
0.121754
0.121711
0.121668
0.121625
0.121582
0.121539
0.121495
0.121452
0.121408
0.121365
0.121321
0.121277
0.121233
0.121189
0.121145
0.1211
0.121056
0.121011
0.120966
0.120922
0.120877
0.120832
0.120786
0.120741
0.120696
0.12065
0.120604
0.120558
0.120512
0.120466
0.12042
0.120374
0.120327
0.120281
0.120234
0.120187
0.12014
0.120093
0.120046
0.119998
0.119951
0.119903
0.119855
0.119807
0.119759
0.119711
0.119662
0.119614
0.119565
0.119516
0.119467
0.119418
0.119369
0.119319
0.11927
0.11922
0.11917
0.11912
0.11907
0.119019
0.118969
0.118918
0.118867
0.118816
0.118765
0.118714
0.118662
0.11861
0.118559
0.118506
0.118454
0.118402
0.118349
0.118296
0.118244
0.11819
0.118137
0.118084
0.11803
0.117976
0.117922
0.117868
0.117813
0.117759
0.117704
0.117649
0.117594
0.117538
0.117483
0.117427
0.117371
0.117315
0.117258
0.117201
0.117144
0.117087
0.11703
0.116973
0.116915
0.116857
0.116799
0.11674
0.116681
0.116623
0.116563
0.116504
0.116444
0.116384
0.116324
0.116264
0.116203
0.116142
0.116081
0.11602
0.115958
0.115896
0.115834
0.115772
0.115709
0.115646
0.115583
0.115519
0.115455
0.115391
0.115327
0.115262
0.115197
0.115132
0.115066
0.115
0.114934
0.114867
0.1148
0.114733
0.114665
0.114598
0.114529
0.114461
0.114392
0.114323
0.114253
0.114183
0.114113
0.114042
0.113971
0.113899
0.113827
0.113755
0.113683
0.11361
0.113536
0.113462
0.113388
0.113313
0.113238
0.113163
0.113087
0.11301
0.112933
0.112856
0.112778
0.1127
0.112621
0.112542
0.112462
0.112382
0.112301
0.11222
0.112138
0.112055
0.111972
0.111889
0.111805
0.11172
0.111635
0.111549
0.111462
0.111375
0.111288
0.111199
0.11111
0.111021
0.11093
0.110839
0.110747
0.110655
0.110562
0.110468
0.110373
0.110277
0.110181
0.110084
0.109986
0.109887
0.109787
0.109686
0.109585
0.109482
0.109378
0.109274
0.109168
0.109062
0.108954
0.108845
0.108735
0.108624
0.108512
0.108398
0.108283
0.108167
0.108049
0.107929
0.107808
0.107686
0.107561
0.107435
0.107306
0.107176
0.107043
0.106907
0.106768
0.106625
0.106479
0.106328
0.106172
0.10601
0.105841
0.105663
0.105477
0.105278
0.105066
0.104838
0.104591
0.104321
0.104023
0.103694
0.103328
0.102917
0.102454
0.101933
0.101343
0.100676
0.0999228
0.0990748
0.0981242
0.0970651
0.0958937
0.09461
0.0932176
0.0917246
0.0901435
0.0884913
0.0867883
0.0850574
0.0833226
0.0816075
0.0799343
0.0783222
0.0767871
0.0753407
0.0739912
0.0727426
0.0715961
0.0705499
0.0696002
0.0687417
0.0679681
0.0672724
0.0666477
0.0660867
0.0655829
0.0651296
0.064721
0.0643518
0.0640168
0.0637119
0.0634331
0.0631769
0.0629404
0.062721
0.0625163
0.0623244
0.0621436
0.0619725
0.0618097
0.0616543
0.0615053
0.0613618
0.0612233
0.0610892
0.060959
0.0608322
0.0607086
0.0605877
0.0604694
0.0603534
0.0602395
0.0601277
0.0600176
0.0599092
0.0598025
0.0596972
0.0595934
0.0594909
0.0593896
0.0592897
0.0591908
0.0590932
0.0589966
0.058901
0.0588065
0.0587129
0.0586203
0.0585286
0.0584378
0.0583479
0.0582589
0.0581707
0.0580832
0.0579966
0.0579108
0.0578257
0.0577413
0.0576577
0.0575747
0.0574925
0.0574109
0.05733
0.0572498
0.0571702
0.0570912
0.0570128
0.056935
0.0568579
0.0567813
0.0567052
0.0566297
0.0565548
0.0564804
0.0564066
0.0563332
0.0562604
0.0561881
0.0561163
0.0560449
0.0559741
0.0559037
0.0558338
0.0557643
0.0556953
0.0556267
0.0555585
0.0554908
0.0554235
0.0553567
0.0552902
0.0552241
0.0551585
0.0550932
0.0550283
0.0549638
0.0548997
0.0548359
0.0547725
0.0547095
0.0546468
0.0545845
0.0545226
0.0544609
0.0543996
0.0543387
0.054278
0.0542177
0.0541577
0.0540981
0.0540387
0.0539797
0.0539209
0.0538625
0.0538043
0.0537465
0.0536889
0.0536316
0.0535747
0.0535179
0.0534615
0.0534054
0.0533495
0.0532938
0.0532385
0.0531834
0.0531286
0.053074
0.0530197
0.0529656
0.0529118
0.0528582
0.0528048
0.0527517
0.0526989
0.0526463
0.0525939
0.0525417
0.0524898
0.0524381
0.0523866
0.0523353
0.0522843
0.0522334
0.0521828
0.0521324
0.0520822
0.0520322
0.0519825
0.0519329
0.0518835
0.0518343
0.0517854
0.0517366
0.051688
0.0516396
0.0515914
0.0515434
0.0514956
0.051448
0.0514005
0.0513533
0.0513062
0.0512593
0.0512125
0.051166
0.0511196
0.0510734
0.0510274
0.0509815
0.0509358
0.0508903
0.0508449
0.0507997
0.0507547
0.0507098
0.0506651
0.0506206
0.0505762
0.0505319
0.0504879
0.0504439
0.0504002
0.0503565
0.0503131
0.0502697
0.0502266
0.0501835
0.0501407
0.0500979
0.0500553
0.0500129
0.0499706
0.0499284
0.0498864
0.0498445
0.0498027
0.0497611
0.0497196
0.0496783
0.049637
0.049596
0.049555
0.0495142
0.0494735
0.0494329
0.0493925
0.0493522
0.049312
0.0492719
0.049232
0.0491922
0.0491525
0.0491129
0.0490734
0.0490341
0.0489949
0.0489558
0.0489168
0.0488779
0.0488392
0.0488006
0.048762
0.0487236
0.0486853
0.0486472
0.0486091
0.0485711
0.0485333
0.0484955
0.0484579
0.0484204
0.0483829
0.0483456
0.0483084
0.0482713
0.0482343
0.0481974
0.0481606
0.0481239
0.0480873
0.0480508
0.0480144
0.0479782
0.047942
0.0479059
0.0478699
0.047834
0.0477982
0.0477624
0.0477268
0.0476913
0.0476559
0.0476206
0.0475853
0.0475502
0.0475151
0.0474802
0.0474453
0.0474105
0.0473758
0.0473412
0.0473067
0.0472723
0.0472379
0.0472037
0.0471695
0.0471354
0.0471014
0.0470675
0.0470337
0.047
0.0469663
0.0469328
0.0468993
0.0468659
0.0468325
0.0467993
0.0467661
0.0467331
0.0467001
0.0466671
0.0466343
0.0466016
0.0465689
0.0465363
0.0465038
0.0464713
0.046439
0.0464068
0.0463746
0.0463425
0.0463106
0.0462788
0.0462471
0.0462156
0.0461843
0.0461533
0.0461226
0.0460923
0.0460627
0.0460338
0.046006
0.0459796
0.0459553
0.0459337
0.045916
0.0459037
0.0458988
