7203
0.123241
0.123241
0.123241
0.123239
0.123239
0.123239
0.123234
0.123234
0.123234
0.123227
0.123227
0.123227
0.123219
0.123219
0.123219
0.12321
0.12321
0.12321
0.123201
0.123201
0.123201
0.123191
0.123191
0.123191
0.123182
0.123182
0.123182
0.123172
0.123172
0.123172
0.123162
0.123162
0.123162
0.123152
0.123152
0.123152
0.123142
0.123142
0.123142
0.123133
0.123133
0.123133
0.123123
0.123123
0.123123
0.123113
0.123113
0.123113
0.123103
0.123103
0.123103
0.123093
0.123093
0.123093
0.123083
0.123083
0.123083
0.123073
0.123073
0.123073
0.123063
0.123063
0.123063
0.123054
0.123054
0.123054
0.123044
0.123044
0.123044
0.123034
0.123034
0.123034
0.123024
0.123024
0.123024
0.123014
0.123014
0.123014
0.123004
0.123004
0.123004
0.122994
0.122994
0.122994
0.122984
0.122984
0.122984
0.122974
0.122974
0.122974
0.122964
0.122964
0.122964
0.122954
0.122954
0.122954
0.122944
0.122944
0.122944
0.122934
0.122934
0.122934
0.122924
0.122924
0.122924
0.122914
0.122914
0.122914
0.122904
0.122904
0.122904
0.122894
0.122894
0.122894
0.122884
0.122884
0.122884
0.122874
0.122874
0.122874
0.122864
0.122864
0.122864
0.122854
0.122854
0.122854
0.122844
0.122844
0.122844
0.122834
0.122834
0.122834
0.122824
0.122824
0.122824
0.122814
0.122814
0.122814
0.122804
0.122804
0.122804
0.122794
0.122794
0.122794
0.122784
0.122784
0.122784
0.122774
0.122774
0.122774
0.122764
0.122764
0.122764
0.122753
0.122753
0.122753
0.122743
0.122743
0.122743
0.122733
0.122733
0.122733
0.122723
0.122723
0.122723
0.122713
0.122713
0.122713
0.122703
0.122703
0.122703
0.122693
0.122693
0.122693
0.122683
0.122683
0.122683
0.122673
0.122673
0.122673
0.122662
0.122662
0.122662
0.122652
0.122652
0.122652
0.122642
0.122642
0.122642
0.122632
0.122632
0.122632
0.122622
0.122622
0.122622
0.122612
0.122612
0.122612
0.122602
0.122602
0.122602
0.122591
0.122591
0.122591
0.122581
0.122581
0.122581
0.122571
0.122571
0.122571
0.122561
0.122561
0.122561
0.122551
0.122551
0.122551
0.12254
0.12254
0.12254
0.12253
0.12253
0.12253
0.12252
0.12252
0.12252
0.12251
0.12251
0.12251
0.122499
0.122499
0.122499
0.122489
0.122489
0.122489
0.122479
0.122479
0.122479
0.122469
0.122469
0.122469
0.122458
0.122458
0.122458
0.122448
0.122448
0.122448
0.122438
0.122438
0.122438
0.122428
0.122428
0.122428
0.122417
0.122417
0.122417
0.122407
0.122407
0.122407
0.122397
0.122397
0.122397
0.122387
0.122387
0.122387
0.122376
0.122376
0.122376
0.122366
0.122366
0.122366
0.122356
0.122356
0.122356
0.122345
0.122345
0.122345
0.122335
0.122335
0.122335
0.122325
0.122325
0.122325
0.122314
0.122314
0.122314
0.122304
0.122304
0.122304
0.122294
0.122294
0.122294
0.122283
0.122283
0.122283
0.122273
0.122273
0.122273
0.122262
0.122262
0.122262
0.122252
0.122252
0.122252
0.122242
0.122242
0.122242
0.122231
0.122231
0.122231
0.122221
0.122221
0.122221
0.122211
0.122211
0.122211
0.1222
0.1222
0.1222
0.12219
0.12219
0.12219
0.122179
0.122179
0.122179
0.122169
0.122169
0.122169
0.122158
0.122158
0.122158
0.122148
0.122148
0.122148
0.122138
0.122138
0.122138
0.122127
0.122127
0.122127
0.122117
0.122117
0.122117
0.122106
0.122106
0.122106
0.122096
0.122096
0.122096
0.122085
0.122085
0.122085
0.122075
0.122075
0.122075
0.122064
0.122064
0.122064
0.122054
0.122054
0.122054
0.122043
0.122043
0.122043
0.122033
0.122033
0.122033
0.122022
0.122022
0.122022
0.122012
0.122012
0.122012
0.122001
0.122001
0.122001
0.121991
0.121991
0.121991
0.12198
0.12198
0.12198
0.12197
0.12197
0.12197
0.121959
0.121959
0.121959
0.121948
0.121948
0.121948
0.121938
0.121938
0.121938
0.121927
0.121927
0.121927
0.121917
0.121917
0.121917
0.121906
0.121906
0.121906
0.121895
0.121895
0.121895
0.121885
0.121885
0.121885
0.121874
0.121874
0.121874
0.121864
0.121864
0.121864
0.121853
0.121853
0.121853
0.121842
0.121842
0.121842
0.121832
0.121832
0.121832
0.121821
0.121821
0.121821
0.12181
0.12181
0.12181
0.1218
0.1218
0.1218
0.121789
0.121789
0.121789
0.121779
0.121779
0.121779
0.121768
0.121768
0.121768
0.121757
0.121757
0.121757
0.121746
0.121746
0.121746
0.121736
0.121736
0.121736
0.121725
0.121725
0.121725
0.121714
0.121714
0.121714
0.121704
0.121704
0.121704
0.121693
0.121693
0.121693
0.121682
0.121682
0.121682
0.121671
0.121671
0.121671
0.121661
0.121661
0.121661
0.12165
0.12165
0.12165
0.121639
0.121639
0.121639
0.121628
0.121628
0.121628
0.121618
0.121618
0.121618
0.121607
0.121607
0.121607
0.121596
0.121596
0.121596
0.121585
0.121585
0.121585
0.121575
0.121575
0.121575
0.121564
0.121564
0.121564
0.121553
0.121553
0.121553
0.121542
0.121542
0.121542
0.121531
0.121531
0.121531
0.12152
0.12152
0.12152
0.12151
0.12151
0.12151
0.121499
0.121499
0.121499
0.121488
0.121488
0.121488
0.121477
0.121477
0.121477
0.121466
0.121466
0.121466
0.121455
0.121455
0.121455
0.121444
0.121444
0.121444
0.121434
0.121434
0.121434
0.121423
0.121423
0.121423
0.121412
0.121412
0.121412
0.121401
0.121401
0.121401
0.12139
0.12139
0.12139
0.121379
0.121379
0.121379
0.121368
0.121368
0.121368
0.121357
0.121357
0.121357
0.121346
0.121346
0.121346
0.121335
0.121335
0.121335
0.121324
0.121324
0.121324
0.121313
0.121313
0.121313
0.121302
0.121302
0.121302
0.121291
0.121291
0.121291
0.12128
0.12128
0.12128
0.121269
0.121269
0.121269
0.121258
0.121258
0.121258
0.121247
0.121247
0.121247
0.121236
0.121236
0.121236
0.121225
0.121225
0.121225
0.121214
0.121214
0.121214
0.121203
0.121203
0.121203
0.121192
0.121192
0.121192
0.121181
0.121181
0.121181
0.12117
0.12117
0.12117
0.121159
0.121159
0.121159
0.121148
0.121148
0.121148
0.121137
0.121137
0.121137
0.121126
0.121126
0.121126
0.121115
0.121115
0.121115
0.121104
0.121104
0.121104
0.121093
0.121093
0.121093
0.121081
0.121081
0.121081
0.12107
0.12107
0.12107
0.121059
0.121059
0.121059
0.121048
0.121048
0.121048
0.121037
0.121037
0.121037
0.121026
0.121026
0.121026
0.121015
0.121015
0.121015
0.121003
0.121003
0.121003
0.120992
0.120992
0.120992
0.120981
0.120981
0.120981
0.12097
0.12097
0.12097
0.120959
0.120959
0.120959
0.120948
0.120948
0.120948
0.120936
0.120936
0.120936
0.120925
0.120925
0.120925
0.120914
0.120914
0.120914
0.120903
0.120903
0.120903
0.120891
0.120891
0.120891
0.12088
0.12088
0.12088
0.120869
0.120869
0.120869
0.120858
0.120858
0.120858
0.120846
0.120846
0.120846
0.120835
0.120835
0.120835
0.120824
0.120824
0.120824
0.120812
0.120812
0.120812
0.120801
0.120801
0.120801
0.12079
0.12079
0.12079
0.120779
0.120779
0.120779
0.120767
0.120767
0.120767
0.120756
0.120756
0.120756
0.120745
0.120745
0.120745
0.120733
0.120733
0.120733
0.120722
0.120722
0.120722
0.12071
0.12071
0.12071
0.120699
0.120699
0.120699
0.120688
0.120688
0.120688
0.120676
0.120676
0.120676
0.120665
0.120665
0.120665
0.120654
0.120654
0.120654
0.120642
0.120642
0.120642
0.120631
0.120631
0.120631
0.120619
0.120619
0.120619
0.120608
0.120608
0.120608
0.120596
0.120596
0.120596
0.120585
0.120585
0.120585
0.120574
0.120574
0.120574
0.120562
0.120562
0.120562
0.120551
0.120551
0.120551
0.120539
0.120539
0.120539
0.120528
0.120528
0.120528
0.120516
0.120516
0.120516
0.120505
0.120505
0.120505
0.120493
0.120493
0.120493
0.120482
0.120482
0.120482
0.12047
0.12047
0.12047
0.120458
0.120458
0.120458
0.120447
0.120447
0.120447
0.120435
0.120435
0.120435
0.120424
0.120424
0.120424
0.120412
0.120412
0.120412
0.120401
0.120401
0.120401
0.120389
0.120389
0.120389
0.120378
0.120378
0.120378
0.120366
0.120366
0.120366
0.120354
0.120354
0.120354
0.120343
0.120343
0.120343
0.120331
0.120331
0.120331
0.120319
0.120319
0.120319
0.120308
0.120308
0.120308
0.120296
0.120296
0.120296
0.120284
0.120284
0.120284
0.120273
0.120273
0.120273
0.120261
0.120261
0.120261
0.120249
0.120249
0.120249
0.120238
0.120238
0.120238
0.120226
0.120226
0.120226
0.120214
0.120214
0.120214
0.120203
0.120203
0.120203
0.120191
0.120191
0.120191
0.120179
0.120179
0.120179
0.120167
0.120167
0.120167
0.120156
0.120156
0.120156
0.120144
0.120144
0.120144
0.120132
0.120132
0.120132
0.12012
0.12012
0.12012
0.120109
0.120109
0.120109
0.120097
0.120097
0.120097
0.120085
0.120085
0.120085
0.120073
0.120073
0.120073
0.120061
0.120061
0.120061
0.120049
0.120049
0.120049
0.120038
0.120038
0.120038
0.120026
0.120026
0.120026
0.120014
0.120014
0.120014
0.120002
0.120002
0.120002
0.11999
0.11999
0.11999
0.119978
0.119978
0.119978
0.119966
0.119966
0.119966
0.119955
0.119955
0.119955
0.119943
0.119943
0.119943
0.119931
0.119931
0.119931
0.119919
0.119919
0.119919
0.119907
0.119907
0.119907
0.119895
0.119895
0.119895
0.119883
0.119883
0.119883
0.119871
0.119871
0.119871
0.119859
0.119859
0.119859
0.119847
0.119847
0.119847
0.119835
0.119835
0.119835
0.119823
0.119823
0.119823
0.119811
0.119811
0.119811
0.119799
0.119799
0.119799
0.119787
0.119787
0.119787
0.119775
0.119775
0.119775
0.119763
0.119763
0.119763
0.119751
0.119751
0.119751
0.119739
0.119739
0.119739
0.119727
0.119727
0.119727
0.119715
0.119715
0.119715
0.119703
0.119703
0.119703
0.119691
0.119691
0.119691
0.119678
0.119678
0.119678
0.119666
0.119666
0.119666
0.119654
0.119654
0.119654
0.119642
0.119642
0.119642
0.11963
0.11963
0.11963
0.119618
0.119618
0.119618
0.119606
0.119606
0.119606
0.119594
0.119594
0.119594
0.119581
0.119581
0.119581
0.119569
0.119569
0.119569
0.119557
0.119557
0.119557
0.119545
0.119545
0.119545
0.119533
0.119533
0.119533
0.11952
0.11952
0.11952
0.119508
0.119508
0.119508
0.119496
0.119496
0.119496
0.119484
0.119484
0.119484
0.119471
0.119471
0.119471
0.119459
0.119459
0.119459
0.119447
0.119447
0.119447
0.119435
0.119435
0.119435
0.119422
0.119422
0.119422
0.11941
0.11941
0.11941
0.119398
0.119398
0.119398
0.119385
0.119385
0.119385
0.119373
0.119373
0.119373
0.119361
0.119361
0.119361
0.119348
0.119348
0.119348
0.119336
0.119336
0.119336
0.119324
0.119324
0.119324
0.119311
0.119311
0.119311
0.119299
0.119299
0.119299
0.119286
0.119286
0.119286
0.119274
0.119274
0.119274
0.119262
0.119262
0.119262
0.119249
0.119249
0.119249
0.119237
0.119237
0.119237
0.119224
0.119224
0.119224
0.119212
0.119212
0.119212
0.119199
0.119199
0.119199
0.119187
0.119187
0.119187
0.119174
0.119174
0.119174
0.119162
0.119162
0.119162
0.119149
0.119149
0.119149
0.119137
0.119137
0.119137
0.119124
0.119124
0.119124
0.119112
0.119112
0.119112
0.119099
0.119099
0.119099
0.119087
0.119087
0.119087
0.119074
0.119074
0.119074
0.119061
0.119061
0.119061
0.119049
0.119049
0.119049
0.119036
0.119036
0.119036
0.119024
0.119024
0.119024
0.119011
0.119011
0.119011
0.118998
0.118998
0.118998
0.118986
0.118986
0.118986
0.118973
0.118973
0.118973
0.118961
0.118961
0.118961
0.118948
0.118948
0.118948
0.118935
0.118935
0.118935
0.118923
0.118923
0.118923
0.11891
0.11891
0.11891
0.118897
0.118897
0.118897
0.118884
0.118884
0.118884
0.118872
0.118872
0.118872
0.118859
0.118859
0.118859
0.118846
0.118846
0.118846
0.118833
0.118833
0.118833
0.118821
0.118821
0.118821
0.118808
0.118808
0.118808
0.118795
0.118795
0.118795
0.118782
0.118782
0.118782
0.118769
0.118769
0.118769
0.118757
0.118757
0.118757
0.118744
0.118744
0.118744
0.118731
0.118731
0.118731
0.118718
0.118718
0.118718
0.118705
0.118705
0.118705
0.118692
0.118692
0.118692
0.11868
0.11868
0.11868
0.118667
0.118667
0.118667
0.118654
0.118654
0.118654
0.118641
0.118641
0.118641
0.118628
0.118628
0.118628
0.118615
0.118615
0.118615
0.118602
0.118602
0.118602
0.118589
0.118589
0.118589
0.118576
0.118576
0.118576
0.118563
0.118563
0.118563
0.11855
0.11855
0.11855
0.118537
0.118537
0.118537
0.118524
0.118524
0.118524
0.118511
0.118511
0.118511
0.118498
0.118498
0.118498
0.118485
0.118485
0.118485
0.118472
0.118472
0.118472
0.118459
0.118459
0.118459
0.118446
0.118446
0.118446
0.118433
0.118433
0.118433
0.11842
0.11842
0.11842
0.118406
0.118406
0.118406
0.118393
0.118393
0.118393
0.11838
0.11838
0.11838
0.118367
0.118367
0.118367
0.118354
0.118354
0.118354
0.118341
0.118341
0.118341
0.118328
0.118328
0.118328
0.118314
0.118314
0.118314
0.118301
0.118301
0.118301
0.118288
0.118288
0.118288
0.118275
0.118275
0.118275
0.118262
0.118262
0.118262
0.118248
0.118248
0.118248
0.118235
0.118235
0.118235
0.118222
0.118222
0.118222
0.118209
0.118209
0.118209
0.118195
0.118195
0.118195
0.118182
0.118182
0.118182
0.118169
0.118169
0.118169
0.118155
0.118155
0.118155
0.118142
0.118142
0.118142
0.118129
0.118129
0.118129
0.118115
0.118115
0.118115
0.118102
0.118102
0.118102
0.118088
0.118088
0.118088
0.118075
0.118075
0.118075
0.118062
0.118062
0.118062
0.118048
0.118048
0.118048
0.118035
0.118035
0.118035
0.118021
0.118021
0.118021
0.118008
0.118008
0.118008
0.117994
0.117994
0.117994
0.117981
0.117981
0.117981
0.117968
0.117968
0.117968
0.117954
0.117954
0.117954
0.117941
0.117941
0.117941
0.117927
0.117927
0.117927
0.117913
0.117913
0.117913
0.1179
0.1179
0.1179
0.117886
0.117886
0.117886
0.117873
0.117873
0.117873
0.117859
0.117859
0.117859
0.117846
0.117846
0.117846
0.117832
0.117832
0.117832
0.117818
0.117818
0.117818
0.117805
0.117805
0.117805
0.117791
0.117791
0.117791
0.117777
0.117777
0.117777
0.117764
0.117764
0.117764
0.11775
0.11775
0.11775
0.117736
0.117736
0.117736
0.117723
0.117723
0.117723
0.117709
0.117709
0.117709
0.117695
0.117695
0.117695
0.117682
0.117682
0.117682
0.117668
0.117668
0.117668
0.117654
0.117654
0.117654
0.11764
0.11764
0.11764
0.117626
0.117626
0.117626
0.117613
0.117613
0.117613
0.117599
0.117599
0.117599
0.117585
0.117585
0.117585
0.117571
0.117571
0.117571
0.117557
0.117557
0.117557
0.117543
0.117543
0.117543
0.11753
0.11753
0.11753
0.117516
0.117516
0.117516
0.117502
0.117502
0.117502
0.117488
0.117488
0.117488
0.117474
0.117474
0.117474
0.11746
0.11746
0.11746
0.117446
0.117446
0.117446
0.117432
0.117432
0.117432
0.117418
0.117418
0.117418
0.117404
0.117404
0.117404
0.11739
0.11739
0.11739
0.117376
0.117376
0.117376
0.117362
0.117362
0.117362
0.117348
0.117348
0.117348
0.117334
0.117334
0.117334
0.11732
0.11732
0.11732
0.117306
0.117306
0.117306
0.117292
0.117292
0.117292
0.117278
0.117278
0.117278
0.117263
0.117263
0.117263
0.117249
0.117249
0.117249
0.117235
0.117235
0.117235
0.117221
0.117221
0.117221
0.117207
0.117207
0.117207
0.117193
0.117193
0.117193
0.117178
0.117178
0.117178
0.117164
0.117164
0.117164
0.11715
0.11715
0.11715
0.117136
0.117136
0.117136
0.117121
0.117121
0.117121
0.117107
0.117107
0.117107
0.117093
0.117093
0.117093
0.117079
0.117079
0.117079
0.117064
0.117064
0.117064
0.11705
0.11705
0.11705
0.117036
0.117036
0.117036
0.117021
0.117021
0.117021
0.117007
0.117007
0.117007
0.116993
0.116993
0.116993
0.116978
0.116978
0.116978
0.116964
0.116964
0.116964
0.116949
0.116949
0.116949
0.116935
0.116935
0.116935
0.11692
0.11692
0.11692
0.116906
0.116906
0.116906
0.116891
0.116891
0.116891
0.116877
0.116877
0.116877
0.116862
0.116862
0.116862
0.116848
0.116848
0.116848
0.116833
0.116833
0.116833
0.116819
0.116819
0.116819
0.116804
0.116804
0.116804
0.11679
0.11679
0.11679
0.116775
0.116775
0.116775
0.116761
0.116761
0.116761
0.116746
0.116746
0.116746
0.116731
0.116731
0.116731
0.116717
0.116717
0.116717
0.116702
0.116702
0.116702
0.116687
0.116687
0.116687
0.116673
0.116673
0.116673
0.116658
0.116658
0.116658
0.116643
0.116643
0.116643
0.116628
0.116628
0.116628
0.116614
0.116614
0.116614
0.116599
0.116599
0.116599
0.116584
0.116584
0.116584
0.116569
0.116569
0.116569
0.116555
0.116555
0.116555
0.11654
0.11654
0.11654
0.116525
0.116525
0.116525
0.11651
0.11651
0.11651
0.116495
0.116495
0.116495
0.11648
0.11648
0.11648
0.116465
0.116465
0.116465
0.11645
0.11645
0.11645
0.116435
0.116435
0.116435
0.116421
0.116421
0.116421
0.116406
0.116406
0.116406
0.116391
0.116391
0.116391
0.116376
0.116376
0.116376
0.116361
0.116361
0.116361
0.116346
0.116346
0.116346
0.116331
0.116331
0.116331
0.116315
0.116315
0.116315
0.1163
0.1163
0.1163
0.116285
0.116285
0.116285
0.11627
0.11627
0.11627
0.116255
0.116255
0.116255
0.11624
0.11624
0.11624
0.116225
0.116225
0.116225
0.11621
0.11621
0.11621
0.116194
0.116194
0.116194
0.116179
0.116179
0.116179
0.116164
0.116164
0.116164
0.116149
0.116149
0.116149
0.116134
0.116134
0.116134
0.116118
0.116118
0.116118
0.116103
0.116103
0.116103
0.116088
0.116088
0.116088
0.116072
0.116072
0.116072
0.116057
0.116057
0.116057
0.116042
0.116042
0.116042
0.116026
0.116026
0.116026
0.116011
0.116011
0.116011
0.115996
0.115996
0.115996
0.11598
0.11598
0.11598
0.115965
0.115965
0.115965
0.115949
0.115949
0.115949
0.115934
0.115934
0.115934
0.115918
0.115918
0.115918
0.115903
0.115903
0.115903
0.115887
0.115887
0.115887
0.115872
0.115872
0.115872
0.115856
0.115856
0.115856
0.115841
0.115841
0.115841
0.115825
0.115825
0.115825
0.11581
0.11581
0.11581
0.115794
0.115794
0.115794
0.115778
0.115778
0.115778
0.115763
0.115763
0.115763
0.115747
0.115747
0.115747
0.115731
0.115731
0.115731
0.115716
0.115716
0.115716
0.1157
0.1157
0.1157
0.115684
0.115684
0.115684
0.115669
0.115669
0.115669
0.115653
0.115653
0.115653
0.115637
0.115637
0.115637
0.115621
0.115621
0.115621
0.115605
0.115605
0.115605
0.11559
0.11559
0.11559
0.115574
0.115574
0.115574
0.115558
0.115558
0.115558
0.115542
0.115542
0.115542
0.115526
0.115526
0.115526
0.11551
0.11551
0.11551
0.115494
0.115494
0.115494
0.115478
0.115478
0.115478
0.115462
0.115462
0.115462
0.115446
0.115446
0.115446
0.11543
0.11543
0.11543
0.115414
0.115414
0.115414
0.115398
0.115398
0.115398
0.115382
0.115382
0.115382
0.115366
0.115366
0.115366
0.11535
0.11535
0.11535
0.115334
0.115334
0.115334
0.115318
0.115318
0.115318
0.115302
0.115302
0.115302
0.115285
0.115285
0.115285
0.115269
0.115269
0.115269
0.115253
0.115253
0.115253
0.115237
0.115237
0.115237
0.11522
0.11522
0.11522
0.115204
0.115204
0.115204
0.115188
0.115188
0.115188
0.115172
0.115172
0.115172
0.115155
0.115155
0.115155
0.115139
0.115139
0.115139
0.115123
0.115123
0.115123
0.115106
0.115106
0.115106
0.11509
0.11509
0.11509
0.115073
0.115073
0.115073
0.115057
0.115057
0.115057
0.11504
0.11504
0.11504
0.115024
0.115024
0.115024
0.115008
0.115008
0.115008
0.114991
0.114991
0.114991
0.114974
0.114974
0.114974
0.114958
0.114958
0.114958
0.114941
0.114941
0.114941
0.114925
0.114925
0.114925
0.114908
0.114908
0.114908
0.114891
0.114891
0.114891
0.114875
0.114875
0.114875
0.114858
0.114858
0.114858
0.114841
0.114841
0.114841
0.114825
0.114825
0.114825
0.114808
0.114808
0.114808
0.114791
0.114791
0.114791
0.114774
0.114774
0.114774
0.114758
0.114758
0.114758
0.114741
0.114741
0.114741
0.114724
0.114724
0.114724
0.114707
0.114707
0.114707
0.11469
0.11469
0.11469
0.114673
0.114673
0.114673
0.114656
0.114656
0.114656
0.11464
0.11464
0.11464
0.114623
0.114623
0.114623
0.114606
0.114606
0.114606
0.114589
0.114589
0.114589
0.114572
0.114572
0.114572
0.114554
0.114554
0.114554
0.114537
0.114537
0.114537
0.11452
0.11452
0.11452
0.114503
0.114503
0.114503
0.114486
0.114486
0.114486
0.114469
0.114469
0.114469
0.114452
0.114452
0.114452
0.114435
0.114435
0.114435
0.114417
0.114417
0.114417
0.1144
0.1144
0.1144
0.114383
0.114383
0.114383
0.114366
0.114366
0.114366
0.114348
0.114348
0.114348
0.114331
0.114331
0.114331
0.114314
0.114314
0.114314
0.114296
0.114296
0.114296
0.114279
0.114279
0.114279
0.114261
0.114261
0.114261
0.114244
0.114244
0.114244
0.114227
0.114227
0.114227
0.114209
0.114209
0.114209
0.114192
0.114192
0.114192
0.114174
0.114174
0.114174
0.114156
0.114156
0.114156
0.114139
0.114139
0.114139
0.114121
0.114121
0.114121
0.114104
0.114104
0.114104
0.114086
0.114086
0.114086
0.114068
0.114068
0.114068
0.114051
0.114051
0.114051
0.114033
0.114033
0.114033
0.114015
0.114015
0.114015
0.113997
0.113997
0.113997
0.11398
0.11398
0.11398
0.113962
0.113962
0.113962
0.113944
0.113944
0.113944
0.113926
0.113926
0.113926
0.113908
0.113908
0.113908
0.11389
0.11389
0.11389
0.113873
0.113873
0.113873
0.113855
0.113855
0.113855
0.113837
0.113837
0.113837
0.113819
0.113819
0.113819
0.113801
0.113801
0.113801
0.113783
0.113783
0.113783
0.113764
0.113764
0.113764
0.113746
0.113746
0.113746
0.113728
0.113728
0.113728
0.11371
0.11371
0.11371
0.113692
0.113692
0.113692
0.113674
0.113674
0.113674
0.113656
0.113656
0.113656
0.113637
0.113637
0.113637
0.113619
0.113619
0.113619
0.113601
0.113601
0.113601
0.113582
0.113582
0.113582
0.113564
0.113564
0.113564
0.113546
0.113546
0.113546
0.113527
0.113527
0.113527
0.113509
0.113509
0.113509
0.11349
0.11349
0.11349
0.113472
0.113472
0.113472
0.113453
0.113453
0.113453
0.113435
0.113435
0.113435
0.113416
0.113416
0.113416
0.113398
0.113398
0.113398
0.113379
0.113379
0.113379
0.113361
0.113361
0.113361
0.113342
0.113342
0.113342
0.113323
0.113323
0.113323
0.113305
0.113305
0.113305
0.113286
0.113286
0.113286
0.113267
0.113267
0.113267
0.113248
0.113248
0.113248
0.113229
0.113229
0.113229
0.113211
0.113211
0.113211
0.113192
0.113192
0.113192
0.113173
0.113173
0.113173
0.113154
0.113154
0.113154
0.113135
0.113135
0.113135
0.113116
0.113116
0.113116
0.113097
0.113097
0.113097
0.113078
0.113078
0.113078
0.113059
0.113059
0.113059
0.11304
0.11304
0.11304
0.113021
0.113021
0.113021
0.113002
0.113002
0.113002
0.112982
0.112982
0.112982
0.112963
0.112963
0.112963
0.112944
0.112944
0.112944
0.112925
0.112925
0.112925
0.112905
0.112905
0.112905
0.112886
0.112886
0.112886
0.112867
0.112867
0.112867
0.112847
0.112847
0.112847
0.112828
0.112828
0.112828
0.112809
0.112809
0.112809
0.112789
0.112789
0.112789
0.11277
0.11277
0.11277
0.11275
0.11275
0.11275
0.11273
0.11273
0.11273
0.112711
0.112711
0.112711
0.112691
0.112691
0.112691
0.112672
0.112672
0.112672
0.112652
0.112652
0.112652
0.112632
0.112632
0.112632
0.112613
0.112613
0.112613
0.112593
0.112593
0.112593
0.112573
0.112573
0.112573
0.112553
0.112553
0.112553
0.112533
0.112533
0.112533
0.112513
0.112513
0.112513
0.112494
0.112494
0.112494
0.112474
0.112474
0.112474
0.112454
0.112454
0.112454
0.112434
0.112434
0.112434
0.112414
0.112414
0.112414
0.112393
0.112393
0.112393
0.112373
0.112373
0.112373
0.112353
0.112353
0.112353
0.112333
0.112333
0.112333
0.112313
0.112313
0.112313
0.112293
0.112293
0.112293
0.112272
0.112272
0.112272
0.112252
0.112252
0.112252
0.112232
0.112232
0.112232
0.112211
0.112211
0.112211
0.112191
0.112191
0.112191
0.11217
0.11217
0.11217
0.11215
0.11215
0.11215
0.11213
0.11213
0.11213
0.112109
0.112109
0.112109
0.112088
0.112088
0.112088
0.112068
0.112068
0.112068
0.112047
0.112047
0.112047
0.112026
0.112026
0.112026
0.112006
0.112006
0.112006
0.111985
0.111985
0.111985
0.111964
0.111964
0.111964
0.111943
0.111943
0.111943
0.111923
0.111923
0.111923
0.111902
0.111902
0.111902
0.111881
0.111881
0.111881
0.11186
0.11186
0.11186
0.111839
0.111839
0.111839
0.111818
0.111818
0.111818
0.111797
0.111797
0.111797
0.111776
0.111776
0.111776
0.111755
0.111755
0.111755
0.111733
0.111733
0.111733
0.111712
0.111712
0.111712
0.111691
0.111691
0.111691
0.11167
0.11167
0.11167
0.111648
0.111648
0.111648
0.111627
0.111627
0.111627
0.111606
0.111606
0.111606
0.111584
0.111584
0.111584
0.111563
0.111563
0.111563
0.111541
0.111541
0.111541
0.11152
0.11152
0.11152
0.111498
0.111498
0.111498
0.111477
0.111477
0.111477
0.111455
0.111455
0.111455
0.111433
0.111433
0.111433
0.111411
0.111411
0.111411
0.11139
0.11139
0.11139
0.111368
0.111368
0.111368
0.111346
0.111346
0.111346
0.111324
0.111324
0.111324
0.111302
0.111302
0.111302
0.11128
0.11128
0.11128
0.111258
0.111258
0.111258
0.111236
0.111236
0.111236
0.111214
0.111214
0.111214
0.111192
0.111192
0.111192
0.11117
0.11117
0.11117
0.111148
0.111148
0.111148
0.111125
0.111125
0.111125
0.111103
0.111103
0.111103
0.111081
0.111081
0.111081
0.111058
0.111058
0.111058
0.111036
0.111036
0.111036
0.111014
0.111014
0.111014
0.110991
0.110991
0.110991
0.110968
0.110968
0.110968
0.110946
0.110946
0.110946
0.110923
0.110923
0.110923
0.110901
0.110901
0.110901
0.110878
0.110878
0.110878
0.110855
0.110855
0.110855
0.110832
0.110832
0.110832
0.110809
0.110809
0.110809
0.110787
0.110787
0.110787
0.110764
0.110764
0.110764
0.110741
0.110741
0.110741
0.110718
0.110718
0.110718
0.110695
0.110695
0.110695
0.110671
0.110671
0.110671
0.110648
0.110648
0.110648
0.110625
0.110625
0.110625
0.110602
0.110602
0.110602
0.110579
0.110579
0.110579
0.110555
0.110555
0.110555
0.110532
0.110532
0.110532
0.110508
0.110508
0.110508
0.110485
0.110485
0.110485
0.110461
0.110461
0.110461
0.110438
0.110438
0.110438
0.110414
0.110414
0.110414
0.11039
0.11039
0.11039
0.110367
0.110367
0.110367
0.110343
0.110343
0.110343
0.110319
0.110319
0.110319
0.110295
0.110295
0.110295
0.110271
0.110271
0.110271
0.110247
0.110247
0.110247
0.110223
0.110223
0.110223
0.110199
0.110199
0.110199
0.110175
0.110175
0.110175
0.110151
0.110151
0.110151
0.110127
0.110127
0.110127
0.110102
0.110102
0.110102
0.110078
0.110078
0.110078
0.110054
0.110054
0.110054
0.110029
0.110029
0.110029
0.110005
0.110005
0.110005
0.10998
0.10998
0.10998
0.109956
0.109956
0.109956
0.109931
0.109931
0.109931
0.109906
0.109906
0.109906
0.109882
0.109882
0.109882
0.109857
0.109857
0.109857
0.109832
0.109832
0.109832
0.109807
0.109807
0.109807
0.109782
0.109782
0.109782
0.109757
0.109757
0.109757
0.109732
0.109732
0.109732
0.109707
0.109707
0.109707
0.109682
0.109682
0.109682
0.109656
0.109656
0.109656
0.109631
0.109631
0.109631
0.109606
0.109606
0.109606
0.10958
0.10958
0.10958
0.109555
0.109555
0.109555
0.109529
0.109529
0.109529
0.109504
0.109504
0.109504
0.109478
0.109478
0.109478
0.109452
0.109452
0.109452
0.109427
0.109427
0.109427
0.109401
0.109401
0.109401
0.109375
0.109375
0.109375
0.109349
0.109349
0.109349
0.109323
0.109323
0.109323
0.109297
0.109297
0.109297
0.109271
0.109271
0.109271
0.109244
0.109244
0.109244
0.109218
0.109218
0.109218
0.109192
0.109192
0.109192
0.109165
0.109165
0.109165
0.109139
0.109139
0.109139
0.109112
0.109112
0.109112
0.109086
0.109086
0.109086
0.109059
0.109059
0.109059
0.109032
0.109032
0.109032
0.109006
0.109006
0.109006
0.108979
0.108979
0.108979
0.108952
0.108952
0.108952
0.108925
0.108925
0.108925
0.108898
0.108898
0.108898
0.108871
0.108871
0.108871
0.108844
0.108844
0.108844
0.108816
0.108816
0.108816
0.108789
0.108789
0.108789
0.108762
0.108762
0.108762
0.108734
0.108734
0.108734
0.108707
0.108707
0.108707
0.108679
0.108679
0.108679
0.108651
0.108651
0.108651
0.108624
0.108624
0.108624
0.108596
0.108596
0.108596
0.108568
0.108568
0.108568
0.10854
0.10854
0.10854
0.108512
0.108512
0.108512
0.108484
0.108484
0.108484
0.108456
0.108456
0.108456
0.108427
0.108427
0.108427
0.108399
0.108399
0.108399
0.108371
0.108371
0.108371
0.108342
0.108342
0.108342
0.108313
0.108313
0.108313
0.108285
0.108285
0.108285
0.108256
0.108256
0.108256
0.108227
0.108227
0.108227
0.108198
0.108198
0.108198
0.108169
0.108169
0.108169
0.10814
0.10814
0.10814
0.108111
0.108111
0.108111
0.108082
0.108082
0.108082
0.108053
0.108053
0.108053
0.108023
0.108023
0.108023
0.107994
0.107994
0.107994
0.107964
0.107964
0.107964
0.107935
0.107935
0.107935
0.107905
0.107905
0.107905
0.107875
0.107875
0.107875
0.107845
0.107845
0.107845
0.107815
0.107815
0.107815
0.107785
0.107785
0.107785
0.107755
0.107755
0.107755
0.107725
0.107725
0.107725
0.107694
0.107694
0.107694
0.107664
0.107664
0.107664
0.107633
0.107633
0.107633
0.107603
0.107603
0.107603
0.107572
0.107572
0.107572
0.107541
0.107541
0.107541
0.10751
0.10751
0.10751
0.107479
0.107479
0.107479
0.107448
0.107448
0.107448
0.107417
0.107417
0.107417
0.107386
0.107386
0.107386
0.107355
0.107355
0.107355
0.107323
0.107323
0.107323
0.107291
0.107291
0.107291
0.10726
0.10726
0.10726
0.107228
0.107228
0.107228
0.107196
0.107196
0.107196
0.107164
0.107164
0.107164
0.107132
0.107132
0.107132
0.1071
0.1071
0.1071
0.107067
0.107067
0.107067
0.107035
0.107035
0.107035
0.107003
0.107003
0.107003
0.10697
0.10697
0.10697
0.106937
0.106937
0.106937
0.106904
0.106904
0.106904
0.106871
0.106871
0.106871
0.106838
0.106838
0.106838
0.106805
0.106805
0.106805
0.106772
0.106772
0.106772
0.106738
0.106738
0.106738
0.106705
0.106705
0.106705
0.106671
0.106671
0.106671
0.106637
0.106637
0.106637
0.106603
0.106603
0.106603
0.106569
0.106569
0.106569
0.106535
0.106535
0.106535
0.106501
0.106501
0.106501
0.106467
0.106467
0.106467
0.106432
0.106432
0.106432
0.106397
0.106397
0.106397
0.106363
0.106363
0.106363
0.106328
0.106328
0.106328
0.106293
0.106293
0.106293
0.106257
0.106257
0.106257
0.106222
0.106222
0.106222
0.106187
0.106187
0.106187
0.106151
0.106151
0.106151
0.106115
0.106115
0.106115
0.10608
0.10608
0.10608
0.106044
0.106044
0.106044
0.106007
0.106007
0.106007
0.105971
0.105971
0.105971
0.105935
0.105935
0.105935
0.105898
0.105898
0.105898
0.105861
0.105861
0.105861
0.105825
0.105825
0.105825
0.105788
0.105788
0.105788
0.10575
0.10575
0.10575
0.105713
0.105713
0.105713
0.105676
0.105676
0.105676
0.105638
0.105638
0.105638
0.1056
0.1056
0.1056
0.105562
0.105562
0.105562
0.105524
0.105524
0.105524
0.105486
0.105486
0.105486
0.105447
0.105447
0.105447
0.105409
0.105409
0.105409
0.10537
0.10537
0.10537
0.105331
0.105331
0.105331
0.105292
0.105292
0.105292
0.105253
0.105253
0.105253
0.105213
0.105213
0.105213
0.105173
0.105173
0.105173
0.105134
0.105134
0.105134
0.105093
0.105093
0.105093
0.105053
0.105053
0.105053
0.105013
0.105013
0.105013
0.104972
0.104972
0.104972
0.104931
0.104931
0.104931
0.10489
0.10489
0.10489
0.104849
0.104849
0.104849
0.104808
0.104808
0.104808
0.104766
0.104766
0.104766
0.104724
0.104724
0.104724
0.104682
0.104682
0.104682
0.10464
0.10464
0.10464
0.104598
0.104598
0.104598
0.104555
0.104555
0.104555
0.104512
0.104512
0.104512
0.104469
0.104469
0.104469
0.104426
0.104426
0.104426
0.104382
0.104382
0.104382
0.104338
0.104338
0.104338
0.104294
0.104294
0.104294
0.10425
0.10425
0.10425
0.104205
0.104205
0.104205
0.104161
0.104161
0.104161
0.104115
0.104115
0.104115
0.10407
0.10407
0.10407
0.104025
0.104025
0.104025
0.103979
0.103979
0.103979
0.103932
0.103932
0.103932
0.103886
0.103886
0.103886
0.103839
0.103839
0.103839
0.103792
0.103792
0.103792
0.103745
0.103745
0.103745
0.103697
0.103697
0.103697
0.103649
0.103649
0.103649
0.103601
0.103601
0.103601
0.103552
0.103552
0.103552
0.103503
0.103503
0.103503
0.103453
0.103453
0.103453
0.103403
0.103403
0.103403
0.103353
0.103353
0.103353
0.103302
0.103302
0.103302
0.10325
0.10325
0.10325
0.103198
0.103198
0.103198
0.103145
0.103145
0.103145
0.103092
0.103092
0.103092
0.103037
0.103037
0.103037
0.102982
0.102982
0.102982
0.102925
0.102925
0.102925
0.102868
0.102868
0.102868
0.102809
0.102809
0.102809
0.102748
0.102748
0.102748
0.102686
0.102686
0.102686
0.102621
0.102621
0.102621
0.102554
0.102554
0.102554
0.102484
0.102484
0.102484
0.102411
0.102411
0.102411
0.102333
0.102333
0.102333
0.102251
0.102251
0.102251
0.102164
0.102164
0.102164
0.10207
0.10207
0.10207
0.101969
0.101969
0.101969
0.101859
0.101859
0.101859
0.101739
0.101739
0.101739
0.101606
0.101606
0.101606
0.10146
0.10146
0.10146
0.101297
0.101297
0.101297
0.101115
0.101115
0.101115
0.10091
0.10091
0.10091
0.10068
0.10068
0.10068
0.10042
0.10042
0.10042
0.100126
0.100126
0.100126
0.0997935
0.0997935
0.0997935
0.0994166
0.0994166
0.0994166
0.0989901
0.0989901
0.0989901
0.0985084
0.0985084
0.0985084
0.0979655
0.0979655
0.0979655
0.097356
0.097356
0.097356
0.0966748
0.0966748
0.0966748
0.0959173
0.0959173
0.0959173
0.0950805
0.0950805
0.0950805
0.0941627
0.0941627
0.0941627
0.093164
0.093164
0.093164
0.0920871
0.0920871
0.0920871
0.0909368
0.0909368
0.0909368
0.0897207
0.0897207
0.0897207
0.0884489
0.0884489
0.0884489
0.0871334
0.0871334
0.0871334
0.0857883
0.0857883
0.0857883
0.0844285
0.0844285
0.0844285
0.0830694
0.0830694
0.0830694
0.0817262
0.0817262
0.0817262
0.0804129
0.0804129
0.0804129
0.0791421
0.0791421
0.0791421
0.0779244
0.0779244
0.0779244
0.0767682
0.0767682
0.0767682
0.0756798
0.0756798
0.0756798
0.074663
0.074663
0.074663
0.0737198
0.0737198
0.0737198
0.0728504
0.0728504
0.0728504
0.0720534
0.0720534
0.0720534
0.0713264
0.0713264
0.0713264
0.070666
0.070666
0.070666
0.0700682
0.0700682
0.0700682
0.0695286
0.0695286
0.0695286
0.0690427
0.0690427
0.0690427
0.068606
0.068606
0.068606
0.0682138
0.0682138
0.0682138
0.0678619
0.0678619
0.0678619
0.0675461
0.0675461
0.0675461
0.0672627
0.0672627
0.0672627
0.0670081
0.0670081
0.0670081
0.0667791
0.0667791
0.0667791
0.0665727
0.0665727
0.0665727
0.0663862
0.0663862
0.0663862
0.0662174
0.0662174
0.0662174
0.066064
0.066064
0.066064
0.0659242
0.0659242
0.0659242
0.0657963
0.0657963
0.0657963
0.0656788
0.0656788
0.0656788
0.0655705
0.0655705
0.0655705
0.0654701
0.0654701
0.0654701
0.0653766
0.0653766
0.0653766
0.0652893
0.0652893
0.0652893
0.0652073
0.0652073
0.0652073
0.0651299
0.0651299
0.0651299
0.0650566
0.0650566
0.0650566
0.0649868
0.0649868
0.0649868
0.0649201
0.0649201
0.0649201
0.0648562
0.0648562
0.0648562
0.0647947
0.0647947
0.0647947
0.0647353
0.0647353
0.0647353
0.0646777
0.0646777
0.0646777
0.0646218
0.0646218
0.0646218
0.0645673
0.0645673
0.0645673
0.0645142
0.0645142
0.0645142
0.0644622
0.0644622
0.0644622
0.0644112
0.0644112
0.0644112
0.0643611
0.0643611
0.0643611
0.0643118
0.0643118
0.0643118
0.0642634
0.0642634
0.0642634
0.0642155
0.0642155
0.0642155
0.0641684
0.0641684
0.0641684
0.0641218
0.0641218
0.0641218
0.0640757
0.0640757
0.0640757
0.0640301
0.0640301
0.0640301
0.0639849
0.0639849
0.0639849
0.0639402
0.0639402
0.0639402
0.0638959
0.0638959
0.0638959
0.063852
0.063852
0.063852
0.0638084
0.0638084
0.0638084
0.0637652
0.0637652
0.0637652
0.0637223
0.0637223
0.0637223
0.0636797
0.0636797
0.0636797
0.0636374
0.0636374
0.0636374
0.0635954
0.0635954
0.0635954
0.0635536
0.0635536
0.0635536
0.0635122
0.0635122
0.0635122
0.0634709
0.0634709
0.0634709
0.06343
0.06343
0.06343
0.0633893
0.0633893
0.0633893
0.0633488
0.0633488
0.0633488
0.0633086
0.0633086
0.0633086
0.0632686
0.0632686
0.0632686
0.0632289
0.0632289
0.0632289
0.0631893
0.0631893
0.0631893
0.06315
0.06315
0.06315
0.0631109
0.0631109
0.0631109
0.063072
0.063072
0.063072
0.0630333
0.0630333
0.0630333
0.0629948
0.0629948
0.0629948
0.0629566
0.0629566
0.0629566
0.0629185
0.0629185
0.0629185
0.0628806
0.0628806
0.0628806
0.0628429
0.0628429
0.0628429
0.0628054
0.0628054
0.0628054
0.0627681
0.0627681
0.0627681
0.062731
0.062731
0.062731
0.062694
0.062694
0.062694
0.0626572
0.0626572
0.0626572
0.0626206
0.0626206
0.0626206
0.0625842
0.0625842
0.0625842
0.062548
0.062548
0.062548
0.0625119
0.0625119
0.0625119
0.062476
0.062476
0.062476
0.0624403
0.0624403
0.0624403
0.0624047
0.0624047
0.0624047
0.0623693
0.0623693
0.0623693
0.0623341
0.0623341
0.0623341
0.062299
0.062299
0.062299
0.0622641
0.0622641
0.0622641
0.0622293
0.0622293
0.0622293
0.0621947
0.0621947
0.0621947
0.0621602
0.0621602
0.0621602
0.0621259
0.0621259
0.0621259
0.0620917
0.0620917
0.0620917
0.0620577
0.0620577
0.0620577
0.0620238
0.0620238
0.0620238
0.0619901
0.0619901
0.0619901
0.0619565
0.0619565
0.0619565
0.0619231
0.0619231
0.0619231
0.0618898
0.0618898
0.0618898
0.0618566
0.0618566
0.0618566
0.0618236
0.0618236
0.0618236
0.0617907
0.0617907
0.0617907
0.0617579
0.0617579
0.0617579
0.0617253
0.0617253
0.0617253
0.0616928
0.0616928
0.0616928
0.0616604
0.0616604
0.0616604
0.0616282
0.0616282
0.0616282
0.0615961
0.0615961
0.0615961
0.0615641
0.0615641
0.0615641
0.0615322
0.0615322
0.0615322
0.0615005
0.0615005
0.0615005
0.0614689
0.0614689
0.0614689
0.0614374
0.0614374
0.0614374
0.061406
0.061406
0.061406
0.0613748
0.0613748
0.0613748
0.0613436
0.0613436
0.0613436
0.0613126
0.0613126
0.0613126
0.0612817
0.0612817
0.0612817
0.0612509
0.0612509
0.0612509
0.0612202
0.0612202
0.0612202
0.0611897
0.0611897
0.0611897
0.0611592
0.0611592
0.0611592
0.0611289
0.0611289
0.0611289
0.0610987
0.0610987
0.0610987
0.0610685
0.0610685
0.0610685
0.0610385
0.0610385
0.0610385
0.0610086
0.0610086
0.0610086
0.0609788
0.0609788
0.0609788
0.0609491
0.0609491
0.0609491
0.0609195
0.0609195
0.0609195
0.06089
0.06089
0.06089
0.0608607
0.0608607
0.0608607
0.0608314
0.0608314
0.0608314
0.0608022
0.0608022
0.0608022
0.0607731
0.0607731
0.0607731
0.0607441
0.0607441
0.0607441
0.0607152
0.0607152
0.0607152
0.0606864
0.0606864
0.0606864
0.0606577
0.0606577
0.0606577
0.0606291
0.0606291
0.0606291
0.0606006
0.0606006
0.0606006
0.0605722
0.0605722
0.0605722
0.0605439
0.0605439
0.0605439
0.0605157
0.0605157
0.0605157
0.0604875
0.0604875
0.0604875
0.0604595
0.0604595
0.0604595
0.0604315
0.0604315
0.0604315
0.0604037
0.0604037
0.0604037
0.0603759
0.0603759
0.0603759
0.0603482
0.0603482
0.0603482
0.0603206
0.0603206
0.0603206
0.0602931
0.0602931
0.0602931
0.0602657
0.0602657
0.0602657
0.0602383
0.0602383
0.0602383
0.0602111
0.0602111
0.0602111
0.0601839
0.0601839
0.0601839
0.0601568
0.0601568
0.0601568
0.0601298
0.0601298
0.0601298
0.0601029
0.0601029
0.0601029
0.060076
0.060076
0.060076
0.0600492
0.0600492
0.0600492
0.0600226
0.0600226
0.0600226
0.059996
0.059996
0.059996
0.0599694
0.0599694
0.0599694
0.059943
0.059943
0.059943
0.0599166
0.0599166
0.0599166
0.0598903
0.0598903
0.0598903
0.0598641
0.0598641
0.0598641
0.059838
0.059838
0.059838
0.0598119
0.0598119
0.0598119
0.0597859
0.0597859
0.0597859
0.05976
0.05976
0.05976
0.0597342
0.0597342
0.0597342
0.0597084
0.0597084
0.0597084
0.0596827
0.0596827
0.0596827
0.0596571
0.0596571
0.0596571
0.0596316
0.0596316
0.0596316
0.0596061
0.0596061
0.0596061
0.0595807
0.0595807
0.0595807
0.0595553
0.0595553
0.0595553
0.0595301
0.0595301
0.0595301
0.0595049
0.0595049
0.0595049
0.0594798
0.0594798
0.0594798
0.0594547
0.0594547
0.0594547
0.0594297
0.0594297
0.0594297
0.0594048
0.0594048
0.0594048
0.05938
0.05938
0.05938
0.0593552
0.0593552
0.0593552
0.0593305
0.0593305
0.0593305
0.0593058
0.0593058
0.0593058
0.0592812
0.0592812
0.0592812
0.0592567
0.0592567
0.0592567
0.0592322
0.0592322
0.0592322
0.0592078
0.0592078
0.0592078
0.0591835
0.0591835
0.0591835
0.0591593
0.0591593
0.0591593
0.0591351
0.0591351
0.0591351
0.0591109
0.0591109
0.0591109
0.0590868
0.0590868
0.0590868
0.0590628
0.0590628
0.0590628
0.0590389
0.0590389
0.0590389
0.059015
0.059015
0.059015
0.0589912
0.0589912
0.0589912
0.0589674
0.0589674
0.0589674
0.0589437
0.0589437
0.0589437
0.05892
0.05892
0.05892
0.0588964
0.0588964
0.0588964
0.0588729
0.0588729
0.0588729
0.0588494
0.0588494
0.0588494
0.058826
0.058826
0.058826
0.0588027
0.0588027
0.0588027
0.0587794
0.0587794
0.0587794
0.0587561
0.0587561
0.0587561
0.0587329
0.0587329
0.0587329
0.0587098
0.0587098
0.0587098
0.0586867
0.0586867
0.0586867
0.0586637
0.0586637
0.0586637
0.0586407
0.0586407
0.0586407
0.0586178
0.0586178
0.0586178
0.058595
0.058595
0.058595
0.0585722
0.0585722
0.0585722
0.0585494
0.0585494
0.0585494
0.0585268
0.0585268
0.0585268
0.0585041
0.0585041
0.0585041
0.0584815
0.0584815
0.0584815
0.058459
0.058459
0.058459
0.0584365
0.0584365
0.0584365
0.0584141
0.0584141
0.0584141
0.0583917
0.0583917
0.0583917
0.0583694
0.0583694
0.0583694
0.0583471
0.0583471
0.0583471
0.0583249
0.0583249
0.0583249
0.0583028
0.0583028
0.0583028
0.0582806
0.0582806
0.0582806
0.0582586
0.0582586
0.0582586
0.0582366
0.0582366
0.0582366
0.0582146
0.0582146
0.0582146
0.0581927
0.0581927
0.0581927
0.0581708
0.0581708
0.0581708
0.058149
0.058149
0.058149
0.0581272
0.0581272
0.0581272
0.0581055
0.0581055
0.0581055
0.0580838
0.0580838
0.0580838
0.0580622
0.0580622
0.0580622
0.0580406
0.0580406
0.0580406
0.0580191
0.0580191
0.0580191
0.0579976
0.0579976
0.0579976
0.0579762
0.0579762
0.0579762
0.0579548
0.0579548
0.0579548
0.0579334
0.0579334
0.0579334
0.0579121
0.0579121
0.0579121
0.0578909
0.0578909
0.0578909
0.0578697
0.0578697
0.0578697
0.0578485
0.0578485
0.0578485
0.0578274
0.0578274
0.0578274
0.0578063
0.0578063
0.0578063
0.0577853
0.0577853
0.0577853
0.0577643
0.0577643
0.0577643
0.0577434
0.0577434
0.0577434
0.0577225
0.0577225
0.0577225
0.0577017
0.0577017
0.0577017
0.0576809
0.0576809
0.0576809
0.0576601
0.0576601
0.0576601
0.0576394
0.0576394
0.0576394
0.0576187
0.0576187
0.0576187
0.0575981
0.0575981
0.0575981
0.0575775
0.0575775
0.0575775
0.0575569
0.0575569
0.0575569
0.0575364
0.0575364
0.0575364
0.057516
0.057516
0.057516
0.0574956
0.0574956
0.0574956
0.0574752
0.0574752
0.0574752
0.0574548
0.0574548
0.0574548
0.0574345
0.0574345
0.0574345
0.0574143
0.0574143
0.0574143
0.0573941
0.0573941
0.0573941
0.0573739
0.0573739
0.0573739
0.0573538
0.0573538
0.0573538
0.0573337
0.0573337
0.0573337
0.0573136
0.0573136
0.0573136
0.0572936
0.0572936
0.0572936
0.0572736
0.0572736
0.0572736
0.0572537
0.0572537
0.0572537
0.0572338
0.0572338
0.0572338
0.0572139
0.0572139
0.0572139
0.0571941
0.0571941
0.0571941
0.0571743
0.0571743
0.0571743
0.0571546
0.0571546
0.0571546
0.0571349
0.0571349
0.0571349
0.0571152
0.0571152
0.0571152
0.0570956
0.0570956
0.0570956
0.057076
0.057076
0.057076
0.0570564
0.0570564
0.0570564
0.0570369
0.0570369
0.0570369
0.0570175
0.0570175
0.0570175
0.056998
0.056998
0.056998
0.0569786
0.0569786
0.0569786
0.0569592
0.0569592
0.0569592
0.0569399
0.0569399
0.0569399
0.0569206
0.0569206
0.0569206
0.0569014
0.0569014
0.0569014
0.0568821
0.0568821
0.0568821
0.0568629
0.0568629
0.0568629
0.0568438
0.0568438
0.0568438
0.0568247
0.0568247
0.0568247
0.0568056
0.0568056
0.0568056
0.0567866
0.0567866
0.0567866
0.0567675
0.0567675
0.0567675
0.0567486
0.0567486
0.0567486
0.0567296
0.0567296
0.0567296
0.0567107
0.0567107
0.0567107
0.0566919
0.0566919
0.0566919
0.056673
0.056673
0.056673
0.0566542
0.0566542
0.0566542
0.0566354
0.0566354
0.0566354
0.0566167
0.0566167
0.0566167
0.056598
0.056598
0.056598
0.0565793
0.0565793
0.0565793
0.0565607
0.0565607
0.0565607
0.0565421
0.0565421
0.0565421
0.0565235
0.0565235
0.0565235
0.056505
0.056505
0.056505
0.0564865
0.0564865
0.0564865
0.056468
0.056468
0.056468
0.0564496
0.0564496
0.0564496
0.0564312
0.0564312
0.0564312
0.0564128
0.0564128
0.0564128
0.0563945
0.0563945
0.0563945
0.0563762
0.0563762
0.0563762
0.0563579
0.0563579
0.0563579
0.0563397
0.0563397
0.0563397
0.0563214
0.0563214
0.0563214
0.0563033
0.0563033
0.0563033
0.0562851
0.0562851
0.0562851
0.056267
0.056267
0.056267
0.0562489
0.0562489
0.0562489
0.0562309
0.0562309
0.0562309
0.0562128
0.0562128
0.0562128
0.0561948
0.0561948
0.0561948
0.0561769
0.0561769
0.0561769
0.0561589
0.0561589
0.0561589
0.056141
0.056141
0.056141
0.0561232
0.0561232
0.0561232
0.0561053
0.0561053
0.0561053
0.0560875
0.0560875
0.0560875
0.0560697
0.0560697
0.0560697
0.056052
0.056052
0.056052
0.0560343
0.0560343
0.0560343
0.0560166
0.0560166
0.0560166
0.0559989
0.0559989
0.0559989
0.0559813
0.0559813
0.0559813
0.0559637
0.0559637
0.0559637
0.0559461
0.0559461
0.0559461
0.0559285
0.0559285
0.0559285
0.055911
0.055911
0.055911
0.0558935
0.0558935
0.0558935
0.0558761
0.0558761
0.0558761
0.0558586
0.0558586
0.0558586
0.0558412
0.0558412
0.0558412
0.0558238
0.0558238
0.0558238
0.0558065
0.0558065
0.0558065
0.0557892
0.0557892
0.0557892
0.0557719
0.0557719
0.0557719
0.0557546
0.0557546
0.0557546
0.0557374
0.0557374
0.0557374
0.0557202
0.0557202
0.0557202
0.055703
0.055703
0.055703
0.0556858
0.0556858
0.0556858
0.0556687
0.0556687
0.0556687
0.0556516
0.0556516
0.0556516
0.0556345
0.0556345
0.0556345
0.0556175
0.0556175
0.0556175
0.0556005
0.0556005
0.0556005
0.0555835
0.0555835
0.0555835
0.0555665
0.0555665
0.0555665
0.0555496
0.0555496
0.0555496
0.0555326
0.0555326
0.0555326
0.0555158
0.0555158
0.0555158
0.0554989
0.0554989
0.0554989
0.0554821
0.0554821
0.0554821
0.0554653
0.0554653
0.0554653
0.0554485
0.0554485
0.0554485
0.0554317
0.0554317
0.0554317
0.055415
0.055415
0.055415
0.0553983
0.0553983
0.0553983
0.0553816
0.0553816
0.0553816
0.055365
0.055365
0.055365
0.0553483
0.0553483
0.0553483
0.0553317
0.0553317
0.0553317
0.0553151
0.0553151
0.0553151
0.0552986
0.0552986
0.0552986
0.0552821
0.0552821
0.0552821
0.0552656
0.0552656
0.0552656
0.0552491
0.0552491
0.0552491
0.0552326
0.0552326
0.0552326
0.0552162
0.0552162
0.0552162
0.0551998
0.0551998
0.0551998
0.0551834
0.0551834
0.0551834
0.0551671
0.0551671
0.0551671
0.0551507
0.0551507
0.0551507
0.0551344
0.0551344
0.0551344
0.0551182
0.0551182
0.0551182
0.0551019
0.0551019
0.0551019
0.0550857
0.0550857
0.0550857
0.0550695
0.0550695
0.0550695
0.0550533
0.0550533
0.0550533
0.0550371
0.0550371
0.0550371
0.055021
0.055021
0.055021
0.0550049
0.0550049
0.0550049
0.0549888
0.0549888
0.0549888
0.0549727
0.0549727
0.0549727
0.0549567
0.0549567
0.0549567
0.0549406
0.0549406
0.0549406
0.0549246
0.0549246
0.0549246
0.0549087
0.0549087
0.0549087
0.0548927
0.0548927
0.0548927
0.0548768
0.0548768
0.0548768
0.0548609
0.0548609
0.0548609
0.054845
0.054845
0.054845
0.0548291
0.0548291
0.0548291
0.0548133
0.0548133
0.0548133
0.0547975
0.0547975
0.0547975
0.0547817
0.0547817
0.0547817
0.0547659
0.0547659
0.0547659
0.0547502
0.0547502
0.0547502
0.0547344
0.0547344
0.0547344
0.0547187
0.0547187
0.0547187
0.0547031
0.0547031
0.0547031
0.0546874
0.0546874
0.0546874
0.0546718
0.0546718
0.0546718
0.0546561
0.0546561
0.0546561
0.0546405
0.0546405
0.0546405
0.054625
0.054625
0.054625
0.0546094
0.0546094
0.0546094
0.0545939
0.0545939
0.0545939
0.0545784
0.0545784
0.0545784
0.0545629
0.0545629
0.0545629
0.0545474
0.0545474
0.0545474
0.054532
0.054532
0.054532
0.0545166
0.0545166
0.0545166
0.0545012
0.0545012
0.0545012
0.0544858
0.0544858
0.0544858
0.0544704
0.0544704
0.0544704
0.0544551
0.0544551
0.0544551
0.0544398
0.0544398
0.0544398
0.0544245
0.0544245
0.0544245
0.0544092
0.0544092
0.0544092
0.054394
0.054394
0.054394
0.0543787
0.0543787
0.0543787
0.0543635
0.0543635
0.0543635
0.0543483
0.0543483
0.0543483
0.0543331
0.0543331
0.0543331
0.054318
0.054318
0.054318
0.0543029
0.0543029
0.0543029
0.0542877
0.0542877
0.0542877
0.0542727
0.0542727
0.0542727
0.0542576
0.0542576
0.0542576
0.0542425
0.0542425
0.0542425
0.0542275
0.0542275
0.0542275
0.0542125
0.0542125
0.0542125
0.0541975
0.0541975
0.0541975
0.0541825
0.0541825
0.0541825
0.0541676
0.0541676
0.0541676
0.0541526
0.0541526
0.0541526
0.0541377
0.0541377
0.0541377
0.0541228
0.0541228
0.0541228
0.054108
0.054108
0.054108
0.0540931
0.0540931
0.0540931
0.0540783
0.0540783
0.0540783
0.0540635
0.0540635
0.0540635
0.0540487
0.0540487
0.0540487
0.0540339
0.0540339
0.0540339
0.0540191
0.0540191
0.0540191
0.0540044
0.0540044
0.0540044
0.0539897
0.0539897
0.0539897
0.053975
0.053975
0.053975
0.0539603
0.0539603
0.0539603
0.0539456
0.0539456
0.0539456
0.053931
0.053931
0.053931
0.0539164
0.0539164
0.0539164
0.0539018
0.0539018
0.0539018
0.0538872
0.0538872
0.0538872
0.0538726
0.0538726
0.0538726
0.053858
0.053858
0.053858
0.0538435
0.0538435
0.0538435
0.053829
0.053829
0.053829
0.0538145
0.0538145
0.0538145
0.0538
0.0538
0.0538
0.0537856
0.0537856
0.0537856
0.0537711
0.0537711
0.0537711
0.0537567
0.0537567
0.0537567
0.0537423
0.0537423
0.0537423
0.0537279
0.0537279
0.0537279
0.0537135
0.0537135
0.0537135
0.0536992
0.0536992
0.0536992
0.0536849
0.0536849
0.0536849
0.0536705
0.0536705
0.0536705
0.0536562
0.0536562
0.0536562
0.053642
0.053642
0.053642
0.0536277
0.0536277
0.0536277
0.0536135
0.0536135
0.0536135
0.0535992
0.0535992
0.0535992
0.053585
0.053585
0.053585
0.0535708
0.0535708
0.0535708
0.0535567
0.0535567
0.0535567
0.0535425
0.0535425
0.0535425
0.0535284
0.0535284
0.0535284
0.0535142
0.0535142
0.0535142
0.0535001
0.0535001
0.0535001
0.053486
0.053486
0.053486
0.053472
0.053472
0.053472
0.0534579
0.0534579
0.0534579
0.0534439
0.0534439
0.0534439
0.0534299
0.0534299
0.0534299
0.0534159
0.0534159
0.0534159
0.0534019
0.0534019
0.0534019
0.0533879
0.0533879
0.0533879
0.053374
0.053374
0.053374
0.05336
0.05336
0.05336
0.0533461
0.0533461
0.0533461
0.0533322
0.0533322
0.0533322
0.0533183
0.0533183
0.0533183
0.0533044
0.0533044
0.0533044
0.0532906
0.0532906
0.0532906
0.0532767
0.0532767
0.0532767
0.0532629
0.0532629
0.0532629
0.0532491
0.0532491
0.0532491
0.0532353
0.0532353
0.0532353
0.0532216
0.0532216
0.0532216
0.0532078
0.0532078
0.0532078
0.0531941
0.0531941
0.0531941
0.0531803
0.0531803
0.0531803
0.0531666
0.0531666
0.0531666
0.0531529
0.0531529
0.0531529
0.0531393
0.0531393
0.0531393
0.0531256
0.0531256
0.0531256
0.053112
0.053112
0.053112
0.0530983
0.0530983
0.0530983
0.0530847
0.0530847
0.0530847
0.0530711
0.0530711
0.0530711
0.0530576
0.0530576
0.0530576
0.053044
0.053044
0.053044
0.0530304
0.0530304
0.0530304
0.0530169
0.0530169
0.0530169
0.0530034
0.0530034
0.0530034
0.0529899
0.0529899
0.0529899
0.0529764
0.0529764
0.0529764
0.0529629
0.0529629
0.0529629
0.0529495
0.0529495
0.0529495
0.052936
0.052936
0.052936
0.0529226
0.0529226
0.0529226
0.0529092
0.0529092
0.0529092
0.0528958
0.0528958
0.0528958
0.0528824
0.0528824
0.0528824
0.0528691
0.0528691
0.0528691
0.0528557
0.0528557
0.0528557
0.0528424
0.0528424
0.0528424
0.0528291
0.0528291
0.0528291
0.0528158
0.0528158
0.0528158
0.0528025
0.0528025
0.0528025
0.0527892
0.0527892
0.0527892
0.0527759
0.0527759
0.0527759
0.0527627
0.0527627
0.0527627
0.0527495
0.0527495
0.0527495
0.0527362
0.0527362
0.0527362
0.052723
0.052723
0.052723
0.0527099
0.0527099
0.0527099
0.0526967
0.0526967
0.0526967
0.0526835
0.0526835
0.0526835
0.0526704
0.0526704
0.0526704
0.0526573
0.0526573
0.0526573
0.0526441
0.0526441
0.0526441
0.052631
0.052631
0.052631
0.052618
0.052618
0.052618
0.0526049
0.0526049
0.0526049
0.0525918
0.0525918
0.0525918
0.0525788
0.0525788
0.0525788
0.0525658
0.0525658
0.0525658
0.0525528
0.0525528
0.0525528
0.0525398
0.0525398
0.0525398
0.0525268
0.0525268
0.0525268
0.0525138
0.0525138
0.0525138
0.0525009
0.0525009
0.0525009
0.0524879
0.0524879
0.0524879
0.052475
0.052475
0.052475
0.0524621
0.0524621
0.0524621
0.0524492
0.0524492
0.0524492
0.0524363
0.0524363
0.0524363
0.0524234
0.0524234
0.0524234
0.0524106
0.0524106
0.0524106
0.0523977
0.0523977
0.0523977
0.0523849
0.0523849
0.0523849
0.0523721
0.0523721
0.0523721
0.0523593
0.0523593
0.0523593
0.0523465
0.0523465
0.0523465
0.0523337
0.0523337
0.0523337
0.0523209
0.0523209
0.0523209
0.0523082
0.0523082
0.0523082
0.0522954
0.0522954
0.0522954
0.0522827
0.0522827
0.0522827
0.05227
0.05227
0.05227
0.0522573
0.0522573
0.0522573
0.0522446
0.0522446
0.0522446
0.052232
0.052232
0.052232
0.0522193
0.0522193
0.0522193
0.0522067
0.0522067
0.0522067
0.052194
0.052194
0.052194
0.0521814
0.0521814
0.0521814
0.0521688
0.0521688
0.0521688
0.0521562
0.0521562
0.0521562
0.0521437
0.0521437
0.0521437
0.0521311
0.0521311
0.0521311
0.0521185
0.0521185
0.0521185
0.052106
0.052106
0.052106
0.0520935
0.0520935
0.0520935
0.052081
0.052081
0.052081
0.0520685
0.0520685
0.0520685
0.052056
0.052056
0.052056
0.0520435
0.0520435
0.0520435
0.0520311
0.0520311
0.0520311
0.0520186
0.0520186
0.0520186
0.0520062
0.0520062
0.0520062
0.0519938
0.0519938
0.0519938
0.0519814
0.0519814
0.0519814
0.051969
0.051969
0.051969
0.0519566
0.0519566
0.0519566
0.0519442
0.0519442
0.0519442
0.0519319
0.0519319
0.0519319
0.0519195
0.0519195
0.0519195
0.0519072
0.0519072
0.0519072
0.0518949
0.0518949
0.0518949
0.0518825
0.0518825
0.0518825
0.0518703
0.0518703
0.0518703
0.051858
0.051858
0.051858
0.0518457
0.0518457
0.0518457
0.0518334
0.0518334
0.0518334
0.0518212
0.0518212
0.0518212
0.051809
0.051809
0.051809
0.0517967
0.0517967
0.0517967
0.0517845
0.0517845
0.0517845
0.0517723
0.0517723
0.0517723
0.0517602
0.0517602
0.0517602
0.051748
0.051748
0.051748
0.0517358
0.0517358
0.0517358
0.0517237
0.0517237
0.0517237
0.0517115
0.0517115
0.0517115
0.0516994
0.0516994
0.0516994
0.0516873
0.0516873
0.0516873
0.0516752
0.0516752
0.0516752
0.0516631
0.0516631
0.0516631
0.051651
0.051651
0.051651
0.051639
0.051639
0.051639
0.0516269
0.0516269
0.0516269
0.0516149
0.0516149
0.0516149
0.0516029
0.0516029
0.0516029
0.0515908
0.0515908
0.0515908
0.0515788
0.0515788
0.0515788
0.0515668
0.0515668
0.0515668
0.0515549
0.0515549
0.0515549
0.0515429
0.0515429
0.0515429
0.0515309
0.0515309
0.0515309
0.051519
0.051519
0.051519
0.0515071
0.0515071
0.0515071
0.0514951
0.0514951
0.0514951
0.0514832
0.0514832
0.0514832
0.0514713
0.0514713
0.0514713
0.0514594
0.0514594
0.0514594
0.0514476
0.0514476
0.0514476
0.0514357
0.0514357
0.0514357
0.0514238
0.0514238
0.0514238
0.051412
0.051412
0.051412
0.0514002
0.0514002
0.0514002
0.0513884
0.0513884
0.0513884
0.0513765
0.0513765
0.0513765
0.0513647
0.0513647
0.0513647
0.051353
0.051353
0.051353
0.0513412
0.0513412
0.0513412
0.0513294
0.0513294
0.0513294
0.0513177
0.0513177
0.0513177
0.0513059
0.0513059
0.0513059
0.0512942
0.0512942
0.0512942
0.0512825
0.0512825
0.0512825
0.0512708
0.0512708
0.0512708
0.0512591
0.0512591
0.0512591
0.0512474
0.0512474
0.0512474
0.0512357
0.0512357
0.0512357
0.0512241
0.0512241
0.0512241
0.0512124
0.0512124
0.0512124
0.0512008
0.0512008
0.0512008
0.0511891
0.0511891
0.0511891
0.0511775
0.0511775
0.0511775
0.0511659
0.0511659
0.0511659
0.0511543
0.0511543
0.0511543
0.0511427
0.0511427
0.0511427
0.0511311
0.0511311
0.0511311
0.0511196
0.0511196
0.0511196
0.051108
0.051108
0.051108
0.0510965
0.0510965
0.0510965
0.0510849
0.0510849
0.0510849
0.0510734
0.0510734
0.0510734
0.0510619
0.0510619
0.0510619
0.0510504
0.0510504
0.0510504
0.0510389
0.0510389
0.0510389
0.0510274
0.0510274
0.0510274
0.051016
0.051016
0.051016
0.0510045
0.0510045
0.0510045
0.0509931
0.0509931
0.0509931
0.0509816
0.0509816
0.0509816
0.0509702
0.0509702
0.0509702
0.0509588
0.0509588
0.0509588
0.0509474
0.0509474
0.0509474
0.050936
0.050936
0.050936
0.0509246
0.0509246
0.0509246
0.0509132
0.0509132
0.0509132
0.0509019
0.0509019
0.0509019
0.0508905
0.0508905
0.0508905
0.0508792
0.0508792
0.0508792
0.0508678
0.0508678
0.0508678
0.0508565
0.0508565
0.0508565
0.0508452
0.0508452
0.0508452
0.0508339
0.0508339
0.0508339
0.0508226
0.0508226
0.0508226
0.0508113
0.0508113
0.0508113
0.0508001
0.0508001
0.0508001
0.0507888
0.0507888
0.0507888
0.0507775
0.0507775
0.0507775
0.0507663
0.0507663
0.0507663
0.0507551
0.0507551
0.0507551
0.0507438
0.0507438
0.0507438
0.0507326
0.0507326
0.0507326
0.0507214
0.0507214
0.0507214
0.0507102
0.0507102
0.0507102
0.0506991
0.0506991
0.0506991
0.0506879
0.0506879
0.0506879
0.0506767
0.0506767
0.0506767
0.0506656
0.0506656
0.0506656
0.0506544
0.0506544
0.0506544
0.0506433
0.0506433
0.0506433
0.0506322
0.0506322
0.0506322
0.0506211
0.0506211
0.0506211
0.05061
0.05061
0.05061
0.0505989
0.0505989
0.0505989
0.0505878
0.0505878
0.0505878
0.0505767
0.0505767
0.0505767
0.0505657
0.0505657
0.0505657
0.0505546
0.0505546
0.0505546
0.0505436
0.0505436
0.0505436
0.0505325
0.0505325
0.0505325
0.0505215
0.0505215
0.0505215
0.0505105
0.0505105
0.0505105
0.0504995
0.0504995
0.0504995
0.0504885
0.0504885
0.0504885
0.0504775
0.0504775
0.0504775
0.0504665
0.0504665
0.0504665
0.0504556
0.0504556
0.0504556
0.0504446
0.0504446
0.0504446
0.0504337
0.0504337
0.0504337
0.0504227
0.0504227
0.0504227
0.0504118
0.0504118
0.0504118
0.0504009
0.0504009
0.0504009
0.05039
0.05039
0.05039
0.0503791
0.0503791
0.0503791
0.0503682
0.0503682
0.0503682
0.0503573
0.0503573
0.0503573
0.0503464
0.0503464
0.0503464
0.0503356
0.0503356
0.0503356
0.0503247
0.0503247
0.0503247
0.0503139
0.0503139
0.0503139
0.050303
0.050303
0.050303
0.0502922
0.0502922
0.0502922
0.0502814
0.0502814
0.0502814
0.0502706
0.0502706
0.0502706
0.0502598
0.0502598
0.0502598
0.050249
0.050249
0.050249
0.0502382
0.0502382
0.0502382
0.0502274
0.0502274
0.0502274
0.0502167
0.0502167
0.0502167
0.0502059
0.0502059
0.0502059
0.0501952
0.0501952
0.0501952
0.0501844
0.0501844
0.0501844
0.0501737
0.0501737
0.0501737
0.050163
0.050163
0.050163
0.0501523
0.0501523
0.0501523
0.0501416
0.0501416
0.0501416
0.0501309
0.0501309
0.0501309
0.0501202
0.0501202
0.0501202
0.0501096
0.0501096
0.0501096
0.0500989
0.0500989
0.0500989
0.0500882
0.0500882
0.0500882
0.0500776
0.0500776
0.0500776
0.050067
0.050067
0.050067
0.0500563
0.0500563
0.0500563
0.0500457
0.0500457
0.0500457
0.0500351
0.0500351
0.0500351
0.0500245
0.0500245
0.0500245
0.0500139
0.0500139
0.0500139
0.0500033
0.0500033
0.0500033
0.0499928
0.0499928
0.0499928
0.0499822
0.0499822
0.0499822
0.0499716
0.0499716
0.0499716
0.0499611
0.0499611
0.0499611
0.0499506
0.0499506
0.0499506
0.04994
0.04994
0.04994
0.0499295
0.0499295
0.0499295
0.049919
0.049919
0.049919
0.0499085
0.0499085
0.0499085
0.049898
0.049898
0.049898
0.0498875
0.0498875
0.0498875
0.049877
0.049877
0.049877
0.0498666
0.0498666
0.0498666
0.0498561
0.0498561
0.0498561
0.0498457
0.0498457
0.0498457
0.0498352
0.0498352
0.0498352
0.0498248
0.0498248
0.0498248
0.0498143
0.0498143
0.0498143
0.0498039
0.0498039
0.0498039
0.0497935
0.0497935
0.0497935
0.0497831
0.0497831
0.0497831
0.0497727
0.0497727
0.0497727
0.0497623
0.0497623
0.0497623
0.049752
0.049752
0.049752
0.0497416
0.0497416
0.0497416
0.0497312
0.0497312
0.0497312
0.0497209
0.0497209
0.0497209
0.0497105
0.0497105
0.0497105
0.0497002
0.0497002
0.0497002
0.0496899
0.0496899
0.0496899
0.0496796
0.0496796
0.0496796
0.0496693
0.0496693
0.0496693
0.049659
0.049659
0.049659
0.0496487
0.0496487
0.0496487
0.0496384
0.0496384
0.0496384
0.0496281
0.0496281
0.0496281
0.0496178
0.0496178
0.0496178
0.0496076
0.0496076
0.0496076
0.0495973
0.0495973
0.0495973
0.0495871
0.0495871
0.0495871
0.0495768
0.0495768
0.0495768
0.0495666
0.0495666
0.0495666
0.0495564
0.0495564
0.0495564
0.0495462
0.0495462
0.0495462
0.049536
0.049536
0.049536
0.0495258
0.0495258
0.0495258
0.0495156
0.0495156
0.0495156
0.0495054
0.0495054
0.0495054
0.0494952
0.0494952
0.0494952
0.0494851
0.0494851
0.0494851
0.0494749
0.0494749
0.0494749
0.0494648
0.0494648
0.0494648
0.0494546
0.0494546
0.0494546
0.0494445
0.0494445
0.0494445
0.0494344
0.0494344
0.0494344
0.0494243
0.0494243
0.0494243
0.0494142
0.0494142
0.0494142
0.0494041
0.0494041
0.0494041
0.049394
0.049394
0.049394
0.0493839
0.0493839
0.0493839
0.0493738
0.0493738
0.0493738
0.0493638
0.0493638
0.0493638
0.0493537
0.0493537
0.0493537
0.0493436
0.0493436
0.0493436
0.0493336
0.0493336
0.0493336
0.0493236
0.0493236
0.0493236
0.0493135
0.0493135
0.0493135
0.0493035
0.0493035
0.0493035
0.0492935
0.0492935
0.0492935
0.0492835
0.0492835
0.0492835
0.0492735
0.0492735
0.0492735
0.0492635
0.0492635
0.0492635
0.0492535
0.0492535
0.0492535
0.0492435
0.0492435
0.0492435
0.0492336
0.0492336
0.0492336
0.0492236
0.0492236
0.0492236
0.0492137
0.0492137
0.0492137
0.0492037
0.0492037
0.0492037
0.0491938
0.0491938
0.0491938
0.0491839
0.0491839
0.0491839
0.0491739
0.0491739
0.0491739
0.049164
0.049164
0.049164
0.0491541
0.0491541
0.0491541
0.0491442
0.0491442
0.0491442
0.0491343
0.0491343
0.0491343
0.0491244
0.0491244
0.0491244
0.0491146
0.0491146
0.0491146
0.0491047
0.0491047
0.0491047
0.0490948
0.0490948
0.0490948
0.049085
0.049085
0.049085
0.0490751
0.0490751
0.0490751
0.0490653
0.0490653
0.0490653
0.0490555
0.0490555
0.0490555
0.0490456
0.0490456
0.0490456
0.0490358
0.0490358
0.0490358
0.049026
0.049026
0.049026
0.0490162
0.0490162
0.0490162
0.0490064
0.0490064
0.0490064
0.0489966
0.0489966
0.0489966
0.0489868
0.0489868
0.0489868
0.0489771
0.0489771
0.0489771
0.0489673
0.0489673
0.0489673
0.0489576
0.0489576
0.0489576
0.0489478
0.0489478
0.0489478
0.0489381
0.0489381
0.0489381
0.0489283
0.0489283
0.0489283
0.0489186
0.0489186
0.0489186
0.0489089
0.0489089
0.0489089
0.0488992
0.0488992
0.0488992
0.0488895
0.0488895
0.0488895
0.0488798
0.0488798
0.0488798
0.0488701
0.0488701
0.0488701
0.0488604
0.0488604
0.0488604
0.0488507
0.0488507
0.0488507
0.048841
0.048841
0.048841
0.0488314
0.0488314
0.0488314
0.0488217
0.0488217
0.0488217
0.0488121
0.0488121
0.0488121
0.0488024
0.0488024
0.0488024
0.0487928
0.0487928
0.0487928
0.0487831
0.0487831
0.0487831
0.0487735
0.0487735
0.0487735
0.0487639
0.0487639
0.0487639
0.0487543
0.0487543
0.0487543
0.0487447
0.0487447
0.0487447
0.0487351
0.0487351
0.0487351
0.0487255
0.0487255
0.0487255
0.0487159
0.0487159
0.0487159
0.0487064
0.0487064
0.0487064
0.0486968
0.0486968
0.0486968
0.0486872
0.0486872
0.0486872
0.0486777
0.0486777
0.0486777
0.0486681
0.0486681
0.0486681
0.0486586
0.0486586
0.0486586
0.0486491
0.0486491
0.0486491
0.0486396
0.0486396
0.0486396
0.04863
0.04863
0.04863
0.0486205
0.0486205
0.0486205
0.048611
0.048611
0.048611
0.0486015
0.0486015
0.0486015
0.048592
0.048592
0.048592
0.0485826
0.0485826
0.0485826
0.0485731
0.0485731
0.0485731
0.0485636
0.0485636
0.0485636
0.0485541
0.0485541
0.0485541
0.0485447
0.0485447
0.0485447
0.0485352
0.0485352
0.0485352
0.0485258
0.0485258
0.0485258
0.0485164
0.0485164
0.0485164
0.0485069
0.0485069
0.0485069
0.0484975
0.0484975
0.0484975
0.0484881
0.0484881
0.0484881
0.0484787
0.0484787
0.0484787
0.0484693
0.0484693
0.0484693
0.0484599
0.0484599
0.0484599
0.0484505
0.0484505
0.0484505
0.0484411
0.0484411
0.0484411
0.0484318
0.0484318
0.0484318
0.0484224
0.0484224
0.0484224
0.048413
0.048413
0.048413
0.0484037
0.0484037
0.0484037
0.0483943
0.0483943
0.0483943
0.048385
0.048385
0.048385
0.0483756
0.0483756
0.0483756
0.0483663
0.0483663
0.0483663
0.048357
0.048357
0.048357
0.0483477
0.0483477
0.0483477
0.0483384
0.0483384
0.0483384
0.0483291
0.0483291
0.0483291
0.0483198
0.0483198
0.0483198
0.0483105
0.0483105
0.0483105
0.0483012
0.0483012
0.0483012
0.0482919
0.0482919
0.0482919
0.0482827
0.0482827
0.0482827
0.0482734
0.0482734
0.0482734
0.0482641
0.0482641
0.0482641
0.0482549
0.0482549
0.0482549
0.0482456
0.0482456
0.0482456
0.0482364
0.0482364
0.0482364
0.0482272
0.0482272
0.0482272
0.0482179
0.0482179
0.0482179
0.0482087
0.0482087
0.0482087
0.0481995
0.0481995
0.0481995
0.0481903
0.0481903
0.0481903
0.0481811
0.0481811
0.0481811
0.0481719
0.0481719
0.0481719
0.0481627
0.0481627
0.0481627
0.0481536
0.0481536
0.0481536
0.0481444
0.0481444
0.0481444
0.0481352
0.0481352
0.0481352
0.0481261
0.0481261
0.0481261
0.0481169
0.0481169
0.0481169
0.0481077
0.0481077
0.0481077
0.0480986
0.0480986
0.0480986
0.0480895
0.0480895
0.0480895
0.0480803
0.0480803
0.0480803
0.0480712
0.0480712
0.0480712
0.0480621
0.0480621
0.0480621
0.048053
0.048053
0.048053
0.0480439
0.0480439
0.0480439
0.0480348
0.0480348
0.0480348
0.0480257
0.0480257
0.0480257
0.0480166
0.0480166
0.0480166
0.0480075
0.0480075
0.0480075
0.0479985
0.0479985
0.0479985
0.0479894
0.0479894
0.0479894
0.0479803
0.0479803
0.0479803
0.0479713
0.0479713
0.0479713
0.0479622
0.0479622
0.0479622
0.0479532
0.0479532
0.0479532
0.0479441
0.0479441
0.0479441
0.0479351
0.0479351
0.0479351
0.0479261
0.0479261
0.0479261
0.0479171
0.0479171
0.0479171
0.0479081
0.0479081
0.0479081
0.0478991
0.0478991
0.0478991
0.0478901
0.0478901
0.0478901
0.0478811
0.0478811
0.0478811
0.0478721
0.0478721
0.0478721
0.0478631
0.0478631
0.0478631
0.0478541
0.0478541
0.0478541
0.0478451
0.0478451
0.0478451
0.0478362
0.0478362
0.0478362
0.0478272
0.0478272
0.0478272
0.0478183
0.0478183
0.0478183
0.0478093
0.0478093
0.0478093
0.0478004
0.0478004
0.0478004
0.0477915
0.0477915
0.0477915
0.0477825
0.0477825
0.0477825
0.0477736
0.0477736
0.0477736
0.0477647
0.0477647
0.0477647
0.0477558
0.0477558
0.0477558
0.0477469
0.0477469
0.0477469
0.047738
0.047738
0.047738
0.0477291
0.0477291
0.0477291
0.0477202
0.0477202
0.0477202
0.0477113
0.0477113
0.0477113
0.0477024
0.0477024
0.0477024
0.0476936
0.0476936
0.0476936
0.0476847
0.0476847
0.0476847
0.0476759
0.0476759
0.0476759
0.047667
0.047667
0.047667
0.0476582
0.0476582
0.0476582
0.0476493
0.0476493
0.0476493
0.0476405
0.0476405
0.0476405
0.0476317
0.0476317
0.0476317
0.0476228
0.0476228
0.0476228
0.047614
0.047614
0.047614
0.0476052
0.0476052
0.0476052
0.0475964
0.0475964
0.0475964
0.0475876
0.0475876
0.0475876
0.0475788
0.0475788
0.0475788
0.04757
0.04757
0.04757
0.0475612
0.0475612
0.0475612
0.0475525
0.0475525
0.0475525
0.0475437
0.0475437
0.0475437
0.0475349
0.0475349
0.0475349
0.0475262
0.0475262
0.0475262
0.0475174
0.0475174
0.0475174
0.0475087
0.0475087
0.0475087
0.0474999
0.0474999
0.0474999
0.0474912
0.0474912
0.0474912
0.0474825
0.0474825
0.0474825
0.0474737
0.0474737
0.0474737
0.047465
0.047465
0.047465
0.0474563
0.0474563
0.0474563
0.0474476
0.0474476
0.0474476
0.0474389
0.0474389
0.0474389
0.0474302
0.0474302
0.0474302
0.0474215
0.0474215
0.0474215
0.0474128
0.0474128
0.0474128
0.0474041
0.0474041
0.0474041
0.0473955
0.0473955
0.0473955
0.0473868
0.0473868
0.0473868
0.0473781
0.0473781
0.0473781
0.0473695
0.0473695
0.0473695
0.0473608
0.0473608
0.0473608
0.0473522
0.0473522
0.0473522
0.0473435
0.0473435
0.0473435
0.0473349
0.0473349
0.0473349
0.0473263
0.0473263
0.0473263
0.0473176
0.0473176
0.0473176
0.047309
0.047309
0.047309
0.0473004
0.0473004
0.0473004
0.0472918
0.0472918
0.0472918
0.0472832
0.0472832
0.0472832
0.0472746
0.0472746
0.0472746
0.047266
0.047266
0.047266
0.0472574
0.0472574
0.0472574
0.0472489
0.0472489
0.0472489
0.0472403
0.0472403
0.0472403
0.0472317
0.0472317
0.0472317
0.0472231
0.0472231
0.0472231
0.0472146
0.0472146
0.0472146
0.047206
0.047206
0.047206
0.0471975
0.0471975
0.0471975
0.0471889
0.0471889
0.0471889
0.0471804
0.0471804
0.0471804
0.0471719
0.0471719
0.0471719
0.0471633
0.0471633
0.0471633
0.0471548
0.0471548
0.0471548
0.0471463
0.0471463
0.0471463
0.0471378
0.0471378
0.0471378
0.0471293
0.0471293
0.0471293
0.0471208
0.0471208
0.0471208
0.0471123
0.0471123
0.0471123
0.0471038
0.0471038
0.0471038
0.0470953
0.0470953
0.0470953
0.0470868
0.0470868
0.0470868
0.0470784
0.0470784
0.0470784
0.0470699
0.0470699
0.0470699
0.0470614
0.0470614
0.0470614
0.047053
0.047053
0.047053
0.0470445
0.0470445
0.0470445
0.0470361
0.0470361
0.0470361
0.0470276
0.0470276
0.0470276
0.0470192
0.0470192
0.0470192
0.0470108
0.0470108
0.0470108
0.0470024
0.0470024
0.0470024
0.0469939
0.0469939
0.0469939
0.0469855
0.0469855
0.0469855
0.0469771
0.0469771
0.0469771
0.0469687
0.0469687
0.0469687
0.0469603
0.0469603
0.0469603
0.0469519
0.0469519
0.0469519
0.0469435
0.0469435
0.0469435
0.0469351
0.0469351
0.0469351
0.0469268
0.0469268
0.0469268
0.0469184
0.0469184
0.0469184
0.04691
0.04691
0.04691
0.0469016
0.0469016
0.0469016
0.0468933
0.0468933
0.0468933
0.0468849
0.0468849
0.0468849
0.0468766
0.0468766
0.0468766
0.0468682
0.0468682
0.0468682
0.0468599
0.0468599
0.0468599
0.0468516
0.0468516
0.0468516
0.0468432
0.0468432
0.0468432
0.0468349
0.0468349
0.0468349
0.0468266
0.0468266
0.0468266
0.0468183
0.0468183
0.0468183
0.04681
0.04681
0.04681
0.0468017
0.0468017
0.0468017
0.0467934
0.0467934
0.0467934
0.0467851
0.0467851
0.0467851
0.0467768
0.0467768
0.0467768
0.0467685
0.0467685
0.0467685
0.0467602
0.0467602
0.0467602
0.046752
0.046752
0.046752
0.0467437
0.0467437
0.0467437
0.0467354
0.0467354
0.0467354
0.0467272
0.0467272
0.0467272
0.0467189
0.0467189
0.0467189
0.0467107
0.0467107
0.0467107
0.0467024
0.0467024
0.0467024
0.0466942
0.0466942
0.0466942
0.046686
0.046686
0.046686
0.0466777
0.0466777
0.0466777
0.0466695
0.0466695
0.0466695
0.0466613
0.0466613
0.0466613
0.0466531
0.0466531
0.0466531
0.0466449
0.0466449
0.0466449
0.0466367
0.0466367
0.0466367
0.0466285
0.0466285
0.0466285
0.0466203
0.0466203
0.0466203
0.0466121
0.0466121
0.0466121
0.0466039
0.0466039
0.0466039
0.0465957
0.0465957
0.0465957
0.0465876
0.0465876
0.0465876
0.0465794
0.0465794
0.0465794
0.0465712
0.0465712
0.0465712
0.0465631
0.0465631
0.0465631
0.0465549
0.0465549
0.0465549
0.0465468
0.0465468
0.0465468
0.0465386
0.0465386
0.0465386
0.0465305
0.0465305
0.0465305
0.0465224
0.0465224
0.0465224
0.0465142
0.0465142
0.0465142
0.0465061
0.0465061
0.0465061
0.046498
0.046498
0.046498
0.0464899
0.0464899
0.0464899
0.0464818
0.0464818
0.0464818
0.0464737
0.0464737
0.0464737
0.0464655
0.0464655
0.0464655
0.0464575
0.0464575
0.0464575
0.0464494
0.0464494
0.0464494
0.0464413
0.0464413
0.0464413
0.0464332
0.0464332
0.0464332
0.0464251
0.0464251
0.0464251
0.046417
0.046417
0.046417
0.046409
0.046409
0.046409
0.0464009
0.0464009
0.0464009
0.0463929
0.0463929
0.0463929
0.0463848
0.0463848
0.0463848
0.0463768
0.0463768
0.0463768
0.0463687
0.0463687
0.0463687
0.0463607
0.0463607
0.0463607
0.0463526
0.0463526
0.0463526
0.0463446
0.0463446
0.0463446
0.0463366
0.0463366
0.0463366
0.0463286
0.0463286
0.0463286
0.0463205
0.0463205
0.0463205
0.0463125
0.0463125
0.0463125
0.0463045
0.0463045
0.0463045
0.0462965
0.0462965
0.0462965
0.0462885
0.0462885
0.0462885
0.0462806
0.0462806
0.0462806
0.0462726
0.0462726
0.0462726
0.0462646
0.0462646
0.0462646
0.0462567
0.0462567
0.0462567
0.0462487
0.0462487
0.0462487
0.0462408
0.0462408
0.0462408
0.0462329
0.0462329
0.0462329
0.046225
0.046225
0.046225
0.0462172
0.0462172
0.0462172
0.0462094
0.0462094
0.0462094
0.0462017
0.0462017
0.0462017
0.0461941
0.0461941
0.0461941
0.0461867
0.0461867
0.0461867
0.0461794
0.0461794
0.0461794
0.0461724
0.0461724
0.0461724
0.0461657
0.0461657
0.0461657
0.0461596
0.0461596
0.0461596
0.0461541
0.0461541
0.0461541
0.0461496
0.0461496
0.0461496
0.0461465
0.0461465
0.0461465
0.0461453
0.0461453
0.0461453
