903
0.12231
0.122309
0.12231
0.12229
0.12229
0.12229
0.122247
0.122247
0.122247
0.122188
0.122188
0.122188
0.12212
0.12212
0.12212
0.122045
0.122045
0.122045
0.121967
0.121967
0.121967
0.121886
0.121886
0.121886
0.121803
0.121803
0.121803
0.121719
0.121719
0.121719
0.121634
0.121634
0.121634
0.121548
0.121548
0.121548
0.121462
0.121462
0.121462
0.121375
0.121375
0.121375
0.121287
0.121287
0.121287
0.121199
0.121199
0.121199
0.121111
0.121111
0.121111
0.121022
0.121022
0.121022
0.120932
0.120932
0.120932
0.120842
0.120842
0.120842
0.120752
0.120752
0.120752
0.120661
0.120661
0.120661
0.120569
0.120569
0.120569
0.120477
0.120477
0.120477
0.120385
0.120385
0.120385
0.120292
0.120292
0.120292
0.120198
0.120198
0.120198
0.120104
0.120104
0.120104
0.120009
0.120009
0.120009
0.119914
0.119914
0.119914
0.119818
0.119818
0.119818
0.119722
0.119722
0.119722
0.119625
0.119625
0.119625
0.119527
0.119527
0.119527
0.119429
0.119429
0.119429
0.11933
0.11933
0.11933
0.119231
0.119231
0.119231
0.119131
0.119131
0.119131
0.119031
0.119031
0.119031
0.118929
0.118929
0.118929
0.118827
0.118827
0.118827
0.118725
0.118725
0.118725
0.118622
0.118622
0.118622
0.118518
0.118518
0.118518
0.118413
0.118413
0.118413
0.118308
0.118308
0.118308
0.118202
0.118202
0.118202
0.118095
0.118095
0.118095
0.117987
0.117987
0.117987
0.117879
0.117879
0.117879
0.11777
0.11777
0.11777
0.11766
0.11766
0.11766
0.11755
0.11755
0.11755
0.117438
0.117438
0.117438
0.117326
0.117326
0.117326
0.117213
0.117213
0.117213
0.117099
0.117099
0.117099
0.116984
0.116984
0.116984
0.116868
0.116868
0.116868
0.116751
0.116751
0.116751
0.116634
0.116634
0.116634
0.116515
0.116515
0.116515
0.116396
0.116396
0.116396
0.116275
0.116275
0.116275
0.116154
0.116154
0.116154
0.116031
0.116031
0.116031
0.115908
0.115908
0.115908
0.115783
0.115783
0.115783
0.115657
0.115657
0.115657
0.11553
0.11553
0.11553
0.115402
0.115402
0.115402
0.115273
0.115273
0.115273
0.115142
0.115142
0.115142
0.115011
0.115011
0.115011
0.114878
0.114878
0.114878
0.114744
0.114744
0.114744
0.114608
0.114608
0.114608
0.114471
0.114471
0.114471
0.114333
0.114333
0.114333
0.114193
0.114193
0.114193
0.114052
0.114052
0.114052
0.113909
0.113909
0.113909
0.113765
0.113765
0.113765
0.113619
0.113619
0.113619
0.113471
0.113471
0.113471
0.113322
0.113322
0.113322
0.113171
0.113171
0.113171
0.113018
0.113018
0.113018
0.112863
0.112863
0.112863
0.112707
0.112707
0.112707
0.112548
0.112548
0.112548
0.112388
0.112388
0.112388
0.112225
0.112225
0.112225
0.11206
0.11206
0.11206
0.111893
0.111893
0.111893
0.111723
0.111723
0.111723
0.111551
0.111551
0.111551
0.111376
0.111376
0.111376
0.111198
0.111198
0.111198
0.111018
0.111018
0.111018
0.110834
0.110834
0.110834
0.110647
0.110647
0.110647
0.110456
0.110456
0.110456
0.110261
0.110261
0.110261
0.110062
0.110062
0.110062
0.109858
0.109858
0.109858
0.109648
0.109648
0.109648
0.109433
0.109433
0.109433
0.10921
0.10921
0.10921
0.108979
0.108979
0.108979
0.108739
0.108739
0.108739
0.108488
0.108488
0.108488
0.108224
0.108224
0.108224
0.107944
0.107944
0.107944
0.107645
0.107645
0.107645
0.107324
0.107324
0.107324
0.106975
0.106975
0.106975
0.106595
0.106595
0.106595
0.106175
0.106175
0.106175
0.105708
0.105708
0.105708
0.105186
0.105186
0.105186
0.104597
0.104597
0.104597
0.103931
0.103931
0.103931
0.103176
0.103176
0.103176
0.102317
0.102317
0.102317
0.101343
0.101343
0.101343
0.100241
0.100241
0.100241
0.0990011
0.0990011
0.0990011
0.097617
0.097617
0.097617
0.0960866
0.0960866
0.0960866
0.094414
0.094414
0.094414
0.09261
0.09261
0.09261
0.0906926
0.0906926
0.0906926
0.0886864
0.0886864
0.0886864
0.0866212
0.0866212
0.0866212
0.0845301
0.0845301
0.0845301
0.0824474
0.0824474
0.0824474
0.0804056
0.0804056
0.0804056
0.078434
0.078434
0.078434
0.0765565
0.0765565
0.0765565
0.0747915
0.0747915
0.0747915
0.0731507
0.0731507
0.0731507
0.0716404
0.0716404
0.0716404
0.0702619
0.0702619
0.0702619
0.0690121
0.0690121
0.0690121
0.0678853
0.0678853
0.0678853
0.0668733
0.0668733
0.0668733
0.0659668
0.0659668
0.0659668
0.065156
0.065156
0.065156
0.0644309
0.0644309
0.0644309
0.0637818
0.0637818
0.0637818
0.0631995
0.0631995
0.0631995
0.0626757
0.0626757
0.0626757
0.0622027
0.0622027
0.0622027
0.0617738
0.0617738
0.0617738
0.0613828
0.0613828
0.0613828
0.0610246
0.0610246
0.0610246
0.0606945
0.0606945
0.0606945
0.0603886
0.0603886
0.0603886
0.0601035
0.0601035
0.0601035
0.0598362
0.0598362
0.0598362
0.0595844
0.0595844
0.0595844
0.0593458
0.0593458
0.0593458
0.0591188
0.0591188
0.0591188
0.0589018
0.0589018
0.0589018
0.0586935
0.0586935
0.0586935
0.0584929
0.0584929
0.0584929
0.0582991
0.0582991
0.0582991
0.0581113
0.0581113
0.0581113
0.0579288
0.0579288
0.0579288
0.0577512
0.0577512
0.0577512
0.057578
0.057578
0.057578
0.0574087
0.0574087
0.0574087
0.057243
0.057243
0.057243
0.0570808
0.0570808
0.0570808
0.0569216
0.0569216
0.0569216
0.0567653
0.0567653
0.0567653
0.0566117
0.0566117
0.0566117
0.0564607
0.0564607
0.0564607
0.0563121
0.0563121
0.0563121
0.0561658
0.0561658
0.0561658
0.0560217
0.0560217
0.0560217
0.0558796
0.0558796
0.0558796
0.0557395
0.0557395
0.0557395
0.0556014
0.0556014
0.0556014
0.0554651
0.0554651
0.0554651
0.0553305
0.0553305
0.0553305
0.0551977
0.0551977
0.0551977
0.0550665
0.0550665
0.0550665
0.0549369
0.0549369
0.0549369
0.0548088
0.0548088
0.0548088
0.0546822
0.0546822
0.0546822
0.0545571
0.0545571
0.0545571
0.0544334
0.0544334
0.0544334
0.0543111
0.0543111
0.0543111
0.0541901
0.0541901
0.0541901
0.0540704
0.0540704
0.0540704
0.053952
0.053952
0.053952
0.0538348
0.0538348
0.0538348
0.0537188
0.0537188
0.0537188
0.053604
0.053604
0.053604
0.0534903
0.0534903
0.0534903
0.0533778
0.0533778
0.0533778
0.0532663
0.0532663
0.0532663
0.0531559
0.0531559
0.0531559
0.0530465
0.0530465
0.0530465
0.0529382
0.0529382
0.0529382
0.0528309
0.0528309
0.0528309
0.0527245
0.0527245
0.0527245
0.0526191
0.0526191
0.0526191
0.0525146
0.0525146
0.0525146
0.052411
0.052411
0.052411
0.0523084
0.0523084
0.0523084
0.0522066
0.0522066
0.0522066
0.0521056
0.0521056
0.0521056
0.0520056
0.0520056
0.0520056
0.0519063
0.0519063
0.0519063
0.0518078
0.0518078
0.0518078
0.0517102
0.0517102
0.0517102
0.0516133
0.0516133
0.0516133
0.0515172
0.0515172
0.0515172
0.0514219
0.0514219
0.0514219
0.0513272
0.0513272
0.0513272
0.0512333
0.0512333
0.0512333
0.0511402
0.0511402
0.0511402
0.0510477
0.0510477
0.0510477
0.0509559
0.0509559
0.0509559
0.0508648
0.0508648
0.0508648
0.0507743
0.0507743
0.0507743
0.0506845
0.0506845
0.0506845
0.0505954
0.0505954
0.0505954
0.0505068
0.0505068
0.0505068
0.0504189
0.0504189
0.0504189
0.0503317
0.0503317
0.0503317
0.050245
0.050245
0.050245
0.0501589
0.0501589
0.0501589
0.0500733
0.0500733
0.0500733
0.0499884
0.0499884
0.0499884
0.049904
0.049904
0.049904
0.0498202
0.0498202
0.0498202
0.0497369
0.0497369
0.0497369
0.0496542
0.0496542
0.0496542
0.049572
0.049572
0.049572
0.0494903
0.0494903
0.0494903
0.0494092
0.0494092
0.0494092
0.0493285
0.0493285
0.0493285
0.0492484
0.0492484
0.0492484
0.0491687
0.0491687
0.0491687
0.0490895
0.0490895
0.0490895
0.0490108
0.0490108
0.0490108
0.0489326
0.0489326
0.0489326
0.0488549
0.0488549
0.0488549
0.0487776
0.0487776
0.0487776
0.0487008
0.0487008
0.0487008
0.0486244
0.0486244
0.0486244
0.0485485
0.0485485
0.0485485
0.048473
0.048473
0.048473
0.0483979
0.0483979
0.0483979
0.0483232
0.0483232
0.0483232
0.048249
0.048249
0.048249
0.0481752
0.0481752
0.0481752
0.0481018
0.0481018
0.0481018
0.0480288
0.0480288
0.0480288
0.0479562
0.0479562
0.0479562
0.047884
0.047884
0.047884
0.0478122
0.0478122
0.0478122
0.0477408
0.0477408
0.0477408
0.0476697
0.0476697
0.0476697
0.0475991
0.0475991
0.0475991
0.0475288
0.0475288
0.0475288
0.0474588
0.0474588
0.0474588
0.0473893
0.0473893
0.0473893
0.0473201
0.0473201
0.0473201
0.0472512
0.0472512
0.0472512
0.0471827
0.0471827
0.0471827
0.0471146
0.0471146
0.0471146
0.0470468
0.0470468
0.0470468
0.0469793
0.0469793
0.0469793
0.0469122
0.0469122
0.0469122
0.0468455
0.0468455
0.0468455
0.046779
0.046779
0.046779
0.046713
0.046713
0.046713
0.0466473
0.0466473
0.0466473
0.0465819
0.0465819
0.0465819
0.046517
0.046517
0.046517
0.0464524
0.0464524
0.0464524
0.0463883
0.0463883
0.0463883
0.0463247
0.0463247
0.0463247
0.0462616
0.0462616
0.0462616
0.0461992
0.0461992
0.0461992
0.0461376
0.0461376
0.0461376
0.046077
0.046077
0.046077
0.0460177
0.0460177
0.0460177
0.04596
0.04596
0.04596
0.0459046
0.0459046
0.0459046
0.0458522
0.0458522
0.0458522
0.0458038
0.0458038
0.0458038
0.045761
0.045761
0.045761
0.0457259
0.0457258
0.0457259
0.0457014
0.0457014
0.0457014
0.0456916
0.0456915
0.0456916
