3603
0.123188
0.123188
0.123188
0.123184
0.123184
0.123184
0.123173
0.123173
0.123173
0.123159
0.123159
0.123159
0.123143
0.123143
0.123143
0.123125
0.123125
0.123125
0.123107
0.123107
0.123107
0.123088
0.123088
0.123088
0.123068
0.123068
0.123068
0.123049
0.123049
0.123049
0.123029
0.123029
0.123029
0.123009
0.123009
0.123009
0.12299
0.12299
0.12299
0.12297
0.12297
0.12297
0.12295
0.12295
0.12295
0.12293
0.12293
0.12293
0.12291
0.12291
0.12291
0.12289
0.12289
0.12289
0.12287
0.12287
0.12287
0.12285
0.12285
0.12285
0.12283
0.12283
0.12283
0.12281
0.12281
0.12281
0.12279
0.12279
0.12279
0.122769
0.122769
0.122769
0.122749
0.122749
0.122749
0.122729
0.122729
0.122729
0.122709
0.122709
0.122709
0.122689
0.122689
0.122689
0.122668
0.122668
0.122668
0.122648
0.122648
0.122648
0.122628
0.122628
0.122628
0.122607
0.122607
0.122607
0.122587
0.122587
0.122587
0.122567
0.122567
0.122567
0.122546
0.122546
0.122546
0.122526
0.122526
0.122526
0.122505
0.122505
0.122505
0.122485
0.122485
0.122485
0.122464
0.122464
0.122464
0.122444
0.122444
0.122444
0.122423
0.122423
0.122423
0.122403
0.122403
0.122403
0.122382
0.122382
0.122382
0.122362
0.122362
0.122362
0.122341
0.122341
0.122341
0.12232
0.12232
0.12232
0.1223
0.1223
0.1223
0.122279
0.122279
0.122279
0.122258
0.122258
0.122258
0.122237
0.122237
0.122237
0.122217
0.122217
0.122217
0.122196
0.122196
0.122196
0.122175
0.122175
0.122175
0.122154
0.122154
0.122154
0.122133
0.122133
0.122133
0.122112
0.122112
0.122112
0.122091
0.122091
0.122091
0.12207
0.12207
0.12207
0.122049
0.122049
0.122049
0.122028
0.122028
0.122028
0.122007
0.122007
0.122007
0.121986
0.121986
0.121986
0.121965
0.121965
0.121965
0.121944
0.121944
0.121944
0.121923
0.121923
0.121923
0.121902
0.121902
0.121902
0.12188
0.12188
0.12188
0.121859
0.121859
0.121859
0.121838
0.121838
0.121838
0.121817
0.121817
0.121817
0.121795
0.121795
0.121795
0.121774
0.121774
0.121774
0.121753
0.121753
0.121753
0.121731
0.121731
0.121731
0.12171
0.12171
0.12171
0.121688
0.121688
0.121688
0.121667
0.121667
0.121667
0.121645
0.121645
0.121645
0.121624
0.121624
0.121624
0.121602
0.121602
0.121602
0.121581
0.121581
0.121581
0.121559
0.121559
0.121559
0.121538
0.121538
0.121538
0.121516
0.121516
0.121516
0.121494
0.121494
0.121494
0.121472
0.121472
0.121472
0.121451
0.121451
0.121451
0.121429
0.121429
0.121429
0.121407
0.121407
0.121407
0.121385
0.121385
0.121385
0.121363
0.121363
0.121363
0.121342
0.121342
0.121342
0.12132
0.12132
0.12132
0.121298
0.121298
0.121298
0.121276
0.121276
0.121276
0.121254
0.121254
0.121254
0.121232
0.121232
0.121232
0.12121
0.12121
0.12121
0.121188
0.121188
0.121188
0.121165
0.121165
0.121165
0.121143
0.121143
0.121143
0.121121
0.121121
0.121121
0.121099
0.121099
0.121099
0.121077
0.121077
0.121077
0.121054
0.121054
0.121054
0.121032
0.121032
0.121032
0.12101
0.12101
0.12101
0.120988
0.120988
0.120988
0.120965
0.120965
0.120965
0.120943
0.120943
0.120943
0.12092
0.12092
0.12092
0.120898
0.120898
0.120898
0.120875
0.120875
0.120875
0.120853
0.120853
0.120853
0.12083
0.12083
0.12083
0.120808
0.120808
0.120808
0.120785
0.120785
0.120785
0.120762
0.120762
0.120762
0.12074
0.12074
0.12074
0.120717
0.120717
0.120717
0.120694
0.120694
0.120694
0.120671
0.120671
0.120671
0.120649
0.120649
0.120649
0.120626
0.120626
0.120626
0.120603
0.120603
0.120603
0.12058
0.12058
0.12058
0.120557
0.120557
0.120557
0.120534
0.120534
0.120534
0.120511
0.120511
0.120511
0.120488
0.120488
0.120488
0.120465
0.120465
0.120465
0.120442
0.120442
0.120442
0.120419
0.120419
0.120419
0.120396
0.120396
0.120396
0.120372
0.120372
0.120372
0.120349
0.120349
0.120349
0.120326
0.120326
0.120326
0.120303
0.120303
0.120303
0.120279
0.120279
0.120279
0.120256
0.120256
0.120256
0.120233
0.120233
0.120233
0.120209
0.120209
0.120209
0.120186
0.120186
0.120186
0.120162
0.120162
0.120162
0.120139
0.120139
0.120139
0.120115
0.120115
0.120115
0.120092
0.120092
0.120092
0.120068
0.120068
0.120068
0.120044
0.120044
0.120044
0.120021
0.120021
0.120021
0.119997
0.119997
0.119997
0.119973
0.119973
0.119973
0.119949
0.119949
0.119949
0.119926
0.119926
0.119926
0.119902
0.119902
0.119902
0.119878
0.119878
0.119878
0.119854
0.119854
0.119854
0.11983
0.11983
0.11983
0.119806
0.119806
0.119806
0.119782
0.119782
0.119782
0.119758
0.119758
0.119758
0.119734
0.119734
0.119734
0.119709
0.119709
0.119709
0.119685
0.119685
0.119685
0.119661
0.119661
0.119661
0.119637
0.119637
0.119637
0.119613
0.119613
0.119613
0.119588
0.119588
0.119588
0.119564
0.119564
0.119564
0.119539
0.119539
0.119539
0.119515
0.119515
0.119515
0.11949
0.11949
0.11949
0.119466
0.119466
0.119466
0.119441
0.119441
0.119441
0.119417
0.119417
0.119417
0.119392
0.119392
0.119392
0.119368
0.119368
0.119368
0.119343
0.119343
0.119343
0.119318
0.119318
0.119318
0.119293
0.119293
0.119293
0.119268
0.119268
0.119268
0.119244
0.119244
0.119244
0.119219
0.119219
0.119219
0.119194
0.119194
0.119194
0.119169
0.119169
0.119169
0.119144
0.119144
0.119144
0.119119
0.119119
0.119119
0.119094
0.119094
0.119094
0.119069
0.119069
0.119069
0.119043
0.119043
0.119043
0.119018
0.119018
0.119018
0.118993
0.118993
0.118993
0.118968
0.118968
0.118968
0.118942
0.118942
0.118942
0.118917
0.118917
0.118917
0.118891
0.118891
0.118891
0.118866
0.118866
0.118866
0.11884
0.11884
0.11884
0.118815
0.118815
0.118815
0.118789
0.118789
0.118789
0.118764
0.118764
0.118764
0.118738
0.118738
0.118738
0.118712
0.118712
0.118712
0.118687
0.118687
0.118687
0.118661
0.118661
0.118661
0.118635
0.118635
0.118635
0.118609
0.118609
0.118609
0.118583
0.118583
0.118583
0.118557
0.118557
0.118557
0.118531
0.118531
0.118531
0.118505
0.118505
0.118505
0.118479
0.118479
0.118479
0.118453
0.118453
0.118453
0.118427
0.118427
0.118427
0.118401
0.118401
0.118401
0.118374
0.118374
0.118374
0.118348
0.118348
0.118348
0.118322
0.118322
0.118322
0.118295
0.118295
0.118295
0.118269
0.118269
0.118269
0.118242
0.118242
0.118242
0.118216
0.118216
0.118216
0.118189
0.118189
0.118189
0.118163
0.118163
0.118163
0.118136
0.118136
0.118136
0.118109
0.118109
0.118109
0.118082
0.118082
0.118082
0.118056
0.118056
0.118056
0.118029
0.118029
0.118029
0.118002
0.118002
0.118002
0.117975
0.117975
0.117975
0.117948
0.117948
0.117948
0.117921
0.117921
0.117921
0.117894
0.117894
0.117894
0.117867
0.117867
0.117867
0.117839
0.117839
0.117839
0.117812
0.117812
0.117812
0.117785
0.117785
0.117785
0.117758
0.117758
0.117758
0.11773
0.11773
0.11773
0.117703
0.117703
0.117703
0.117675
0.117675
0.117675
0.117648
0.117648
0.117648
0.11762
0.11762
0.11762
0.117592
0.117592
0.117592
0.117565
0.117565
0.117565
0.117537
0.117537
0.117537
0.117509
0.117509
0.117509
0.117481
0.117481
0.117481
0.117454
0.117454
0.117454
0.117426
0.117426
0.117426
0.117398
0.117398
0.117398
0.11737
0.11737
0.11737
0.117342
0.117342
0.117342
0.117313
0.117313
0.117313
0.117285
0.117285
0.117285
0.117257
0.117257
0.117257
0.117229
0.117229
0.117229
0.1172
0.1172
0.1172
0.117172
0.117172
0.117172
0.117143
0.117143
0.117143
0.117115
0.117115
0.117115
0.117086
0.117086
0.117086
0.117058
0.117058
0.117058
0.117029
0.117029
0.117029
0.117
0.117
0.117
0.116971
0.116971
0.116971
0.116943
0.116943
0.116943
0.116914
0.116914
0.116914
0.116885
0.116885
0.116885
0.116856
0.116856
0.116856
0.116827
0.116827
0.116827
0.116797
0.116797
0.116797
0.116768
0.116768
0.116768
0.116739
0.116739
0.116739
0.11671
0.11671
0.11671
0.11668
0.11668
0.11668
0.116651
0.116651
0.116651
0.116621
0.116621
0.116621
0.116592
0.116592
0.116592
0.116562
0.116562
0.116562
0.116533
0.116533
0.116533
0.116503
0.116503
0.116503
0.116473
0.116473
0.116473
0.116443
0.116443
0.116443
0.116413
0.116413
0.116413
0.116383
0.116383
0.116383
0.116353
0.116353
0.116353
0.116323
0.116323
0.116323
0.116293
0.116293
0.116293
0.116263
0.116263
0.116263
0.116233
0.116233
0.116233
0.116202
0.116202
0.116202
0.116172
0.116172
0.116172
0.116141
0.116141
0.116141
0.116111
0.116111
0.116111
0.11608
0.11608
0.11608
0.11605
0.11605
0.11605
0.116019
0.116019
0.116019
0.115988
0.115988
0.115988
0.115957
0.115957
0.115957
0.115926
0.115926
0.115926
0.115895
0.115895
0.115895
0.115864
0.115864
0.115864
0.115833
0.115833
0.115833
0.115802
0.115802
0.115802
0.115771
0.115771
0.115771
0.115739
0.115739
0.115739
0.115708
0.115708
0.115708
0.115677
0.115677
0.115677
0.115645
0.115645
0.115645
0.115614
0.115614
0.115614
0.115582
0.115582
0.115582
0.11555
0.11555
0.11555
0.115518
0.115518
0.115518
0.115486
0.115486
0.115486
0.115454
0.115454
0.115454
0.115422
0.115422
0.115422
0.11539
0.11539
0.11539
0.115358
0.115358
0.115358
0.115326
0.115326
0.115326
0.115294
0.115294
0.115294
0.115261
0.115261
0.115261
0.115229
0.115229
0.115229
0.115196
0.115196
0.115196
0.115164
0.115164
0.115164
0.115131
0.115131
0.115131
0.115098
0.115098
0.115098
0.115065
0.115065
0.115065
0.115032
0.115032
0.115032
0.114999
0.114999
0.114999
0.114966
0.114966
0.114966
0.114933
0.114933
0.114933
0.1149
0.1149
0.1149
0.114866
0.114866
0.114866
0.114833
0.114833
0.114833
0.1148
0.1148
0.1148
0.114766
0.114766
0.114766
0.114732
0.114732
0.114732
0.114699
0.114699
0.114699
0.114665
0.114665
0.114665
0.114631
0.114631
0.114631
0.114597
0.114597
0.114597
0.114563
0.114563
0.114563
0.114529
0.114529
0.114529
0.114495
0.114495
0.114495
0.11446
0.11446
0.11446
0.114426
0.114426
0.114426
0.114391
0.114391
0.114391
0.114357
0.114357
0.114357
0.114322
0.114322
0.114322
0.114287
0.114287
0.114287
0.114253
0.114253
0.114253
0.114218
0.114218
0.114218
0.114183
0.114183
0.114183
0.114147
0.114147
0.114147
0.114112
0.114112
0.114112
0.114077
0.114077
0.114077
0.114042
0.114042
0.114042
0.114006
0.114006
0.114006
0.113971
0.113971
0.113971
0.113935
0.113935
0.113935
0.113899
0.113899
0.113899
0.113863
0.113863
0.113863
0.113827
0.113827
0.113827
0.113791
0.113791
0.113791
0.113755
0.113755
0.113755
0.113719
0.113719
0.113719
0.113682
0.113682
0.113682
0.113646
0.113646
0.113646
0.113609
0.113609
0.113609
0.113573
0.113573
0.113573
0.113536
0.113536
0.113536
0.113499
0.113499
0.113499
0.113462
0.113462
0.113462
0.113425
0.113425
0.113425
0.113388
0.113388
0.113388
0.113351
0.113351
0.113351
0.113313
0.113313
0.113313
0.113276
0.113276
0.113276
0.113238
0.113238
0.113238
0.113201
0.113201
0.113201
0.113163
0.113163
0.113163
0.113125
0.113125
0.113125
0.113087
0.113087
0.113087
0.113049
0.113049
0.113049
0.11301
0.11301
0.11301
0.112972
0.112972
0.112972
0.112934
0.112934
0.112934
0.112895
0.112895
0.112895
0.112856
0.112856
0.112856
0.112817
0.112817
0.112817
0.112779
0.112779
0.112779
0.112739
0.112739
0.112739
0.1127
0.1127
0.1127
0.112661
0.112661
0.112661
0.112622
0.112622
0.112622
0.112582
0.112582
0.112582
0.112542
0.112542
0.112542
0.112503
0.112503
0.112503
0.112463
0.112463
0.112463
0.112423
0.112423
0.112423
0.112382
0.112382
0.112382
0.112342
0.112342
0.112342
0.112302
0.112302
0.112302
0.112261
0.112261
0.112261
0.11222
0.11222
0.11222
0.11218
0.11218
0.11218
0.112139
0.112139
0.112139
0.112098
0.112098
0.112098
0.112056
0.112056
0.112056
0.112015
0.112015
0.112015
0.111973
0.111973
0.111973
0.111932
0.111932
0.111932
0.11189
0.11189
0.11189
0.111848
0.111848
0.111848
0.111806
0.111806
0.111806
0.111764
0.111764
0.111764
0.111721
0.111721
0.111721
0.111679
0.111679
0.111679
0.111636
0.111636
0.111636
0.111594
0.111594
0.111594
0.111551
0.111551
0.111551
0.111507
0.111507
0.111507
0.111464
0.111464
0.111464
0.111421
0.111421
0.111421
0.111377
0.111377
0.111377
0.111334
0.111334
0.111334
0.11129
0.11129
0.11129
0.111246
0.111246
0.111246
0.111201
0.111201
0.111201
0.111157
0.111157
0.111157
0.111113
0.111113
0.111113
0.111068
0.111068
0.111068
0.111023
0.111023
0.111023
0.110978
0.110978
0.110978
0.110933
0.110933
0.110933
0.110887
0.110887
0.110887
0.110842
0.110842
0.110842
0.110796
0.110796
0.110796
0.11075
0.11075
0.11075
0.110704
0.110704
0.110704
0.110658
0.110658
0.110658
0.110611
0.110611
0.110611
0.110565
0.110565
0.110565
0.110518
0.110518
0.110518
0.110471
0.110471
0.110471
0.110424
0.110424
0.110424
0.110376
0.110376
0.110376
0.110329
0.110329
0.110329
0.110281
0.110281
0.110281
0.110233
0.110233
0.110233
0.110185
0.110185
0.110185
0.110136
0.110136
0.110136
0.110088
0.110088
0.110088
0.110039
0.110039
0.110039
0.10999
0.10999
0.10999
0.109941
0.109941
0.109941
0.109891
0.109891
0.109891
0.109842
0.109842
0.109842
0.109792
0.109792
0.109792
0.109742
0.109742
0.109742
0.109691
0.109691
0.109691
0.109641
0.109641
0.109641
0.10959
0.10959
0.10959
0.109539
0.109539
0.109539
0.109488
0.109488
0.109488
0.109436
0.109436
0.109436
0.109384
0.109384
0.109384
0.109332
0.109332
0.109332
0.10928
0.10928
0.10928
0.109228
0.109228
0.109228
0.109175
0.109175
0.109175
0.109122
0.109122
0.109122
0.109069
0.109069
0.109069
0.109015
0.109015
0.109015
0.108962
0.108962
0.108962
0.108907
0.108907
0.108907
0.108853
0.108853
0.108853
0.108799
0.108799
0.108799
0.108744
0.108744
0.108744
0.108689
0.108689
0.108689
0.108633
0.108633
0.108633
0.108577
0.108577
0.108577
0.108521
0.108521
0.108521
0.108465
0.108465
0.108465
0.108408
0.108408
0.108408
0.108351
0.108351
0.108351
0.108294
0.108294
0.108294
0.108237
0.108237
0.108237
0.108179
0.108179
0.108179
0.108121
0.108121
0.108121
0.108062
0.108062
0.108062
0.108003
0.108003
0.108003
0.107944
0.107944
0.107944
0.107884
0.107884
0.107884
0.107824
0.107824
0.107824
0.107764
0.107764
0.107764
0.107704
0.107704
0.107704
0.107643
0.107643
0.107643
0.107581
0.107581
0.107581
0.107519
0.107519
0.107519
0.107457
0.107457
0.107457
0.107395
0.107395
0.107395
0.107332
0.107332
0.107332
0.107269
0.107269
0.107269
0.107205
0.107205
0.107205
0.107141
0.107141
0.107141
0.107076
0.107076
0.107076
0.107011
0.107011
0.107011
0.106946
0.106946
0.106946
0.10688
0.10688
0.10688
0.106813
0.106813
0.106813
0.106747
0.106747
0.106747
0.106679
0.106679
0.106679
0.106611
0.106611
0.106611
0.106543
0.106543
0.106543
0.106474
0.106474
0.106474
0.106405
0.106405
0.106405
0.106335
0.106335
0.106335
0.106265
0.106265
0.106265
0.106194
0.106194
0.106194
0.106122
0.106122
0.106122
0.10605
0.10605
0.10605
0.105978
0.105978
0.105978
0.105905
0.105905
0.105905
0.105831
0.105831
0.105831
0.105756
0.105756
0.105756
0.105681
0.105681
0.105681
0.105605
0.105605
0.105605
0.105528
0.105528
0.105528
0.105451
0.105451
0.105451
0.105373
0.105373
0.105373
0.105294
0.105294
0.105294
0.105214
0.105214
0.105214
0.105133
0.105133
0.105133
0.105051
0.105051
0.105051
0.104968
0.104968
0.104968
0.104884
0.104884
0.104884
0.104798
0.104798
0.104798
0.104711
0.104711
0.104711
0.104623
0.104623
0.104623
0.104532
0.104532
0.104532
0.10444
0.10444
0.10444
0.104345
0.104345
0.104345
0.104248
0.104248
0.104248
0.104148
0.104148
0.104148
0.104044
0.104044
0.104044
0.103936
0.103936
0.103936
0.103824
0.103824
0.103824
0.103705
0.103705
0.103705
0.103581
0.103581
0.103581
0.103448
0.103448
0.103448
0.103307
0.103307
0.103307
0.103154
0.103154
0.103154
0.10299
0.10299
0.10299
0.10281
0.10281
0.10281
0.102613
0.102613
0.102613
0.102395
0.102395
0.102395
0.102153
0.102153
0.102153
0.101884
0.101884
0.101884
0.101581
0.101581
0.101581
0.101241
0.101241
0.101241
0.100857
0.100857
0.100857
0.100423
0.100423
0.100423
0.0999336
0.0999336
0.0999336
0.0993805
0.0993805
0.0993805
0.0987572
0.0987572
0.0987572
0.0980571
0.0980571
0.0980571
0.097274
0.097274
0.097274
0.096403
0.096403
0.096403
0.0954405
0.0954405
0.0954405
0.0943852
0.0943852
0.0943852
0.0932384
0.0932384
0.0932384
0.0920044
0.0920044
0.0920044
0.0906905
0.0906905
0.0906905
0.0893074
0.0893074
0.0893074
0.0878687
0.0878687
0.0878687
0.0863903
0.0863903
0.0863903
0.0848899
0.0848899
0.0848899
0.083386
0.083386
0.083386
0.0818968
0.0818968
0.0818968
0.0804394
0.0804394
0.0804394
0.0790292
0.0790292
0.0790292
0.077679
0.077679
0.077679
0.0763991
0.0763991
0.0763991
0.0751966
0.0751966
0.0751966
0.0740761
0.0740761
0.0740761
0.0730397
0.0730397
0.0730397
0.0720873
0.0720873
0.0720873
0.0712168
0.0712168
0.0712168
0.0704251
0.0704251
0.0704251
0.0697077
0.0697077
0.0697077
0.0690598
0.0690598
0.0690598
0.0684759
0.0684759
0.0684759
0.0679507
0.0679507
0.0679507
0.0674786
0.0674786
0.0674786
0.0670544
0.0670544
0.0670544
0.0666731
0.0666731
0.0666731
0.0663299
0.0663299
0.0663299
0.0660205
0.0660205
0.0660205
0.0657411
0.0657411
0.0657411
0.065488
0.065488
0.065488
0.065258
0.065258
0.065258
0.0650482
0.0650482
0.0650482
0.0648562
0.0648562
0.0648562
0.0646796
0.0646796
0.0646796
0.0645164
0.0645164
0.0645164
0.0643651
0.0643651
0.0643651
0.0642239
0.0642239
0.0642239
0.0640917
0.0640917
0.0640917
0.0639673
0.0639673
0.0639673
0.0638496
0.0638496
0.0638496
0.0637379
0.0637379
0.0637379
0.0636313
0.0636313
0.0636313
0.0635292
0.0635292
0.0635292
0.0634311
0.0634311
0.0634311
0.0633365
0.0633365
0.0633365
0.063245
0.063245
0.063245
0.0631562
0.0631562
0.0631562
0.0630698
0.0630698
0.0630698
0.0629855
0.0629855
0.0629855
0.0629032
0.0629032
0.0629032
0.0628226
0.0628226
0.0628226
0.0627436
0.0627436
0.0627436
0.062666
0.062666
0.062666
0.0625897
0.0625897
0.0625897
0.0625145
0.0625145
0.0625145
0.0624405
0.0624405
0.0624405
0.0623675
0.0623675
0.0623675
0.0622954
0.0622954
0.0622954
0.0622242
0.0622242
0.0622242
0.0621538
0.0621538
0.0621538
0.0620843
0.0620843
0.0620843
0.0620154
0.0620154
0.0620154
0.0619473
0.0619473
0.0619473
0.0618798
0.0618798
0.0618798
0.061813
0.061813
0.061813
0.0617468
0.0617468
0.0617468
0.0616812
0.0616812
0.0616812
0.0616162
0.0616162
0.0616162
0.0615517
0.0615517
0.0615517
0.0614878
0.0614878
0.0614878
0.0614244
0.0614244
0.0614244
0.0613615
0.0613615
0.0613615
0.0612991
0.0612991
0.0612991
0.0612372
0.0612372
0.0612372
0.0611758
0.0611758
0.0611758
0.0611148
0.0611148
0.0611148
0.0610543
0.0610543
0.0610543
0.0609943
0.0609943
0.0609943
0.0609346
0.0609346
0.0609346
0.0608754
0.0608754
0.0608754
0.0608166
0.0608166
0.0608166
0.0607582
0.0607582
0.0607582
0.0607003
0.0607003
0.0607003
0.0606427
0.0606427
0.0606427
0.0605855
0.0605855
0.0605855
0.0605286
0.0605286
0.0605286
0.0604722
0.0604722
0.0604722
0.0604161
0.0604161
0.0604161
0.0603604
0.0603604
0.0603604
0.060305
0.060305
0.060305
0.06025
0.06025
0.06025
0.0601954
0.0601954
0.0601954
0.060141
0.060141
0.060141
0.060087
0.060087
0.060087
0.0600334
0.0600334
0.0600334
0.05998
0.05998
0.05998
0.059927
0.059927
0.059927
0.0598743
0.0598743
0.0598743
0.0598219
0.0598219
0.0598219
0.0597698
0.0597698
0.0597698
0.059718
0.059718
0.059718
0.0596665
0.0596665
0.0596665
0.0596153
0.0596153
0.0596153
0.0595644
0.0595644
0.0595644
0.0595138
0.0595138
0.0595138
0.0594634
0.0594634
0.0594634
0.0594134
0.0594134
0.0594134
0.0593636
0.0593636
0.0593636
0.059314
0.059314
0.059314
0.0592648
0.0592648
0.0592648
0.0592158
0.0592158
0.0592158
0.059167
0.059167
0.059167
0.0591185
0.0591185
0.0591185
0.0590703
0.0590703
0.0590703
0.0590223
0.0590223
0.0590223
0.0589746
0.0589746
0.0589746
0.0589271
0.0589271
0.0589271
0.0588798
0.0588798
0.0588798
0.0588328
0.0588328
0.0588328
0.058786
0.058786
0.058786
0.0587394
0.0587394
0.0587394
0.0586931
0.0586931
0.0586931
0.058647
0.058647
0.058647
0.0586011
0.0586011
0.0586011
0.0585554
0.0585554
0.0585554
0.05851
0.05851
0.05851
0.0584648
0.0584648
0.0584648
0.0584197
0.0584197
0.0584197
0.0583749
0.0583749
0.0583749
0.0583303
0.0583303
0.0583303
0.0582859
0.0582859
0.0582859
0.0582417
0.0582417
0.0582417
0.0581977
0.0581977
0.0581977
0.058154
0.058154
0.058154
0.0581104
0.0581104
0.0581104
0.058067
0.058067
0.058067
0.0580237
0.0580237
0.0580237
0.0579807
0.0579807
0.0579807
0.0579379
0.0579379
0.0579379
0.0578953
0.0578953
0.0578953
0.0578528
0.0578528
0.0578528
0.0578105
0.0578105
0.0578105
0.0577684
0.0577684
0.0577684
0.0577265
0.0577265
0.0577265
0.0576847
0.0576847
0.0576847
0.0576432
0.0576432
0.0576432
0.0576018
0.0576018
0.0576018
0.0575606
0.0575606
0.0575606
0.0575195
0.0575195
0.0575195
0.0574786
0.0574786
0.0574786
0.0574379
0.0574379
0.0574379
0.0573973
0.0573973
0.0573973
0.0573569
0.0573569
0.0573569
0.0573167
0.0573167
0.0573167
0.0572766
0.0572766
0.0572766
0.0572367
0.0572367
0.0572367
0.057197
0.057197
0.057197
0.0571574
0.0571574
0.0571574
0.0571179
0.0571179
0.0571179
0.0570786
0.0570786
0.0570786
0.0570395
0.0570395
0.0570395
0.0570005
0.0570005
0.0570005
0.0569616
0.0569616
0.0569616
0.0569229
0.0569229
0.0569229
0.0568844
0.0568844
0.0568844
0.056846
0.056846
0.056846
0.0568077
0.0568077
0.0568077
0.0567696
0.0567696
0.0567696
0.0567316
0.0567316
0.0567316
0.0566938
0.0566938
0.0566938
0.0566561
0.0566561
0.0566561
0.0566185
0.0566185
0.0566185
0.0565811
0.0565811
0.0565811
0.0565438
0.0565438
0.0565438
0.0565066
0.0565066
0.0565066
0.0564696
0.0564696
0.0564696
0.0564326
0.0564326
0.0564326
0.0563959
0.0563959
0.0563959
0.0563592
0.0563592
0.0563592
0.0563227
0.0563227
0.0563227
0.0562863
0.0562863
0.0562863
0.0562501
0.0562501
0.0562501
0.0562139
0.0562139
0.0562139
0.0561779
0.0561779
0.0561779
0.056142
0.056142
0.056142
0.0561062
0.0561062
0.0561062
0.0560706
0.0560706
0.0560706
0.056035
0.056035
0.056035
0.0559996
0.0559996
0.0559996
0.0559643
0.0559643
0.0559643
0.0559292
0.0559292
0.0559292
0.0558941
0.0558941
0.0558941
0.0558591
0.0558591
0.0558591
0.0558243
0.0558243
0.0558243
0.0557896
0.0557896
0.0557896
0.055755
0.055755
0.055755
0.0557205
0.0557205
0.0557205
0.0556861
0.0556861
0.0556861
0.0556518
0.0556518
0.0556518
0.0556176
0.0556176
0.0556176
0.0555836
0.0555836
0.0555836
0.0555496
0.0555496
0.0555496
0.0555158
0.0555158
0.0555158
0.055482
0.055482
0.055482
0.0554484
0.0554484
0.0554484
0.0554149
0.0554149
0.0554149
0.0553814
0.0553814
0.0553814
0.0553481
0.0553481
0.0553481
0.0553149
0.0553149
0.0553149
0.0552817
0.0552817
0.0552817
0.0552487
0.0552487
0.0552487
0.0552158
0.0552158
0.0552158
0.055183
0.055183
0.055183
0.0551502
0.0551502
0.0551502
0.0551176
0.0551176
0.0551176
0.0550851
0.0550851
0.0550851
0.0550526
0.0550526
0.0550526
0.0550203
0.0550203
0.0550203
0.0549881
0.0549881
0.0549881
0.0549559
0.0549559
0.0549559
0.0549238
0.0549238
0.0549238
0.0548919
0.0548919
0.0548919
0.05486
0.05486
0.05486
0.0548282
0.0548282
0.0548282
0.0547965
0.0547965
0.0547965
0.0547649
0.0547649
0.0547649
0.0547334
0.0547334
0.0547334
0.054702
0.054702
0.054702
0.0546706
0.0546706
0.0546706
0.0546394
0.0546394
0.0546394
0.0546082
0.0546082
0.0546082
0.0545772
0.0545772
0.0545772
0.0545462
0.0545462
0.0545462
0.0545153
0.0545153
0.0545153
0.0544845
0.0544845
0.0544845
0.0544537
0.0544537
0.0544537
0.0544231
0.0544231
0.0544231
0.0543925
0.0543925
0.0543925
0.054362
0.054362
0.054362
0.0543316
0.0543316
0.0543316
0.0543013
0.0543013
0.0543013
0.0542711
0.0542711
0.0542711
0.0542409
0.0542409
0.0542409
0.0542108
0.0542108
0.0542108
0.0541808
0.0541808
0.0541808
0.0541509
0.0541509
0.0541509
0.0541211
0.0541211
0.0541211
0.0540913
0.0540913
0.0540913
0.0540616
0.0540616
0.0540616
0.054032
0.054032
0.054032
0.0540025
0.0540025
0.0540025
0.0539731
0.0539731
0.0539731
0.0539437
0.0539437
0.0539437
0.0539144
0.0539144
0.0539144
0.0538852
0.0538852
0.0538852
0.053856
0.053856
0.053856
0.0538269
0.0538269
0.0538269
0.0537979
0.0537979
0.0537979
0.053769
0.053769
0.053769
0.0537401
0.0537401
0.0537401
0.0537114
0.0537114
0.0537114
0.0536826
0.0536826
0.0536826
0.053654
0.053654
0.053654
0.0536254
0.0536254
0.0536254
0.0535969
0.0535969
0.0535969
0.0535685
0.0535685
0.0535685
0.0535401
0.0535401
0.0535401
0.0535118
0.0535118
0.0535118
0.0534836
0.0534836
0.0534836
0.0534555
0.0534555
0.0534555
0.0534274
0.0534274
0.0534274
0.0533994
0.0533994
0.0533994
0.0533714
0.0533714
0.0533714
0.0533435
0.0533435
0.0533435
0.0533157
0.0533157
0.0533157
0.053288
0.053288
0.053288
0.0532603
0.0532603
0.0532603
0.0532327
0.0532327
0.0532327
0.0532051
0.0532051
0.0532051
0.0531776
0.0531776
0.0531776
0.0531502
0.0531502
0.0531502
0.0531229
0.0531229
0.0531229
0.0530956
0.0530956
0.0530956
0.0530683
0.0530683
0.0530683
0.0530412
0.0530412
0.0530412
0.0530141
0.0530141
0.0530141
0.052987
0.052987
0.052987
0.05296
0.05296
0.05296
0.0529331
0.0529331
0.0529331
0.0529063
0.0529063
0.0529063
0.0528795
0.0528795
0.0528795
0.0528527
0.0528527
0.0528527
0.052826
0.052826
0.052826
0.0527994
0.0527994
0.0527994
0.0527729
0.0527729
0.0527729
0.0527464
0.0527464
0.0527464
0.0527199
0.0527199
0.0527199
0.0526936
0.0526936
0.0526936
0.0526672
0.0526672
0.0526672
0.052641
0.052641
0.052641
0.0526148
0.0526148
0.0526148
0.0525886
0.0525886
0.0525886
0.0525625
0.0525625
0.0525625
0.0525365
0.0525365
0.0525365
0.0525105
0.0525105
0.0525105
0.0524846
0.0524846
0.0524846
0.0524588
0.0524588
0.0524588
0.0524329
0.0524329
0.0524329
0.0524072
0.0524072
0.0524072
0.0523815
0.0523815
0.0523815
0.0523559
0.0523559
0.0523559
0.0523303
0.0523303
0.0523303
0.0523047
0.0523047
0.0523047
0.0522793
0.0522793
0.0522793
0.0522538
0.0522538
0.0522538
0.0522285
0.0522285
0.0522285
0.0522032
0.0522032
0.0522032
0.0521779
0.0521779
0.0521779
0.0521527
0.0521527
0.0521527
0.0521275
0.0521275
0.0521275
0.0521024
0.0521024
0.0521024
0.0520774
0.0520774
0.0520774
0.0520524
0.0520524
0.0520524
0.0520274
0.0520274
0.0520274
0.0520025
0.0520025
0.0520025
0.0519777
0.0519777
0.0519777
0.0519529
0.0519529
0.0519529
0.0519281
0.0519281
0.0519281
0.0519035
0.0519035
0.0519035
0.0518788
0.0518788
0.0518788
0.0518542
0.0518542
0.0518542
0.0518297
0.0518297
0.0518297
0.0518052
0.0518052
0.0518052
0.0517807
0.0517807
0.0517807
0.0517563
0.0517563
0.0517563
0.051732
0.051732
0.051732
0.0517077
0.0517077
0.0517077
0.0516834
0.0516834
0.0516834
0.0516592
0.0516592
0.0516592
0.0516351
0.0516351
0.0516351
0.051611
0.051611
0.051611
0.0515869
0.0515869
0.0515869
0.0515629
0.0515629
0.0515629
0.0515389
0.0515389
0.0515389
0.051515
0.051515
0.051515
0.0514912
0.0514912
0.0514912
0.0514673
0.0514673
0.0514673
0.0514435
0.0514435
0.0514435
0.0514198
0.0514198
0.0514198
0.0513961
0.0513961
0.0513961
0.0513725
0.0513725
0.0513725
0.0513489
0.0513489
0.0513489
0.0513253
0.0513253
0.0513253
0.0513018
0.0513018
0.0513018
0.0512784
0.0512784
0.0512784
0.051255
0.051255
0.051255
0.0512316
0.0512316
0.0512316
0.0512083
0.0512083
0.0512083
0.051185
0.051185
0.051185
0.0511617
0.0511617
0.0511617
0.0511385
0.0511385
0.0511385
0.0511154
0.0511154
0.0511154
0.0510923
0.0510923
0.0510923
0.0510692
0.0510692
0.0510692
0.0510462
0.0510462
0.0510462
0.0510232
0.0510232
0.0510232
0.0510003
0.0510003
0.0510003
0.0509774
0.0509774
0.0509774
0.0509545
0.0509545
0.0509545
0.0509317
0.0509317
0.0509317
0.0509089
0.0509089
0.0509089
0.0508862
0.0508862
0.0508862
0.0508635
0.0508635
0.0508635
0.0508409
0.0508409
0.0508409
0.0508182
0.0508182
0.0508182
0.0507957
0.0507957
0.0507957
0.0507732
0.0507732
0.0507732
0.0507507
0.0507507
0.0507507
0.0507282
0.0507282
0.0507282
0.0507058
0.0507058
0.0507058
0.0506835
0.0506835
0.0506835
0.0506611
0.0506611
0.0506611
0.0506389
0.0506389
0.0506389
0.0506166
0.0506166
0.0506166
0.0505944
0.0505944
0.0505944
0.0505722
0.0505722
0.0505722
0.0505501
0.0505501
0.0505501
0.050528
0.050528
0.050528
0.050506
0.050506
0.050506
0.050484
0.050484
0.050484
0.050462
0.050462
0.050462
0.0504401
0.0504401
0.0504401
0.0504182
0.0504182
0.0504182
0.0503963
0.0503963
0.0503963
0.0503745
0.0503745
0.0503745
0.0503527
0.0503527
0.0503527
0.050331
0.050331
0.050331
0.0503093
0.0503093
0.0503093
0.0502876
0.0502876
0.0502876
0.050266
0.050266
0.050266
0.0502444
0.0502444
0.0502444
0.0502228
0.0502228
0.0502228
0.0502013
0.0502013
0.0502013
0.0501798
0.0501798
0.0501798
0.0501584
0.0501584
0.0501584
0.0501369
0.0501369
0.0501369
0.0501156
0.0501156
0.0501156
0.0500942
0.0500942
0.0500942
0.0500729
0.0500729
0.0500729
0.0500517
0.0500517
0.0500517
0.0500304
0.0500304
0.0500304
0.0500092
0.0500092
0.0500092
0.0499881
0.0499881
0.0499881
0.0499669
0.0499669
0.0499669
0.0499458
0.0499458
0.0499458
0.0499248
0.0499248
0.0499248
0.0499038
0.0499038
0.0499038
0.0498828
0.0498828
0.0498828
0.0498618
0.0498618
0.0498618
0.0498409
0.0498409
0.0498409
0.04982
0.04982
0.04982
0.0497992
0.0497992
0.0497992
0.0497783
0.0497783
0.0497783
0.0497576
0.0497576
0.0497576
0.0497368
0.0497368
0.0497368
0.0497161
0.0497161
0.0497161
0.0496954
0.0496954
0.0496954
0.0496748
0.0496748
0.0496748
0.0496541
0.0496541
0.0496541
0.0496336
0.0496336
0.0496336
0.049613
0.049613
0.049613
0.0495925
0.0495925
0.0495925
0.049572
0.049572
0.049572
0.0495516
0.0495516
0.0495516
0.0495311
0.0495311
0.0495311
0.0495108
0.0495108
0.0495108
0.0494904
0.0494904
0.0494904
0.0494701
0.0494701
0.0494701
0.0494498
0.0494498
0.0494498
0.0494295
0.0494295
0.0494295
0.0494093
0.0494093
0.0494093
0.0493891
0.0493891
0.0493891
0.0493689
0.0493689
0.0493689
0.0493488
0.0493488
0.0493488
0.0493287
0.0493287
0.0493287
0.0493086
0.0493086
0.0493086
0.0492886
0.0492886
0.0492886
0.0492686
0.0492686
0.0492686
0.0492486
0.0492486
0.0492486
0.0492287
0.0492287
0.0492287
0.0492087
0.0492087
0.0492087
0.0491889
0.0491889
0.0491889
0.049169
0.049169
0.049169
0.0491492
0.0491492
0.0491492
0.0491294
0.0491294
0.0491294
0.0491096
0.0491096
0.0491096
0.0490899
0.0490899
0.0490899
0.0490702
0.0490702
0.0490702
0.0490505
0.0490505
0.0490505
0.0490309
0.0490309
0.0490309
0.0490113
0.0490113
0.0490113
0.0489917
0.0489917
0.0489917
0.0489721
0.0489721
0.0489721
0.0489526
0.0489526
0.0489526
0.0489331
0.0489331
0.0489331
0.0489136
0.0489136
0.0489136
0.0488942
0.0488942
0.0488942
0.0488748
0.0488748
0.0488748
0.0488554
0.0488554
0.0488554
0.048836
0.048836
0.048836
0.0488167
0.0488167
0.0488167
0.0487974
0.0487974
0.0487974
0.0487782
0.0487782
0.0487782
0.0487589
0.0487589
0.0487589
0.0487397
0.0487397
0.0487397
0.0487205
0.0487205
0.0487205
0.0487014
0.0487014
0.0487014
0.0486822
0.0486822
0.0486822
0.0486631
0.0486631
0.0486631
0.0486441
0.0486441
0.0486441
0.048625
0.048625
0.048625
0.048606
0.048606
0.048606
0.048587
0.048587
0.048587
0.0485681
0.0485681
0.0485681
0.0485491
0.0485491
0.0485491
0.0485302
0.0485302
0.0485302
0.0485113
0.0485113
0.0485113
0.0484925
0.0484925
0.0484925
0.0484737
0.0484737
0.0484737
0.0484549
0.0484549
0.0484549
0.0484361
0.0484361
0.0484361
0.0484174
0.0484174
0.0484174
0.0483986
0.0483986
0.0483986
0.0483799
0.0483799
0.0483799
0.0483613
0.0483613
0.0483613
0.0483426
0.0483426
0.0483426
0.048324
0.048324
0.048324
0.0483054
0.0483054
0.0483054
0.0482869
0.0482869
0.0482869
0.0482684
0.0482684
0.0482684
0.0482498
0.0482498
0.0482498
0.0482314
0.0482314
0.0482314
0.0482129
0.0482129
0.0482129
0.0481945
0.0481945
0.0481945
0.0481761
0.0481761
0.0481761
0.0481577
0.0481577
0.0481577
0.0481393
0.0481393
0.0481393
0.048121
0.048121
0.048121
0.0481027
0.0481027
0.0481027
0.0480844
0.0480844
0.0480844
0.0480662
0.0480662
0.0480662
0.0480479
0.0480479
0.0480479
0.0480297
0.0480297
0.0480297
0.0480116
0.0480116
0.0480116
0.0479934
0.0479934
0.0479934
0.0479753
0.0479753
0.0479753
0.0479572
0.0479572
0.0479572
0.0479391
0.0479391
0.0479391
0.047921
0.047921
0.047921
0.047903
0.047903
0.047903
0.047885
0.047885
0.047885
0.047867
0.047867
0.047867
0.0478491
0.0478491
0.0478491
0.0478311
0.0478311
0.0478311
0.0478132
0.0478132
0.0478132
0.0477953
0.0477953
0.0477953
0.0477775
0.0477775
0.0477775
0.0477596
0.0477596
0.0477596
0.0477418
0.0477418
0.0477418
0.047724
0.047724
0.047724
0.0477063
0.0477063
0.0477063
0.0476885
0.0476885
0.0476885
0.0476708
0.0476708
0.0476708
0.0476531
0.0476531
0.0476531
0.0476354
0.0476354
0.0476354
0.0476178
0.0476178
0.0476178
0.0476002
0.0476002
0.0476002
0.0475826
0.0475826
0.0475826
0.047565
0.047565
0.047565
0.0475474
0.0475474
0.0475474
0.0475299
0.0475299
0.0475299
0.0475124
0.0475124
0.0475124
0.0474949
0.0474949
0.0474949
0.0474774
0.0474774
0.0474774
0.04746
0.04746
0.04746
0.0474426
0.0474426
0.0474426
0.0474252
0.0474252
0.0474252
0.0474078
0.0474078
0.0474078
0.0473905
0.0473905
0.0473905
0.0473731
0.0473731
0.0473731
0.0473558
0.0473558
0.0473558
0.0473385
0.0473385
0.0473385
0.0473213
0.0473213
0.0473213
0.047304
0.047304
0.047304
0.0472868
0.0472868
0.0472868
0.0472696
0.0472696
0.0472696
0.0472524
0.0472524
0.0472524
0.0472353
0.0472353
0.0472353
0.0472182
0.0472182
0.0472182
0.047201
0.047201
0.047201
0.047184
0.047184
0.047184
0.0471669
0.0471669
0.0471669
0.0471498
0.0471498
0.0471498
0.0471328
0.0471328
0.0471328
0.0471158
0.0471158
0.0471158
0.0470988
0.0470988
0.0470988
0.0470819
0.0470819
0.0470819
0.0470649
0.0470649
0.0470649
0.047048
0.047048
0.047048
0.0470311
0.0470311
0.0470311
0.0470142
0.0470142
0.0470142
0.0469974
0.0469974
0.0469974
0.0469806
0.0469806
0.0469806
0.0469637
0.0469637
0.0469637
0.046947
0.046947
0.046947
0.0469302
0.0469302
0.0469302
0.0469134
0.0469134
0.0469134
0.0468967
0.0468967
0.0468967
0.04688
0.04688
0.04688
0.0468633
0.0468633
0.0468633
0.0468466
0.0468466
0.0468466
0.04683
0.04683
0.04683
0.0468134
0.0468134
0.0468134
0.0467968
0.0467968
0.0467968
0.0467802
0.0467802
0.0467802
0.0467636
0.0467636
0.0467636
0.0467471
0.0467471
0.0467471
0.0467305
0.0467305
0.0467305
0.046714
0.046714
0.046714
0.0466975
0.0466975
0.0466975
0.0466811
0.0466811
0.0466811
0.0466646
0.0466646
0.0466646
0.0466482
0.0466482
0.0466482
0.0466318
0.0466318
0.0466318
0.0466154
0.0466154
0.0466154
0.046599
0.046599
0.046599
0.0465827
0.0465827
0.0465827
0.0465664
0.0465664
0.0465664
0.0465501
0.0465501
0.0465501
0.0465338
0.0465338
0.0465338
0.0465175
0.0465175
0.0465175
0.0465013
0.0465013
0.0465013
0.046485
0.046485
0.046485
0.0464688
0.0464688
0.0464688
0.0464526
0.0464526
0.0464526
0.0464365
0.0464365
0.0464365
0.0464203
0.0464203
0.0464203
0.0464042
0.0464042
0.0464042
0.0463881
0.0463881
0.0463881
0.0463721
0.0463721
0.0463721
0.046356
0.046356
0.046356
0.04634
0.04634
0.04634
0.0463241
0.0463241
0.0463241
0.0463082
0.0463082
0.0463082
0.0462924
0.0462924
0.0462924
0.0462766
0.0462766
0.0462766
0.046261
0.046261
0.046261
0.0462456
0.0462456
0.0462456
0.0462303
0.0462303
0.0462303
0.0462153
0.0462153
0.0462153
0.0462007
0.0462007
0.0462007
0.0461867
0.0461867
0.0461867
0.0461734
0.0461734
0.0461734
0.0461611
0.0461611
0.0461611
0.0461502
0.0461502
0.0461502
0.0461412
0.0461412
0.0461412
0.046135
0.046135
0.046135
0.0461325
0.0461325
0.0461325
