2.000000e-07 1.213833e+00
4.000000e-07 1.213829e+00
6.000000e-07 1.213825e+00
8.000000e-07 1.213821e+00
9.999999e-07 1.213818e+00
1.200000e-06 1.213814e+00
1.400000e-06 1.213810e+00
1.600000e-06 1.213806e+00
1.800000e-06 1.213802e+00
2.000000e-06 1.213798e+00
2.200000e-06 1.213794e+00
2.400000e-06 1.213790e+00
2.600000e-06 1.213786e+00
2.800000e-06 1.213782e+00
3.000000e-06 1.213778e+00
3.200000e-06 1.213774e+00
3.400000e-06 1.213770e+00
3.600000e-06 1.213766e+00
3.800000e-06 1.213762e+00
4.000000e-06 1.213758e+00
4.200000e-06 1.213754e+00
4.400000e-06 1.213751e+00
4.600000e-06 1.213747e+00
4.800000e-06 1.213743e+00
5.000000e-06 1.213739e+00
5.200000e-06 1.213735e+00
5.400000e-06 1.213731e+00
5.600000e-06 1.213727e+00
5.800000e-06 1.213723e+00
6.000000e-06 1.213719e+00
6.200000e-06 1.213715e+00
6.400000e-06 1.213711e+00
6.600000e-06 1.213707e+00
6.800000e-06 1.213703e+00
7.000000e-06 1.213699e+00
7.200000e-06 1.213695e+00
7.400000e-06 1.213691e+00
7.600000e-06 1.213687e+00
7.800000e-06 1.213683e+00
8.000000e-06 1.213680e+00
8.199999e-06 1.213676e+00
8.399999e-06 1.213672e+00
8.599999e-06 1.213668e+00
8.799999e-06 1.213664e+00
8.999999e-06 1.213660e+00
9.199999e-06 1.213656e+00
9.399999e-06 1.213652e+00
9.599999e-06 1.213648e+00
9.799999e-06 1.213644e+00
9.999999e-06 1.213640e+00
1.020000e-05 1.213636e+00
1.040000e-05 1.213632e+00
1.060000e-05 1.213628e+00
1.080000e-05 1.213624e+00
1.100000e-05 1.213620e+00
1.120000e-05 1.213616e+00
1.140000e-05 1.213612e+00
1.160000e-05 1.213608e+00
1.180000e-05 1.213604e+00
1.200000e-05 1.213601e+00
1.220000e-05 1.213597e+00
1.240000e-05 1.213593e+00
1.260000e-05 1.213589e+00
1.280000e-05 1.213585e+00
1.300000e-05 1.213581e+00
1.320000e-05 1.213577e+00
1.340000e-05 1.213573e+00
1.360000e-05 1.213569e+00
1.380000e-05 1.213565e+00
1.400000e-05 1.213561e+00
1.420000e-05 1.213557e+00
1.440000e-05 1.213553e+00
1.460000e-05 1.213549e+00
1.480000e-05 1.213545e+00
1.500000e-05 1.213541e+00
1.520000e-05 1.213537e+00
1.540000e-05 1.213533e+00
1.560000e-05 1.213529e+00
1.580000e-05 1.213525e+00
1.600000e-05 1.213521e+00
1.620000e-05 1.213518e+00
1.640000e-05 1.213514e+00
1.660000e-05 1.213510e+00
1.680000e-05 1.213506e+00
1.700000e-05 1.213502e+00
1.720000e-05 1.213498e+00
1.740000e-05 1.213494e+00
1.760000e-05 1.213490e+00
1.780000e-05 1.213486e+00
1.800000e-05 1.213482e+00
1.820000e-05 1.213478e+00
1.840000e-05 1.213474e+00
1.860000e-05 1.213470e+00
1.880000e-05 1.213466e+00
1.900000e-05 1.213462e+00
1.920000e-05 1.213458e+00
1.940000e-05 1.213454e+00
1.960000e-05 1.213450e+00
1.980000e-05 1.213446e+00
2.000000e-05 1.213442e+00
2.020000e-05 1.213438e+00
2.040000e-05 1.213434e+00
2.060000e-05 1.213430e+00
2.080000e-05 1.213426e+00
2.100000e-05 1.213423e+00
2.120000e-05 1.213419e+00
2.140000e-05 1.213415e+00
2.160000e-05 1.213411e+00
2.180000e-05 1.213407e+00
2.200000e-05 1.213403e+00
2.220000e-05 1.213399e+00
2.240000e-05 1.213395e+00
2.260000e-05 1.213391e+00
2.280000e-05 1.213387e+00
2.300000e-05 1.213383e+00
2.320000e-05 1.213379e+00
2.340000e-05 1.213375e+00
2.360000e-05 1.213371e+00
2.380000e-05 1.213367e+00
2.400000e-05 1.213363e+00
2.420000e-05 1.213359e+00
2.440000e-05 1.213355e+00
2.460000e-05 1.213351e+00
2.480000e-05 1.213347e+00
2.500000e-05 1.213343e+00
2.520000e-05 1.213339e+00
2.540000e-05 1.213335e+00
2.560000e-05 1.213331e+00
2.580000e-05 1.213327e+00
2.600000e-05 1.213323e+00
2.620000e-05 1.213319e+00
2.640000e-05 1.213316e+00
2.660000e-05 1.213312e+00
2.680000e-05 1.213308e+00
2.700000e-05 1.213304e+00
2.720000e-05 1.213300e+00
2.740000e-05 1.213296e+00
2.760000e-05 1.213292e+00
2.780000e-05 1.213288e+00
2.800000e-05 1.213284e+00
2.820000e-05 1.213280e+00
2.840000e-05 1.213276e+00
2.860000e-05 1.213272e+00
2.880000e-05 1.213268e+00
2.900000e-05 1.213264e+00
2.920000e-05 1.213260e+00
2.940000e-05 1.213256e+00
2.960000e-05 1.213252e+00
2.980000e-05 1.213248e+00
3.000000e-05 1.213244e+00
3.020000e-05 1.213240e+00
3.040000e-05 1.213236e+00
3.060000e-05 1.213232e+00
3.080000e-05 1.213228e+00
3.100000e-05 1.213224e+00
3.120000e-05 1.213220e+00
3.140000e-05 1.213216e+00
3.160000e-05 1.213212e+00
3.180000e-05 1.213208e+00
3.200000e-05 1.213204e+00
3.220000e-05 1.213200e+00
3.240000e-05 1.213196e+00
3.260000e-05 1.213192e+00
3.280000e-05 1.213188e+00
3.300000e-05 1.213185e+00
3.320000e-05 1.213181e+00
3.340000e-05 1.213177e+00
3.360000e-05 1.213173e+00
3.380000e-05 1.213169e+00
3.400000e-05 1.213165e+00
3.420000e-05 1.213161e+00
3.440000e-05 1.213157e+00
3.460000e-05 1.213153e+00
3.480000e-05 1.213149e+00
3.500000e-05 1.213145e+00
3.520000e-05 1.213141e+00
3.540000e-05 1.213137e+00
3.560000e-05 1.213133e+00
3.580000e-05 1.213129e+00
3.600000e-05 1.213125e+00
3.620000e-05 1.213121e+00
3.640000e-05 1.213117e+00
3.660000e-05 1.213113e+00
3.680000e-05 1.213109e+00
3.700000e-05 1.213105e+00
3.720000e-05 1.213101e+00
3.740000e-05 1.213097e+00
3.760000e-05 1.213093e+00
3.780000e-05 1.213089e+00
3.800000e-05 1.213085e+00
3.820000e-05 1.213081e+00
3.840000e-05 1.213077e+00
3.860000e-05 1.213073e+00
3.880000e-05 1.213069e+00
3.900000e-05 1.213065e+00
3.920000e-05 1.213061e+00
3.940000e-05 1.213057e+00
3.960000e-05 1.213053e+00
3.980000e-05 1.213049e+00
4.000000e-05 1.213045e+00
4.020000e-05 1.213041e+00
4.040000e-05 1.213037e+00
4.060000e-05 1.213033e+00
4.080000e-05 1.213029e+00
4.100000e-05 1.213025e+00
4.120000e-05 1.213021e+00
4.140000e-05 1.213017e+00
4.160000e-05 1.213013e+00
4.180000e-05 1.213009e+00
4.200000e-05 1.213005e+00
4.220000e-05 1.213002e+00
4.240000e-05 1.212998e+00
4.260000e-05 1.212994e+00
4.280000e-05 1.212990e+00
4.300000e-05 1.212986e+00
4.320000e-05 1.212982e+00
4.340000e-05 1.212978e+00
4.360000e-05 1.212974e+00
4.380000e-05 1.212970e+00
4.400000e-05 1.212966e+00
4.420000e-05 1.212962e+00
4.440000e-05 1.212958e+00
4.460000e-05 1.212954e+00
4.480000e-05 1.212950e+00
4.500000e-05 1.212946e+00
4.520000e-05 1.212942e+00
4.540000e-05 1.212938e+00
4.560000e-05 1.212934e+00
4.580000e-05 1.212930e+00
4.600000e-05 1.212926e+00
4.620000e-05 1.212922e+00
4.640000e-05 1.212918e+00
4.660000e-05 1.212914e+00
4.680000e-05 1.212910e+00
4.700000e-05 1.212906e+00
4.720000e-05 1.212902e+00
4.740000e-05 1.212898e+00
4.760000e-05 1.212894e+00
4.780000e-05 1.212890e+00
4.800000e-05 1.212886e+00
4.820000e-05 1.212882e+00
4.840000e-05 1.212878e+00
4.860000e-05 1.212874e+00
4.880000e-05 1.212870e+00
4.900000e-05 1.212866e+00
4.920000e-05 1.212862e+00
4.940000e-05 1.212858e+00
4.960000e-05 1.212854e+00
4.980000e-05 1.212850e+00
5.000000e-05 1.212846e+00
5.020000e-05 1.212842e+00
5.040000e-05 1.212838e+00
5.060000e-05 1.212834e+00
5.080000e-05 1.212830e+00
5.100000e-05 1.212826e+00
5.120000e-05 1.212822e+00
5.140000e-05 1.212818e+00
5.160000e-05 1.212814e+00
5.180000e-05 1.212810e+00
5.200000e-05 1.212806e+00
5.220000e-05 1.212802e+00
5.240000e-05 1.212798e+00
5.260000e-05 1.212794e+00
5.280000e-05 1.212790e+00
5.300000e-05 1.212786e+00
5.320000e-05 1.212782e+00
5.340000e-05 1.212778e+00
5.360000e-05 1.212774e+00
5.380000e-05 1.212770e+00
5.400000e-05 1.212766e+00
5.420000e-05 1.212762e+00
5.440000e-05 1.212758e+00
5.460000e-05 1.212754e+00
5.480000e-05 1.212750e+00
5.500000e-05 1.212746e+00
5.520000e-05 1.212742e+00
5.540000e-05 1.212738e+00
5.560000e-05 1.212734e+00
5.580000e-05 1.212730e+00
5.600000e-05 1.212726e+00
5.620000e-05 1.212722e+00
5.640000e-05 1.212718e+00
5.660000e-05 1.212714e+00
5.680000e-05 1.212710e+00
5.700000e-05 1.212706e+00
5.720000e-05 1.212702e+00
5.740000e-05 1.212698e+00
5.760000e-05 1.212694e+00
5.780000e-05 1.212690e+00
5.800000e-05 1.212686e+00
5.820000e-05 1.212682e+00
5.840000e-05 1.212678e+00
5.860000e-05 1.212674e+00
5.880000e-05 1.212670e+00
5.900000e-05 1.212666e+00
5.920000e-05 1.212662e+00
5.940000e-05 1.212658e+00
5.960000e-05 1.212654e+00
5.980000e-05 1.212650e+00
6.000000e-05 1.212646e+00
6.020000e-05 1.212642e+00
6.040000e-05 1.212638e+00
6.060000e-05 1.212634e+00
6.080000e-05 1.212630e+00
6.100000e-05 1.212626e+00
6.120000e-05 1.212622e+00
6.140000e-05 1.212618e+00
6.160000e-05 1.212614e+00
6.180000e-05 1.212610e+00
6.200000e-05 1.212606e+00
6.220000e-05 1.212602e+00
6.240000e-05 1.212598e+00
6.260000e-05 1.212594e+00
6.280000e-05 1.212590e+00
6.300000e-05 1.212586e+00
6.320000e-05 1.212582e+00
6.340000e-05 1.212578e+00
6.360000e-05 1.212574e+00
6.380000e-05 1.212570e+00
6.400000e-05 1.212566e+00
6.420000e-05 1.212562e+00
6.440000e-05 1.212558e+00
6.460000e-05 1.212554e+00
6.480000e-05 1.212550e+00
6.500000e-05 1.212546e+00
6.520000e-05 1.212542e+00
6.540000e-05 1.212538e+00
6.560000e-05 1.212534e+00
6.580000e-05 1.212530e+00
6.600000e-05 1.212526e+00
6.620000e-05 1.212522e+00
6.640000e-05 1.212518e+00
6.660000e-05 1.212514e+00
6.680000e-05 1.212510e+00
6.700000e-05 1.212506e+00
6.720000e-05 1.212502e+00
6.740000e-05 1.212498e+00
6.760000e-05 1.212494e+00
6.780000e-05 1.212490e+00
6.800000e-05 1.212486e+00
6.820000e-05 1.212482e+00
6.840000e-05 1.212478e+00
6.860000e-05 1.212474e+00
6.880000e-05 1.212470e+00
6.900000e-05 1.212466e+00
6.920000e-05 1.212462e+00
6.940000e-05 1.212458e+00
6.960000e-05 1.212454e+00
6.980000e-05 1.212450e+00
7.000000e-05 1.212446e+00
7.020000e-05 1.212442e+00
7.040000e-05 1.212438e+00
7.060000e-05 1.212434e+00
7.080000e-05 1.212430e+00
7.100000e-05 1.212426e+00
7.120000e-05 1.212422e+00
7.140000e-05 1.212418e+00
7.160000e-05 1.212414e+00
7.180000e-05 1.212410e+00
7.200000e-05 1.212406e+00
7.220000e-05 1.212402e+00
7.240000e-05 1.212398e+00
7.260000e-05 1.212394e+00
7.280000e-05 1.212390e+00
7.300000e-05 1.212386e+00
7.320000e-05 1.212382e+00
7.340000e-05 1.212378e+00
7.360000e-05 1.212373e+00
7.380000e-05 1.212369e+00
7.400000e-05 1.212365e+00
7.420000e-05 1.212361e+00
7.440000e-05 1.212357e+00
7.460000e-05 1.212353e+00
7.480000e-05 1.212349e+00
7.500000e-05 1.212345e+00
7.520000e-05 1.212341e+00
7.540000e-05 1.212337e+00
7.560000e-05 1.212333e+00
7.580000e-05 1.212329e+00
7.600000e-05 1.212325e+00
7.620000e-05 1.212321e+00
7.640000e-05 1.212317e+00
7.660000e-05 1.212313e+00
7.680000e-05 1.212309e+00
7.700000e-05 1.212305e+00
7.720000e-05 1.212301e+00
7.740000e-05 1.212297e+00
7.760000e-05 1.212293e+00
7.780000e-05 1.212289e+00
7.800000e-05 1.212285e+00
7.820000e-05 1.212281e+00
7.840000e-05 1.212277e+00
7.860000e-05 1.212273e+00
7.880000e-05 1.212269e+00
7.900000e-05 1.212265e+00
7.920000e-05 1.212261e+00
7.940000e-05 1.212257e+00
7.960000e-05 1.212253e+00
7.980000e-05 1.212249e+00
8.000000e-05 1.212245e+00
8.020000e-05 1.212241e+00
8.040000e-05 1.212237e+00
8.059999e-05 1.212233e+00
8.079999e-05 1.212229e+00
8.099999e-05 1.212225e+00
8.119999e-05 1.212221e+00
8.139999e-05 1.212217e+00
8.159999e-05 1.212213e+00
8.179999e-05 1.212209e+00
8.199999e-05 1.212205e+00
8.219999e-05 1.212201e+00
8.239999e-05 1.212197e+00
8.259999e-05 1.212192e+00
8.279999e-05 1.212188e+00
8.299999e-05 1.212184e+00
8.319999e-05 1.212180e+00
8.339999e-05 1.212176e+00
8.359999e-05 1.212172e+00
8.379999e-05 1.212168e+00
8.399999e-05 1.212164e+00
8.419999e-05 1.212160e+00
8.439999e-05 1.212156e+00
8.459999e-05 1.212152e+00
8.479999e-05 1.212148e+00
8.499999e-05 1.212144e+00
8.519999e-05 1.212140e+00
8.539999e-05 1.212136e+00
8.559999e-05 1.212132e+00
8.579999e-05 1.212128e+00
8.599999e-05 1.212124e+00
8.619999e-05 1.212120e+00
8.639999e-05 1.212116e+00
8.659999e-05 1.212112e+00
8.679999e-05 1.212108e+00
8.699999e-05 1.212104e+00
8.719999e-05 1.212100e+00
8.739999e-05 1.212096e+00
8.759999e-05 1.212092e+00
8.779999e-05 1.212088e+00
8.799999e-05 1.212084e+00
8.819999e-05 1.212080e+00
8.839999e-05 1.212076e+00
8.859999e-05 1.212072e+00
8.879999e-05 1.212068e+00
8.899999e-05 1.212064e+00
8.919999e-05 1.212059e+00
8.939999e-05 1.212055e+00
8.959999e-05 1.212051e+00
8.979999e-05 1.212047e+00
8.999999e-05 1.212043e+00
9.019999e-05 1.212039e+00
9.039999e-05 1.212035e+00
9.059999e-05 1.212031e+00
9.079999e-05 1.212027e+00
9.099999e-05 1.212023e+00
9.119999e-05 1.212019e+00
9.139999e-05 1.212015e+00
9.159999e-05 1.212011e+00
9.179999e-05 1.212007e+00
9.199999e-05 1.212003e+00
9.219999e-05 1.211999e+00
9.239999e-05 1.211995e+00
9.259999e-05 1.211991e+00
9.279999e-05 1.211987e+00
9.299999e-05 1.211983e+00
9.319999e-05 1.211979e+00
9.339999e-05 1.211975e+00
9.359999e-05 1.211971e+00
9.379999e-05 1.211967e+00
9.399999e-05 1.211963e+00
9.419999e-05 1.211959e+00
9.439999e-05 1.211955e+00
9.459999e-05 1.211950e+00
9.479999e-05 1.211946e+00
9.499999e-05 1.211942e+00
9.519999e-05 1.211938e+00
9.539999e-05 1.211934e+00
9.559999e-05 1.211930e+00
9.579999e-05 1.211926e+00
9.599999e-05 1.211922e+00
9.619999e-05 1.211918e+00
9.639999e-05 1.211914e+00
9.659999e-05 1.211910e+00
9.679999e-05 1.211906e+00
9.699999e-05 1.211902e+00
9.719999e-05 1.211898e+00
9.739999e-05 1.211894e+00
9.759999e-05 1.211890e+00
9.779999e-05 1.211886e+00
9.799999e-05 1.211882e+00
9.819999e-05 1.211878e+00
9.839999e-05 1.211874e+00
9.859999e-05 1.211870e+00
9.879999e-05 1.211866e+00
9.899999e-05 1.211862e+00
9.919999e-05 1.211857e+00
9.939999e-05 1.211853e+00
9.959999e-05 1.211849e+00
9.979999e-05 1.211845e+00
9.999999e-05 1.211841e+00
1.002000e-04 1.211837e+00
1.004000e-04 1.211833e+00
1.006000e-04 1.211829e+00
1.008000e-04 1.211825e+00
1.010000e-04 1.211821e+00
1.012000e-04 1.211817e+00
1.014000e-04 1.211813e+00
1.016000e-04 1.211809e+00
1.018000e-04 1.211805e+00
1.020000e-04 1.211801e+00
1.022000e-04 1.211797e+00
1.024000e-04 1.211793e+00
1.026000e-04 1.211789e+00
1.028000e-04 1.211785e+00
1.030000e-04 1.211781e+00
1.032000e-04 1.211777e+00
1.034000e-04 1.211772e+00
1.036000e-04 1.211768e+00
1.038000e-04 1.211764e+00
1.040000e-04 1.211760e+00
1.042000e-04 1.211756e+00
1.044000e-04 1.211752e+00
1.046000e-04 1.211748e+00
1.048000e-04 1.211744e+00
1.050000e-04 1.211740e+00
1.052000e-04 1.211736e+00
1.054000e-04 1.211732e+00
1.056000e-04 1.211728e+00
1.058000e-04 1.211724e+00
1.060000e-04 1.211720e+00
1.062000e-04 1.211716e+00
1.064000e-04 1.211712e+00
1.066000e-04 1.211708e+00
1.068000e-04 1.211704e+00
1.070000e-04 1.211700e+00
1.072000e-04 1.211695e+00
1.074000e-04 1.211691e+00
1.076000e-04 1.211687e+00
1.078000e-04 1.211683e+00
1.080000e-04 1.211679e+00
1.082000e-04 1.211675e+00
1.084000e-04 1.211671e+00
1.086000e-04 1.211667e+00
1.088000e-04 1.211663e+00
1.090000e-04 1.211659e+00
1.092000e-04 1.211655e+00
1.094000e-04 1.211651e+00
1.096000e-04 1.211647e+00
1.098000e-04 1.211643e+00
1.100000e-04 1.211639e+00
1.102000e-04 1.211635e+00
1.104000e-04 1.211631e+00
1.106000e-04 1.211627e+00
1.108000e-04 1.211622e+00
1.110000e-04 1.211618e+00
1.112000e-04 1.211614e+00
1.114000e-04 1.211610e+00
1.116000e-04 1.211606e+00
1.118000e-04 1.211602e+00
1.120000e-04 1.211598e+00
1.122000e-04 1.211594e+00
1.124000e-04 1.211590e+00
1.126000e-04 1.211586e+00
1.128000e-04 1.211582e+00
1.130000e-04 1.211578e+00
1.132000e-04 1.211574e+00
1.134000e-04 1.211570e+00
1.136000e-04 1.211566e+00
1.138000e-04 1.211562e+00
1.140000e-04 1.211558e+00
1.142000e-04 1.211553e+00
1.144000e-04 1.211549e+00
1.146000e-04 1.211545e+00
1.148000e-04 1.211541e+00
1.150000e-04 1.211537e+00
1.152000e-04 1.211533e+00
1.154000e-04 1.211529e+00
1.156000e-04 1.211525e+00
1.158000e-04 1.211521e+00
1.160000e-04 1.211517e+00
1.162000e-04 1.211513e+00
1.164000e-04 1.211509e+00
1.166000e-04 1.211505e+00
1.168000e-04 1.211501e+00
1.170000e-04 1.211497e+00
1.172000e-04 1.211492e+00
1.174000e-04 1.211488e+00
1.176000e-04 1.211484e+00
1.178000e-04 1.211480e+00
1.180000e-04 1.211476e+00
1.182000e-04 1.211472e+00
1.184000e-04 1.211468e+00
1.186000e-04 1.211464e+00
1.188000e-04 1.211460e+00
1.190000e-04 1.211456e+00
1.192000e-04 1.211452e+00
1.194000e-04 1.211448e+00
1.196000e-04 1.211444e+00
1.198000e-04 1.211440e+00
1.200000e-04 1.211436e+00
1.202000e-04 1.211431e+00
1.204000e-04 1.211427e+00
1.206000e-04 1.211423e+00
1.208000e-04 1.211419e+00
1.210000e-04 1.211415e+00
1.212000e-04 1.211411e+00
1.214000e-04 1.211407e+00
1.216000e-04 1.211403e+00
1.218000e-04 1.211399e+00
1.220000e-04 1.211395e+00
1.222000e-04 1.211391e+00
1.224000e-04 1.211387e+00
1.226000e-04 1.211383e+00
1.228000e-04 1.211379e+00
1.230000e-04 1.211374e+00
1.232000e-04 1.211370e+00
1.234000e-04 1.211366e+00
1.236000e-04 1.211362e+00
1.238000e-04 1.211358e+00
1.240000e-04 1.211354e+00
1.242000e-04 1.211350e+00
1.244000e-04 1.211346e+00
1.246000e-04 1.211342e+00
1.248000e-04 1.211338e+00
1.250000e-04 1.211334e+00
1.252000e-04 1.211330e+00
1.254000e-04 1.211326e+00
1.256000e-04 1.211322e+00
1.258000e-04 1.211317e+00
1.260000e-04 1.211313e+00
1.262000e-04 1.211309e+00
1.264000e-04 1.211305e+00
1.266000e-04 1.211301e+00
1.268000e-04 1.211297e+00
1.270000e-04 1.211293e+00
1.272000e-04 1.211289e+00
1.274000e-04 1.211285e+00
1.276000e-04 1.211281e+00
1.278000e-04 1.211277e+00
1.280000e-04 1.211273e+00
1.282000e-04 1.211269e+00
1.284000e-04 1.211264e+00
1.286000e-04 1.211260e+00
1.288000e-04 1.211256e+00
1.290000e-04 1.211252e+00
1.292000e-04 1.211248e+00
1.294000e-04 1.211244e+00
1.296000e-04 1.211240e+00
1.298000e-04 1.211236e+00
1.300000e-04 1.211232e+00
1.302000e-04 1.211228e+00
1.304000e-04 1.211224e+00
1.306000e-04 1.211220e+00
1.308000e-04 1.211215e+00
1.310000e-04 1.211211e+00
1.312000e-04 1.211207e+00
1.314000e-04 1.211203e+00
1.316000e-04 1.211199e+00
1.318000e-04 1.211195e+00
1.320000e-04 1.211191e+00
1.322000e-04 1.211187e+00
1.324000e-04 1.211183e+00
1.326000e-04 1.211179e+00
1.328000e-04 1.211175e+00
1.330000e-04 1.211171e+00
1.332000e-04 1.211167e+00
1.334000e-04 1.211162e+00
1.336000e-04 1.211158e+00
1.338000e-04 1.211154e+00
1.340000e-04 1.211150e+00
1.342000e-04 1.211146e+00
1.344000e-04 1.211142e+00
1.346000e-04 1.211138e+00
1.348000e-04 1.211134e+00
1.350000e-04 1.211130e+00
1.352000e-04 1.211126e+00
1.354000e-04 1.211122e+00
1.356000e-04 1.211117e+00
1.358000e-04 1.211113e+00
1.360000e-04 1.211109e+00
1.362000e-04 1.211105e+00
1.364000e-04 1.211101e+00
1.366000e-04 1.211097e+00
1.368000e-04 1.211093e+00
1.370000e-04 1.211089e+00
1.372000e-04 1.211085e+00
1.374000e-04 1.211081e+00
1.376000e-04 1.211077e+00
1.378000e-04 1.211073e+00
1.380000e-04 1.211068e+00
1.382000e-04 1.211064e+00
1.384000e-04 1.211060e+00
1.386000e-04 1.211056e+00
1.388000e-04 1.211052e+00
1.390000e-04 1.211048e+00
1.392000e-04 1.211044e+00
1.394000e-04 1.211040e+00
1.396000e-04 1.211036e+00
1.398000e-04 1.211032e+00
1.400000e-04 1.211028e+00
1.402000e-04 1.211023e+00
1.404000e-04 1.211019e+00
1.406000e-04 1.211015e+00
1.408000e-04 1.211011e+00
1.410000e-04 1.211007e+00
1.412000e-04 1.211003e+00
1.414000e-04 1.210999e+00
1.416000e-04 1.210995e+00
1.418000e-04 1.210991e+00
1.420000e-04 1.210987e+00
1.422000e-04 1.210982e+00
1.424000e-04 1.210978e+00
1.426000e-04 1.210974e+00
1.428000e-04 1.210970e+00
1.430000e-04 1.210966e+00
1.432000e-04 1.210962e+00
1.434000e-04 1.210958e+00
1.436000e-04 1.210954e+00
1.438000e-04 1.210950e+00
1.440000e-04 1.210946e+00
1.442000e-04 1.210942e+00
1.444000e-04 1.210937e+00
1.446000e-04 1.210933e+00
1.448000e-04 1.210929e+00
1.450000e-04 1.210925e+00
1.452000e-04 1.210921e+00
1.454000e-04 1.210917e+00
1.456000e-04 1.210913e+00
1.458000e-04 1.210909e+00
1.460000e-04 1.210905e+00
1.462000e-04 1.210901e+00
1.464000e-04 1.210896e+00
1.466000e-04 1.210892e+00
1.468000e-04 1.210888e+00
1.470000e-04 1.210884e+00
1.472000e-04 1.210880e+00
1.474000e-04 1.210876e+00
1.476000e-04 1.210872e+00
1.478000e-04 1.210868e+00
1.480000e-04 1.210864e+00
1.482000e-04 1.210860e+00
1.484000e-04 1.210855e+00
1.486000e-04 1.210851e+00
1.488000e-04 1.210847e+00
1.490000e-04 1.210843e+00
1.492000e-04 1.210839e+00
1.494000e-04 1.210835e+00
1.496000e-04 1.210831e+00
1.498000e-04 1.210827e+00
1.500000e-04 1.210823e+00
1.502000e-04 1.210819e+00
1.504000e-04 1.210814e+00
1.506000e-04 1.210810e+00
1.508000e-04 1.210806e+00
1.510000e-04 1.210802e+00
1.512000e-04 1.210798e+00
1.514000e-04 1.210794e+00
1.516000e-04 1.210790e+00
1.518000e-04 1.210786e+00
1.520000e-04 1.210782e+00
1.522000e-04 1.210777e+00
1.524000e-04 1.210773e+00
1.526000e-04 1.210769e+00
1.528000e-04 1.210765e+00
1.530000e-04 1.210761e+00
1.532000e-04 1.210757e+00
1.534000e-04 1.210753e+00
1.536000e-04 1.210749e+00
1.538000e-04 1.210745e+00
1.540000e-04 1.210741e+00
1.542000e-04 1.210736e+00
1.544000e-04 1.210732e+00
1.546000e-04 1.210728e+00
1.548000e-04 1.210724e+00
1.550000e-04 1.210720e+00
1.552000e-04 1.210716e+00
1.554000e-04 1.210712e+00
1.556000e-04 1.210708e+00
1.558000e-04 1.210704e+00
1.560000e-04 1.210699e+00
1.562000e-04 1.210695e+00
1.564000e-04 1.210691e+00
1.566000e-04 1.210687e+00
1.568000e-04 1.210683e+00
1.570000e-04 1.210679e+00
1.572000e-04 1.210675e+00
1.574000e-04 1.210671e+00
1.576000e-04 1.210667e+00
1.578000e-04 1.210662e+00
1.580000e-04 1.210658e+00
1.582000e-04 1.210654e+00
1.584000e-04 1.210650e+00
1.586000e-04 1.210646e+00
1.588000e-04 1.210642e+00
1.590000e-04 1.210638e+00
1.592000e-04 1.210634e+00
1.594000e-04 1.210630e+00
1.596000e-04 1.210625e+00
1.598000e-04 1.210621e+00
1.600000e-04 1.210617e+00
1.602000e-04 1.210613e+00
1.604000e-04 1.210609e+00
1.606000e-04 1.210605e+00
1.608000e-04 1.210601e+00
1.610000e-04 1.210597e+00
1.612000e-04 1.210592e+00
1.614000e-04 1.210588e+00
1.616000e-04 1.210584e+00
1.618000e-04 1.210580e+00
1.620000e-04 1.210576e+00
1.622000e-04 1.210572e+00
1.624000e-04 1.210568e+00
1.626000e-04 1.210564e+00
1.628000e-04 1.210560e+00
1.630000e-04 1.210555e+00
1.632000e-04 1.210551e+00
1.634000e-04 1.210547e+00
1.636000e-04 1.210543e+00
1.638000e-04 1.210539e+00
1.640000e-04 1.210535e+00
1.642000e-04 1.210531e+00
1.644000e-04 1.210527e+00
1.646000e-04 1.210522e+00
1.648000e-04 1.210518e+00
1.650000e-04 1.210514e+00
1.652000e-04 1.210510e+00
1.654000e-04 1.210506e+00
1.656000e-04 1.210502e+00
1.658000e-04 1.210498e+00
1.660000e-04 1.210494e+00
1.662000e-04 1.210490e+00
1.664000e-04 1.210485e+00
1.666000e-04 1.210481e+00
1.668000e-04 1.210477e+00
1.670000e-04 1.210473e+00
1.672000e-04 1.210469e+00
1.674000e-04 1.210465e+00
1.676000e-04 1.210461e+00
1.678000e-04 1.210457e+00
1.680000e-04 1.210452e+00
1.682000e-04 1.210448e+00
1.684000e-04 1.210444e+00
1.686000e-04 1.210440e+00
1.688000e-04 1.210436e+00
1.690000e-04 1.210432e+00
1.692000e-04 1.210428e+00
1.694000e-04 1.210424e+00
1.696000e-04 1.210419e+00
1.698000e-04 1.210415e+00
1.700000e-04 1.210411e+00
1.702000e-04 1.210407e+00
1.704000e-04 1.210403e+00
1.706000e-04 1.210399e+00
1.708000e-04 1.210395e+00
1.710000e-04 1.210391e+00
1.712000e-04 1.210386e+00
1.714000e-04 1.210382e+00
1.716000e-04 1.210378e+00
1.718000e-04 1.210374e+00
1.720000e-04 1.210370e+00
1.722000e-04 1.210366e+00
1.724000e-04 1.210362e+00
1.726000e-04 1.210357e+00
1.728000e-04 1.210353e+00
1.730000e-04 1.210349e+00
1.732000e-04 1.210345e+00
1.734000e-04 1.210341e+00
1.736000e-04 1.210337e+00
1.738000e-04 1.210333e+00
1.740000e-04 1.210329e+00
1.742000e-04 1.210324e+00
1.744000e-04 1.210320e+00
1.746000e-04 1.210316e+00
1.748000e-04 1.210312e+00
1.750000e-04 1.210308e+00
1.752000e-04 1.210304e+00
1.754000e-04 1.210300e+00
1.756000e-04 1.210296e+00
1.758000e-04 1.210291e+00
1.760000e-04 1.210287e+00
1.762000e-04 1.210283e+00
1.764000e-04 1.210279e+00
1.766000e-04 1.210275e+00
1.768000e-04 1.210271e+00
1.770000e-04 1.210267e+00
1.772000e-04 1.210262e+00
1.774000e-04 1.210258e+00
1.776000e-04 1.210254e+00
1.778000e-04 1.210250e+00
1.780000e-04 1.210246e+00
1.782000e-04 1.210242e+00
1.784000e-04 1.210238e+00
1.786000e-04 1.210233e+00
1.788000e-04 1.210229e+00
1.790000e-04 1.210225e+00
1.792000e-04 1.210221e+00
1.794000e-04 1.210217e+00
1.796000e-04 1.210213e+00
1.798000e-04 1.210209e+00
1.800000e-04 1.210205e+00
1.802000e-04 1.210200e+00
1.804000e-04 1.210196e+00
1.806000e-04 1.210192e+00
1.808000e-04 1.210188e+00
1.810000e-04 1.210184e+00
1.812000e-04 1.210180e+00
1.814000e-04 1.210176e+00
1.816000e-04 1.210171e+00
1.818000e-04 1.210167e+00
1.820000e-04 1.210163e+00
1.822000e-04 1.210159e+00
1.824000e-04 1.210155e+00
1.826000e-04 1.210151e+00
1.828000e-04 1.210147e+00
1.830000e-04 1.210142e+00
1.832000e-04 1.210138e+00
1.834000e-04 1.210134e+00
1.836000e-04 1.210130e+00
1.838000e-04 1.210126e+00
1.840000e-04 1.210122e+00
1.842000e-04 1.210118e+00
1.844000e-04 1.210113e+00
1.846000e-04 1.210109e+00
1.848000e-04 1.210105e+00
1.850000e-04 1.210101e+00
1.852000e-04 1.210097e+00
1.854000e-04 1.210093e+00
1.856000e-04 1.210089e+00
1.858000e-04 1.210084e+00
1.860000e-04 1.210080e+00
1.862000e-04 1.210076e+00
1.864000e-04 1.210072e+00
1.866000e-04 1.210068e+00
1.868000e-04 1.210064e+00
1.870000e-04 1.210060e+00
1.872000e-04 1.210055e+00
1.874000e-04 1.210051e+00
1.876000e-04 1.210047e+00
1.878000e-04 1.210043e+00
1.880000e-04 1.210039e+00
1.882000e-04 1.210035e+00
1.884000e-04 1.210030e+00
1.886000e-04 1.210026e+00
1.888000e-04 1.210022e+00
1.890000e-04 1.210018e+00
1.892000e-04 1.210014e+00
1.894000e-04 1.210010e+00
1.896000e-04 1.210006e+00
1.898000e-04 1.210001e+00
1.900000e-04 1.209997e+00
1.902000e-04 1.209993e+00
1.904000e-04 1.209989e+00
1.906000e-04 1.209985e+00
1.908000e-04 1.209981e+00
1.910000e-04 1.209977e+00
1.912000e-04 1.209972e+00
1.914000e-04 1.209968e+00
1.916000e-04 1.209964e+00
1.918000e-04 1.209960e+00
1.920000e-04 1.209956e+00
1.922000e-04 1.209952e+00
1.924000e-04 1.209947e+00
1.926000e-04 1.209943e+00
1.928000e-04 1.209939e+00
1.930000e-04 1.209935e+00
1.932000e-04 1.209931e+00
1.934000e-04 1.209927e+00
1.936000e-04 1.209923e+00
1.938000e-04 1.209918e+00
1.940000e-04 1.209914e+00
1.942000e-04 1.209910e+00
1.944000e-04 1.209906e+00
1.946000e-04 1.209902e+00
1.948000e-04 1.209898e+00
1.950000e-04 1.209893e+00
1.952000e-04 1.209889e+00
1.954000e-04 1.209885e+00
1.956000e-04 1.209881e+00
1.958000e-04 1.209877e+00
1.960000e-04 1.209873e+00
1.962000e-04 1.209869e+00
1.964000e-04 1.209864e+00
1.966000e-04 1.209860e+00
1.968000e-04 1.209856e+00
1.970000e-04 1.209852e+00
1.972000e-04 1.209848e+00
1.974000e-04 1.209844e+00
1.976000e-04 1.209839e+00
1.978000e-04 1.209835e+00
1.980000e-04 1.209831e+00
1.982000e-04 1.209827e+00
1.984000e-04 1.209823e+00
1.986000e-04 1.209819e+00
1.988000e-04 1.209814e+00
1.990000e-04 1.209810e+00
1.992000e-04 1.209806e+00
1.994000e-04 1.209802e+00
1.996000e-04 1.209798e+00
1.998000e-04 1.209794e+00
2.000000e-04 1.209789e+00
2.002000e-04 1.209785e+00
2.004000e-04 1.209781e+00
2.006000e-04 1.209777e+00
2.008000e-04 1.209773e+00
2.010000e-04 1.209769e+00
2.012000e-04 1.209765e+00
2.014000e-04 1.209760e+00
2.016000e-04 1.209756e+00
2.018000e-04 1.209752e+00
2.020000e-04 1.209748e+00
2.022000e-04 1.209744e+00
2.024000e-04 1.209740e+00
2.026000e-04 1.209735e+00
2.028000e-04 1.209731e+00
2.030000e-04 1.209727e+00
2.032000e-04 1.209723e+00
2.034000e-04 1.209719e+00
2.036000e-04 1.209715e+00
2.038000e-04 1.209710e+00
2.040000e-04 1.209706e+00
2.042000e-04 1.209702e+00
2.044000e-04 1.209698e+00
2.046000e-04 1.209694e+00
2.048000e-04 1.209690e+00
2.050000e-04 1.209685e+00
2.052000e-04 1.209681e+00
2.054000e-04 1.209677e+00
2.056000e-04 1.209673e+00
2.058000e-04 1.209669e+00
2.060000e-04 1.209665e+00
2.062000e-04 1.209660e+00
2.064000e-04 1.209656e+00
2.066000e-04 1.209652e+00
2.068000e-04 1.209648e+00
2.070000e-04 1.209644e+00
2.072000e-04 1.209639e+00
2.074000e-04 1.209635e+00
2.076000e-04 1.209631e+00
2.078000e-04 1.209627e+00
2.080000e-04 1.209623e+00
2.082000e-04 1.209619e+00
2.084000e-04 1.209614e+00
2.086000e-04 1.209610e+00
2.088000e-04 1.209606e+00
2.090000e-04 1.209602e+00
2.092000e-04 1.209598e+00
2.094000e-04 1.209594e+00
2.096000e-04 1.209589e+00
2.098000e-04 1.209585e+00
2.100000e-04 1.209581e+00
2.102000e-04 1.209577e+00
2.104000e-04 1.209573e+00
2.106000e-04 1.209569e+00
2.108000e-04 1.209564e+00
2.110000e-04 1.209560e+00
2.112000e-04 1.209556e+00
2.114000e-04 1.209552e+00
2.116000e-04 1.209548e+00
2.118000e-04 1.209543e+00
2.120000e-04 1.209539e+00
2.122000e-04 1.209535e+00
2.124000e-04 1.209531e+00
2.126000e-04 1.209527e+00
2.128000e-04 1.209523e+00
2.130000e-04 1.209518e+00
2.132000e-04 1.209514e+00
2.134000e-04 1.209510e+00
2.136000e-04 1.209506e+00
2.138000e-04 1.209502e+00
2.140000e-04 1.209498e+00
2.142000e-04 1.209493e+00
2.144000e-04 1.209489e+00
2.146000e-04 1.209485e+00
2.148000e-04 1.209481e+00
2.150000e-04 1.209477e+00
2.152000e-04 1.209472e+00
2.154000e-04 1.209468e+00
2.156000e-04 1.209464e+00
2.158000e-04 1.209460e+00
2.160000e-04 1.209456e+00
2.162000e-04 1.209452e+00
2.164000e-04 1.209447e+00
2.166000e-04 1.209443e+00
2.168000e-04 1.209439e+00
2.170000e-04 1.209435e+00
2.172000e-04 1.209431e+00
2.174000e-04 1.209426e+00
2.176000e-04 1.209422e+00
2.178000e-04 1.209418e+00
2.180000e-04 1.209414e+00
2.182000e-04 1.209410e+00
2.184000e-04 1.209406e+00
2.186000e-04 1.209401e+00
2.188000e-04 1.209397e+00
2.190000e-04 1.209393e+00
2.192000e-04 1.209389e+00
2.194000e-04 1.209385e+00
2.196000e-04 1.209380e+00
2.198000e-04 1.209376e+00
2.200000e-04 1.209372e+00
2.202000e-04 1.209368e+00
2.204000e-04 1.209364e+00
2.206000e-04 1.209359e+00
2.208000e-04 1.209355e+00
2.210000e-04 1.209351e+00
2.212000e-04 1.209347e+00
2.214000e-04 1.209343e+00
2.216000e-04 1.209339e+00
2.218000e-04 1.209334e+00
2.220000e-04 1.209330e+00
2.222000e-04 1.209326e+00
2.224000e-04 1.209322e+00
2.226000e-04 1.209318e+00
2.228000e-04 1.209313e+00
2.230000e-04 1.209309e+00
2.232000e-04 1.209305e+00
2.234000e-04 1.209301e+00
2.236000e-04 1.209297e+00
2.238000e-04 1.209292e+00
2.240000e-04 1.209288e+00
2.242000e-04 1.209284e+00
2.244000e-04 1.209280e+00
2.246000e-04 1.209276e+00
2.248000e-04 1.209271e+00
2.250000e-04 1.209267e+00
2.252000e-04 1.209263e+00
2.254000e-04 1.209259e+00
2.256000e-04 1.209255e+00
2.258000e-04 1.209251e+00
2.260000e-04 1.209246e+00
2.262000e-04 1.209242e+00
2.264000e-04 1.209238e+00
2.266000e-04 1.209234e+00
2.268000e-04 1.209230e+00
2.270000e-04 1.209225e+00
2.272000e-04 1.209221e+00
2.274000e-04 1.209217e+00
2.276000e-04 1.209213e+00
2.278000e-04 1.209209e+00
2.280000e-04 1.209204e+00
2.282000e-04 1.209200e+00
2.284000e-04 1.209196e+00
2.286000e-04 1.209192e+00
2.288000e-04 1.209188e+00
2.290000e-04 1.209183e+00
2.292000e-04 1.209179e+00
2.294000e-04 1.209175e+00
2.296000e-04 1.209171e+00
2.298000e-04 1.209167e+00
2.300000e-04 1.209162e+00
2.302000e-04 1.209158e+00
2.304000e-04 1.209154e+00
2.306000e-04 1.209150e+00
2.308000e-04 1.209146e+00
2.310000e-04 1.209141e+00
2.312000e-04 1.209137e+00
2.314000e-04 1.209133e+00
2.316000e-04 1.209129e+00
2.318000e-04 1.209125e+00
2.320000e-04 1.209120e+00
2.322000e-04 1.209116e+00
2.324000e-04 1.209112e+00
2.326000e-04 1.209108e+00
2.328000e-04 1.209104e+00
2.330000e-04 1.209099e+00
2.332000e-04 1.209095e+00
2.334000e-04 1.209091e+00
2.336000e-04 1.209087e+00
2.338000e-04 1.209083e+00
2.340000e-04 1.209078e+00
2.342000e-04 1.209074e+00
2.344000e-04 1.209070e+00
2.346000e-04 1.209066e+00
2.348000e-04 1.209062e+00
2.350000e-04 1.209057e+00
2.352000e-04 1.209053e+00
2.354000e-04 1.209049e+00
2.356000e-04 1.209045e+00
2.358000e-04 1.209041e+00
2.360000e-04 1.209036e+00
2.362000e-04 1.209032e+00
2.364000e-04 1.209028e+00
2.366000e-04 1.209024e+00
2.368000e-04 1.209019e+00
2.370000e-04 1.209015e+00
2.372000e-04 1.209011e+00
2.374000e-04 1.209007e+00
2.376000e-04 1.209003e+00
2.378000e-04 1.208998e+00
2.380000e-04 1.208994e+00
2.382000e-04 1.208990e+00
2.384000e-04 1.208986e+00
2.386000e-04 1.208982e+00
2.388000e-04 1.208977e+00
2.390000e-04 1.208973e+00
2.392000e-04 1.208969e+00
2.394000e-04 1.208965e+00
2.396000e-04 1.208961e+00
2.398000e-04 1.208956e+00
2.400000e-04 1.208952e+00
2.402000e-04 1.208948e+00
2.404000e-04 1.208944e+00
2.406000e-04 1.208940e+00
2.408000e-04 1.208935e+00
2.410000e-04 1.208931e+00
2.412000e-04 1.208927e+00
2.414000e-04 1.208923e+00
2.416000e-04 1.208918e+00
2.418000e-04 1.208914e+00
2.420000e-04 1.208910e+00
2.422000e-04 1.208906e+00
2.424000e-04 1.208902e+00
2.426000e-04 1.208897e+00
2.428000e-04 1.208893e+00
2.430000e-04 1.208889e+00
2.432000e-04 1.208885e+00
2.434000e-04 1.208881e+00
2.436000e-04 1.208876e+00
2.438000e-04 1.208872e+00
2.440000e-04 1.208868e+00
2.442000e-04 1.208864e+00
2.444000e-04 1.208859e+00
2.446000e-04 1.208855e+00
2.448000e-04 1.208851e+00
2.450000e-04 1.208847e+00
2.452000e-04 1.208843e+00
2.454000e-04 1.208838e+00
2.456000e-04 1.208834e+00
2.458000e-04 1.208830e+00
2.460000e-04 1.208826e+00
2.462000e-04 1.208821e+00
2.464000e-04 1.208817e+00
2.466000e-04 1.208813e+00
2.468000e-04 1.208809e+00
2.470000e-04 1.208805e+00
2.472000e-04 1.208800e+00
2.474000e-04 1.208796e+00
2.476000e-04 1.208792e+00
2.478000e-04 1.208788e+00
2.480000e-04 1.208783e+00
2.482000e-04 1.208779e+00
2.484000e-04 1.208775e+00
2.486000e-04 1.208771e+00
2.488000e-04 1.208767e+00
2.490000e-04 1.208762e+00
2.492000e-04 1.208758e+00
2.494000e-04 1.208754e+00
2.496000e-04 1.208750e+00
2.498000e-04 1.208745e+00
2.500000e-04 1.208741e+00
2.502000e-04 1.208737e+00
2.504000e-04 1.208733e+00
2.506000e-04 1.208729e+00
2.508000e-04 1.208724e+00
2.510000e-04 1.208720e+00
2.512000e-04 1.208716e+00
2.514000e-04 1.208712e+00
2.516000e-04 1.208707e+00
2.518000e-04 1.208703e+00
2.520000e-04 1.208699e+00
2.522000e-04 1.208695e+00
2.524000e-04 1.208691e+00
2.526000e-04 1.208686e+00
2.528000e-04 1.208682e+00
2.530000e-04 1.208678e+00
2.532000e-04 1.208674e+00
2.534000e-04 1.208669e+00
2.536000e-04 1.208665e+00
2.538000e-04 1.208661e+00
2.540000e-04 1.208657e+00
2.542000e-04 1.208653e+00
2.544000e-04 1.208648e+00
2.546000e-04 1.208644e+00
2.548000e-04 1.208640e+00
2.550000e-04 1.208636e+00
2.552000e-04 1.208631e+00
2.554000e-04 1.208627e+00
2.556000e-04 1.208623e+00
2.558000e-04 1.208619e+00
2.560000e-04 1.208614e+00
2.562000e-04 1.208610e+00
2.564000e-04 1.208606e+00
2.566000e-04 1.208602e+00
2.568000e-04 1.208598e+00
2.570000e-04 1.208593e+00
2.572000e-04 1.208589e+00
2.574000e-04 1.208585e+00
2.576000e-04 1.208581e+00
2.578000e-04 1.208576e+00
2.580000e-04 1.208572e+00
2.582000e-04 1.208568e+00
2.584000e-04 1.208564e+00
2.586000e-04 1.208559e+00
2.588000e-04 1.208555e+00
2.590000e-04 1.208551e+00
2.592000e-04 1.208547e+00
2.594000e-04 1.208542e+00
2.596000e-04 1.208538e+00
2.598000e-04 1.208534e+00
2.600000e-04 1.208530e+00
2.602000e-04 1.208526e+00
2.604000e-04 1.208521e+00
2.606000e-04 1.208517e+00
2.608000e-04 1.208513e+00
2.610000e-04 1.208509e+00
2.612000e-04 1.208504e+00
2.614000e-04 1.208500e+00
2.616000e-04 1.208496e+00
2.618000e-04 1.208492e+00
2.620000e-04 1.208487e+00
2.622000e-04 1.208483e+00
2.624000e-04 1.208479e+00
2.626000e-04 1.208475e+00
2.628000e-04 1.208470e+00
2.630000e-04 1.208466e+00
2.632000e-04 1.208462e+00
2.634000e-04 1.208458e+00
2.636000e-04 1.208453e+00
2.638000e-04 1.208449e+00
2.640000e-04 1.208445e+00
2.642000e-04 1.208441e+00
2.644000e-04 1.208437e+00
2.646000e-04 1.208432e+00
2.648000e-04 1.208428e+00
2.650000e-04 1.208424e+00
2.652000e-04 1.208420e+00
2.654000e-04 1.208415e+00
2.656000e-04 1.208411e+00
2.658000e-04 1.208407e+00
2.660000e-04 1.208403e+00
2.662000e-04 1.208398e+00
2.664000e-04 1.208394e+00
2.666000e-04 1.208390e+00
2.668000e-04 1.208386e+00
2.670000e-04 1.208381e+00
2.672000e-04 1.208377e+00
2.674000e-04 1.208373e+00
2.676000e-04 1.208369e+00
2.678000e-04 1.208364e+00
2.680000e-04 1.208360e+00
2.682000e-04 1.208356e+00
2.684000e-04 1.208352e+00
2.686000e-04 1.208347e+00
2.688000e-04 1.208343e+00
2.690000e-04 1.208339e+00
2.692000e-04 1.208335e+00
2.694000e-04 1.208330e+00
2.696000e-04 1.208326e+00
2.698000e-04 1.208322e+00
2.700000e-04 1.208318e+00
2.702000e-04 1.208313e+00
2.704000e-04 1.208309e+00
2.706000e-04 1.208305e+00
2.708000e-04 1.208301e+00
2.710000e-04 1.208296e+00
2.712000e-04 1.208292e+00
2.714000e-04 1.208288e+00
2.716000e-04 1.208284e+00
2.718000e-04 1.208279e+00
2.720000e-04 1.208275e+00
2.722000e-04 1.208271e+00
2.724000e-04 1.208267e+00
2.726000e-04 1.208262e+00
2.728000e-04 1.208258e+00
2.730000e-04 1.208254e+00
2.732000e-04 1.208250e+00
2.734000e-04 1.208245e+00
2.736000e-04 1.208241e+00
2.738000e-04 1.208237e+00
2.740000e-04 1.208233e+00
2.742000e-04 1.208228e+00
2.744000e-04 1.208224e+00
2.746000e-04 1.208220e+00
2.748000e-04 1.208216e+00
2.750000e-04 1.208211e+00
2.752000e-04 1.208207e+00
2.754000e-04 1.208203e+00
2.756000e-04 1.208199e+00
2.758000e-04 1.208194e+00
2.760000e-04 1.208190e+00
2.762000e-04 1.208186e+00
2.764000e-04 1.208182e+00
2.766000e-04 1.208177e+00
2.768000e-04 1.208173e+00
2.770000e-04 1.208169e+00
2.772000e-04 1.208165e+00
2.774000e-04 1.208160e+00
2.776000e-04 1.208156e+00
2.778000e-04 1.208152e+00
2.780000e-04 1.208147e+00
2.782000e-04 1.208143e+00
2.784000e-04 1.208139e+00
2.786000e-04 1.208135e+00
2.788000e-04 1.208130e+00
2.790000e-04 1.208126e+00
2.792000e-04 1.208122e+00
2.794000e-04 1.208118e+00
2.796000e-04 1.208113e+00
2.798000e-04 1.208109e+00
2.800000e-04 1.208105e+00
2.802000e-04 1.208101e+00
2.804000e-04 1.208096e+00
2.806000e-04 1.208092e+00
2.808000e-04 1.208088e+00
2.810000e-04 1.208084e+00
2.812000e-04 1.208079e+00
2.814000e-04 1.208075e+00
2.816000e-04 1.208071e+00
2.818000e-04 1.208067e+00
2.820000e-04 1.208062e+00
2.822000e-04 1.208058e+00
2.824000e-04 1.208054e+00
2.826000e-04 1.208049e+00
2.828000e-04 1.208045e+00
2.830000e-04 1.208041e+00
2.832000e-04 1.208037e+00
2.834000e-04 1.208032e+00
2.836000e-04 1.208028e+00
2.838000e-04 1.208024e+00
2.840000e-04 1.208020e+00
2.842000e-04 1.208015e+00
2.844000e-04 1.208011e+00
2.846000e-04 1.208007e+00
2.848000e-04 1.208003e+00
2.850000e-04 1.207998e+00
2.852000e-04 1.207994e+00
2.854000e-04 1.207990e+00
2.856000e-04 1.207985e+00
2.858000e-04 1.207981e+00
2.860000e-04 1.207977e+00
2.862000e-04 1.207973e+00
2.864000e-04 1.207968e+00
2.866000e-04 1.207964e+00
2.868000e-04 1.207960e+00
2.870000e-04 1.207956e+00
2.872000e-04 1.207951e+00
2.874000e-04 1.207947e+00
2.876000e-04 1.207943e+00
2.878000e-04 1.207938e+00
2.880000e-04 1.207934e+00
2.882000e-04 1.207930e+00
2.884000e-04 1.207926e+00
2.886000e-04 1.207921e+00
2.888000e-04 1.207917e+00
2.890000e-04 1.207913e+00
2.892000e-04 1.207909e+00
2.894000e-04 1.207904e+00
2.896000e-04 1.207900e+00
2.898000e-04 1.207896e+00
2.900000e-04 1.207891e+00
2.902000e-04 1.207887e+00
2.904000e-04 1.207883e+00
2.906000e-04 1.207879e+00
2.908000e-04 1.207874e+00
2.910000e-04 1.207870e+00
2.912000e-04 1.207866e+00
2.914000e-04 1.207862e+00
2.916000e-04 1.207857e+00
2.918000e-04 1.207853e+00
2.920000e-04 1.207849e+00
2.922000e-04 1.207844e+00
2.924000e-04 1.207840e+00
2.926000e-04 1.207836e+00
2.928000e-04 1.207832e+00
2.930000e-04 1.207827e+00
2.932000e-04 1.207823e+00
2.934000e-04 1.207819e+00
2.936000e-04 1.207814e+00
2.938000e-04 1.207810e+00
2.940000e-04 1.207806e+00
2.942000e-04 1.207802e+00
2.944000e-04 1.207797e+00
2.946000e-04 1.207793e+00
2.948000e-04 1.207789e+00
2.950000e-04 1.207785e+00
2.952000e-04 1.207780e+00
2.954000e-04 1.207776e+00
2.956000e-04 1.207772e+00
2.958000e-04 1.207767e+00
2.960000e-04 1.207763e+00
2.962000e-04 1.207759e+00
2.964000e-04 1.207755e+00
2.966000e-04 1.207750e+00
2.968000e-04 1.207746e+00
2.970000e-04 1.207742e+00
2.972000e-04 1.207737e+00
2.974000e-04 1.207733e+00
2.976000e-04 1.207729e+00
2.978000e-04 1.207725e+00
2.980000e-04 1.207720e+00
2.982000e-04 1.207716e+00
2.984000e-04 1.207712e+00
2.986000e-04 1.207707e+00
2.988000e-04 1.207703e+00
2.990000e-04 1.207699e+00
2.992000e-04 1.207695e+00
2.994000e-04 1.207690e+00
2.996000e-04 1.207686e+00
2.998000e-04 1.207682e+00
3.000000e-04 1.207677e+00
3.002000e-04 1.207673e+00
3.004000e-04 1.207669e+00
3.006000e-04 1.207665e+00
3.008000e-04 1.207660e+00
3.010000e-04 1.207656e+00
3.012000e-04 1.207652e+00
3.014000e-04 1.207647e+00
3.016000e-04 1.207643e+00
3.018000e-04 1.207639e+00
3.020000e-04 1.207635e+00
3.022000e-04 1.207630e+00
3.024000e-04 1.207626e+00
3.026000e-04 1.207622e+00
3.028000e-04 1.207617e+00
3.030000e-04 1.207613e+00
3.032000e-04 1.207609e+00
3.034000e-04 1.207604e+00
3.036000e-04 1.207600e+00
3.038000e-04 1.207596e+00
3.040000e-04 1.207592e+00
3.042000e-04 1.207587e+00
3.044000e-04 1.207583e+00
3.046000e-04 1.207579e+00
3.048000e-04 1.207574e+00
3.050000e-04 1.207570e+00
3.052000e-04 1.207566e+00
3.054000e-04 1.207562e+00
3.056000e-04 1.207557e+00
3.058000e-04 1.207553e+00
3.060000e-04 1.207549e+00
3.062000e-04 1.207544e+00
3.064000e-04 1.207540e+00
3.066000e-04 1.207536e+00
3.068000e-04 1.207531e+00
3.070000e-04 1.207527e+00
3.072000e-04 1.207523e+00
3.074000e-04 1.207519e+00
3.076000e-04 1.207514e+00
3.078000e-04 1.207510e+00
3.080000e-04 1.207506e+00
3.082000e-04 1.207501e+00
3.084000e-04 1.207497e+00
3.086000e-04 1.207493e+00
3.088000e-04 1.207489e+00
3.090000e-04 1.207484e+00
3.092000e-04 1.207480e+00
3.094000e-04 1.207476e+00
3.096000e-04 1.207471e+00
3.098000e-04 1.207467e+00
3.100000e-04 1.207463e+00
3.102000e-04 1.207458e+00
3.104000e-04 1.207454e+00
3.106000e-04 1.207450e+00
3.108000e-04 1.207446e+00
3.110000e-04 1.207441e+00
3.112000e-04 1.207437e+00
3.114000e-04 1.207433e+00
3.116000e-04 1.207428e+00
3.118000e-04 1.207424e+00
3.120000e-04 1.207420e+00
3.122000e-04 1.207415e+00
3.124000e-04 1.207411e+00
3.126000e-04 1.207407e+00
3.128000e-04 1.207402e+00
3.130000e-04 1.207398e+00
3.132000e-04 1.207394e+00
3.134000e-04 1.207390e+00
3.136000e-04 1.207385e+00
3.138000e-04 1.207381e+00
3.140000e-04 1.207377e+00
3.142000e-04 1.207372e+00
3.144000e-04 1.207368e+00
3.146000e-04 1.207364e+00
3.148000e-04 1.207359e+00
3.150000e-04 1.207355e+00
3.152000e-04 1.207351e+00
3.154000e-04 1.207346e+00
3.156000e-04 1.207342e+00
3.158000e-04 1.207338e+00
3.160000e-04 1.207334e+00
3.162000e-04 1.207329e+00
3.164000e-04 1.207325e+00
3.166000e-04 1.207321e+00
3.168000e-04 1.207316e+00
3.170000e-04 1.207312e+00
3.172000e-04 1.207308e+00
3.174000e-04 1.207303e+00
3.176000e-04 1.207299e+00
3.178000e-04 1.207295e+00
3.180000e-04 1.207290e+00
3.182000e-04 1.207286e+00
3.184000e-04 1.207282e+00
3.186000e-04 1.207278e+00
3.188000e-04 1.207273e+00
3.190000e-04 1.207269e+00
3.192000e-04 1.207265e+00
3.194000e-04 1.207260e+00
3.196000e-04 1.207256e+00
3.198000e-04 1.207252e+00
3.200000e-04 1.207247e+00
3.202000e-04 1.207243e+00
3.204000e-04 1.207239e+00
3.206000e-04 1.207234e+00
3.208000e-04 1.207230e+00
3.210000e-04 1.207226e+00
3.212000e-04 1.207221e+00
3.214000e-04 1.207217e+00
3.216000e-04 1.207213e+00
3.218000e-04 1.207209e+00
3.220000e-04 1.207204e+00
3.222000e-04 1.207200e+00
3.224000e-04 1.207196e+00
3.226000e-04 1.207191e+00
3.228000e-04 1.207187e+00
3.230000e-04 1.207183e+00
3.232000e-04 1.207178e+00
3.234000e-04 1.207174e+00
3.236000e-04 1.207170e+00
3.238000e-04 1.207165e+00
3.240000e-04 1.207161e+00
3.242000e-04 1.207157e+00
3.244000e-04 1.207152e+00
3.246000e-04 1.207148e+00
3.248000e-04 1.207144e+00
3.250000e-04 1.207139e+00
3.252000e-04 1.207135e+00
3.254000e-04 1.207131e+00
3.256000e-04 1.207126e+00
3.258000e-04 1.207122e+00
3.260000e-04 1.207118e+00
3.262000e-04 1.207113e+00
3.264000e-04 1.207109e+00
3.266000e-04 1.207105e+00
3.268000e-04 1.207101e+00
3.270000e-04 1.207096e+00
3.272000e-04 1.207092e+00
3.274000e-04 1.207088e+00
3.276000e-04 1.207083e+00
3.278000e-04 1.207079e+00
3.280000e-04 1.207075e+00
3.282000e-04 1.207070e+00
3.284000e-04 1.207066e+00
3.286000e-04 1.207062e+00
3.288000e-04 1.207057e+00
3.290000e-04 1.207053e+00
3.292000e-04 1.207049e+00
3.294000e-04 1.207044e+00
3.296000e-04 1.207040e+00
3.298000e-04 1.207036e+00
3.300000e-04 1.207031e+00
3.302000e-04 1.207027e+00
3.304000e-04 1.207023e+00
3.306000e-04 1.207018e+00
3.308000e-04 1.207014e+00
3.310000e-04 1.207010e+00
3.312000e-04 1.207005e+00
3.314000e-04 1.207001e+00
3.316000e-04 1.206997e+00
3.318000e-04 1.206992e+00
3.320000e-04 1.206988e+00
3.322000e-04 1.206984e+00
3.324000e-04 1.206979e+00
3.326000e-04 1.206975e+00
3.328000e-04 1.206971e+00
3.330000e-04 1.206966e+00
3.332000e-04 1.206962e+00
3.334000e-04 1.206958e+00
3.336000e-04 1.206953e+00
3.338000e-04 1.206949e+00
3.340000e-04 1.206945e+00
3.342000e-04 1.206940e+00
3.344000e-04 1.206936e+00
3.346000e-04 1.206932e+00
3.348000e-04 1.206927e+00
3.350000e-04 1.206923e+00
3.352000e-04 1.206919e+00
3.354000e-04 1.206914e+00
3.356000e-04 1.206910e+00
3.358000e-04 1.206906e+00
3.360000e-04 1.206901e+00
3.362000e-04 1.206897e+00
3.364000e-04 1.206893e+00
3.366000e-04 1.206888e+00
3.368000e-04 1.206884e+00
3.370000e-04 1.206880e+00
3.372000e-04 1.206875e+00
3.374000e-04 1.206871e+00
3.376000e-04 1.206867e+00
3.378000e-04 1.206862e+00
3.380000e-04 1.206858e+00
3.382000e-04 1.206854e+00
3.384000e-04 1.206849e+00
3.386000e-04 1.206845e+00
3.388000e-04 1.206841e+00
3.390000e-04 1.206836e+00
3.392000e-04 1.206832e+00
3.394000e-04 1.206828e+00
3.396000e-04 1.206823e+00
3.398000e-04 1.206819e+00
3.400000e-04 1.206815e+00
3.402000e-04 1.206810e+00
3.404000e-04 1.206806e+00
3.406000e-04 1.206802e+00
3.408000e-04 1.206797e+00
3.410000e-04 1.206793e+00
3.412000e-04 1.206789e+00
3.414000e-04 1.206784e+00
3.416000e-04 1.206780e+00
3.418000e-04 1.206776e+00
3.420000e-04 1.206771e+00
3.422000e-04 1.206767e+00
3.424000e-04 1.206763e+00
3.426000e-04 1.206758e+00
3.428000e-04 1.206754e+00
3.430000e-04 1.206749e+00
3.432000e-04 1.206745e+00
3.434000e-04 1.206741e+00
3.436000e-04 1.206736e+00
3.438000e-04 1.206732e+00
3.440000e-04 1.206728e+00
3.442000e-04 1.206723e+00
3.444000e-04 1.206719e+00
3.446000e-04 1.206715e+00
3.448000e-04 1.206710e+00
3.450000e-04 1.206706e+00
3.452000e-04 1.206702e+00
3.454000e-04 1.206697e+00
3.456000e-04 1.206693e+00
3.458000e-04 1.206689e+00
3.460000e-04 1.206684e+00
3.462000e-04 1.206680e+00
3.464000e-04 1.206676e+00
3.466000e-04 1.206671e+00
3.468000e-04 1.206667e+00
3.470000e-04 1.206663e+00
3.472000e-04 1.206658e+00
3.474000e-04 1.206654e+00
3.476000e-04 1.206649e+00
3.478000e-04 1.206645e+00
3.480000e-04 1.206641e+00
3.482000e-04 1.206636e+00
3.484000e-04 1.206632e+00
3.486000e-04 1.206628e+00
3.488000e-04 1.206623e+00
3.490000e-04 1.206619e+00
3.492000e-04 1.206615e+00
3.494000e-04 1.206610e+00
3.496000e-04 1.206606e+00
3.498000e-04 1.206602e+00
3.500000e-04 1.206597e+00
3.502000e-04 1.206593e+00
3.504000e-04 1.206589e+00
3.506000e-04 1.206584e+00
3.508000e-04 1.206580e+00
3.510000e-04 1.206575e+00
3.512000e-04 1.206571e+00
3.514000e-04 1.206567e+00
3.516000e-04 1.206562e+00
3.518000e-04 1.206558e+00
3.520000e-04 1.206554e+00
3.522000e-04 1.206549e+00
3.524000e-04 1.206545e+00
3.526000e-04 1.206541e+00
3.528000e-04 1.206536e+00
3.530000e-04 1.206532e+00
3.532000e-04 1.206528e+00
3.534000e-04 1.206523e+00
3.536000e-04 1.206519e+00
3.538000e-04 1.206514e+00
3.540000e-04 1.206510e+00
3.542000e-04 1.206506e+00
3.544000e-04 1.206501e+00
3.546000e-04 1.206497e+00
3.548000e-04 1.206493e+00
3.550000e-04 1.206488e+00
3.552000e-04 1.206484e+00
3.554000e-04 1.206480e+00
3.556000e-04 1.206475e+00
3.558000e-04 1.206471e+00
3.560000e-04 1.206467e+00
3.562000e-04 1.206462e+00
3.564000e-04 1.206458e+00
3.566000e-04 1.206453e+00
3.568000e-04 1.206449e+00
3.570000e-04 1.206445e+00
3.572000e-04 1.206440e+00
3.574000e-04 1.206436e+00
3.576000e-04 1.206432e+00
3.578000e-04 1.206427e+00
3.580000e-04 1.206423e+00
3.582000e-04 1.206419e+00
3.584000e-04 1.206414e+00
3.586000e-04 1.206410e+00
3.588000e-04 1.206405e+00
3.590000e-04 1.206401e+00
3.592000e-04 1.206397e+00
3.594000e-04 1.206392e+00
3.596000e-04 1.206388e+00
3.598000e-04 1.206384e+00
3.600000e-04 1.206379e+00
3.602000e-04 1.206375e+00
3.604000e-04 1.206370e+00
3.606000e-04 1.206366e+00
3.608000e-04 1.206362e+00
3.610000e-04 1.206357e+00
3.612000e-04 1.206353e+00
3.614000e-04 1.206349e+00
3.616000e-04 1.206344e+00
3.618000e-04 1.206340e+00
3.620000e-04 1.206336e+00
3.622000e-04 1.206331e+00
3.624000e-04 1.206327e+00
3.626000e-04 1.206322e+00
3.628000e-04 1.206318e+00
3.630000e-04 1.206314e+00
3.632000e-04 1.206309e+00
3.634000e-04 1.206305e+00
3.636000e-04 1.206301e+00
3.638000e-04 1.206296e+00
3.640000e-04 1.206292e+00
3.642000e-04 1.206287e+00
3.644000e-04 1.206283e+00
3.646000e-04 1.206279e+00
3.648000e-04 1.206274e+00
3.650000e-04 1.206270e+00
3.652000e-04 1.206266e+00
3.654000e-04 1.206261e+00
3.656000e-04 1.206257e+00
3.658000e-04 1.206252e+00
3.660000e-04 1.206248e+00
3.662000e-04 1.206244e+00
3.664000e-04 1.206239e+00
3.666000e-04 1.206235e+00
3.668000e-04 1.206231e+00
3.670000e-04 1.206226e+00
3.672000e-04 1.206222e+00
3.674000e-04 1.206217e+00
3.676000e-04 1.206213e+00
3.678000e-04 1.206209e+00
3.680000e-04 1.206204e+00
3.682000e-04 1.206200e+00
3.684000e-04 1.206196e+00
3.686000e-04 1.206191e+00
3.688000e-04 1.206187e+00
3.690000e-04 1.206182e+00
3.692000e-04 1.206178e+00
3.694000e-04 1.206174e+00
3.696000e-04 1.206169e+00
3.698000e-04 1.206165e+00
3.700000e-04 1.206160e+00
3.702000e-04 1.206156e+00
3.704000e-04 1.206152e+00
3.706000e-04 1.206147e+00
3.708000e-04 1.206143e+00
3.710000e-04 1.206139e+00
3.712000e-04 1.206134e+00
3.714000e-04 1.206130e+00
3.716000e-04 1.206125e+00
3.718000e-04 1.206121e+00
3.720000e-04 1.206117e+00
3.722000e-04 1.206112e+00
3.724000e-04 1.206108e+00
3.726000e-04 1.206104e+00
3.728000e-04 1.206099e+00
3.730000e-04 1.206095e+00
3.732000e-04 1.206090e+00
3.734000e-04 1.206086e+00
3.736000e-04 1.206082e+00
3.738000e-04 1.206077e+00
3.740000e-04 1.206073e+00
3.742000e-04 1.206068e+00
3.744000e-04 1.206064e+00
3.746000e-04 1.206060e+00
3.748000e-04 1.206055e+00
3.750000e-04 1.206051e+00
3.752000e-04 1.206046e+00
3.754000e-04 1.206042e+00
3.756000e-04 1.206038e+00
3.758000e-04 1.206033e+00
3.760000e-04 1.206029e+00
3.762000e-04 1.206025e+00
3.764000e-04 1.206020e+00
3.766000e-04 1.206016e+00
3.768000e-04 1.206011e+00
3.770000e-04 1.206007e+00
3.772000e-04 1.206003e+00
3.774000e-04 1.205998e+00
3.776000e-04 1.205994e+00
3.778000e-04 1.205989e+00
3.780000e-04 1.205985e+00
3.782000e-04 1.205981e+00
3.784000e-04 1.205976e+00
3.786000e-04 1.205972e+00
3.788000e-04 1.205967e+00
3.790000e-04 1.205963e+00
3.792000e-04 1.205959e+00
3.794000e-04 1.205954e+00
3.796000e-04 1.205950e+00
3.798000e-04 1.205945e+00
3.800000e-04 1.205941e+00
3.802000e-04 1.205937e+00
3.804000e-04 1.205932e+00
3.806000e-04 1.205928e+00
3.808000e-04 1.205923e+00
3.810000e-04 1.205919e+00
3.812000e-04 1.205915e+00
3.814000e-04 1.205910e+00
3.816000e-04 1.205906e+00
3.818000e-04 1.205902e+00
3.820000e-04 1.205897e+00
3.822000e-04 1.205893e+00
3.824000e-04 1.205888e+00
3.826000e-04 1.205884e+00
3.828000e-04 1.205880e+00
3.830000e-04 1.205875e+00
3.832000e-04 1.205871e+00
3.834000e-04 1.205866e+00
3.836000e-04 1.205862e+00
3.838000e-04 1.205858e+00
3.840000e-04 1.205853e+00
3.842000e-04 1.205849e+00
3.844000e-04 1.205844e+00
3.846000e-04 1.205840e+00
3.848000e-04 1.205836e+00
3.850000e-04 1.205831e+00
3.852000e-04 1.205827e+00
3.854000e-04 1.205822e+00
3.856000e-04 1.205818e+00
3.858000e-04 1.205813e+00
3.860000e-04 1.205809e+00
3.862000e-04 1.205805e+00
3.864000e-04 1.205800e+00
3.866000e-04 1.205796e+00
3.868000e-04 1.205791e+00
3.870000e-04 1.205787e+00
3.872000e-04 1.205783e+00
3.874000e-04 1.205778e+00
3.876000e-04 1.205774e+00
3.878000e-04 1.205769e+00
3.880000e-04 1.205765e+00
3.882000e-04 1.205761e+00
3.884000e-04 1.205756e+00
3.886000e-04 1.205752e+00
3.888000e-04 1.205747e+00
3.890000e-04 1.205743e+00
3.892000e-04 1.205739e+00
3.894000e-04 1.205734e+00
3.896000e-04 1.205730e+00
3.898000e-04 1.205725e+00
3.900000e-04 1.205721e+00
3.902000e-04 1.205717e+00
3.904000e-04 1.205712e+00
3.906000e-04 1.205708e+00
3.908000e-04 1.205703e+00
3.910000e-04 1.205699e+00
3.912000e-04 1.205695e+00
3.914000e-04 1.205690e+00
3.916000e-04 1.205686e+00
3.918000e-04 1.205681e+00
3.920000e-04 1.205677e+00
3.922000e-04 1.205672e+00
3.924000e-04 1.205668e+00
3.926000e-04 1.205664e+00
3.928000e-04 1.205659e+00
3.930000e-04 1.205655e+00
3.932000e-04 1.205650e+00
3.934000e-04 1.205646e+00
3.936000e-04 1.205642e+00
3.938000e-04 1.205637e+00
3.940000e-04 1.205633e+00
3.942000e-04 1.205628e+00
3.944000e-04 1.205624e+00
3.946000e-04 1.205619e+00
3.948000e-04 1.205615e+00
3.950000e-04 1.205611e+00
3.952000e-04 1.205606e+00
3.954000e-04 1.205602e+00
3.956000e-04 1.205597e+00
3.958000e-04 1.205593e+00
3.960000e-04 1.205589e+00
3.962000e-04 1.205584e+00
3.964000e-04 1.205580e+00
3.966000e-04 1.205575e+00
3.968000e-04 1.205571e+00
3.970000e-04 1.205566e+00
3.972000e-04 1.205562e+00
3.974000e-04 1.205558e+00
3.976000e-04 1.205553e+00
3.978000e-04 1.205549e+00
3.980000e-04 1.205544e+00
3.982000e-04 1.205540e+00
3.984000e-04 1.205536e+00
3.986000e-04 1.205531e+00
3.988000e-04 1.205527e+00
3.990000e-04 1.205522e+00
3.992000e-04 1.205518e+00
3.994000e-04 1.205513e+00
3.996000e-04 1.205509e+00
3.998000e-04 1.205505e+00
4.000000e-04 1.205500e+00
4.002000e-04 1.205496e+00
4.004000e-04 1.205491e+00
4.006000e-04 1.205487e+00
4.008000e-04 1.205482e+00
4.010000e-04 1.205478e+00
4.012000e-04 1.205474e+00
4.014000e-04 1.205469e+00
4.016000e-04 1.205465e+00
4.018000e-04 1.205460e+00
4.020000e-04 1.205456e+00
4.022000e-04 1.205451e+00
4.024000e-04 1.205447e+00
4.026000e-04 1.205443e+00
4.028000e-04 1.205438e+00
4.030000e-04 1.205434e+00
4.032000e-04 1.205429e+00
4.034000e-04 1.205425e+00
4.036000e-04 1.205420e+00
4.038000e-04 1.205416e+00
4.040000e-04 1.205412e+00
4.042000e-04 1.205407e+00
4.044000e-04 1.205403e+00
4.046000e-04 1.205398e+00
4.048000e-04 1.205394e+00
4.050000e-04 1.205389e+00
4.052000e-04 1.205385e+00
4.054000e-04 1.205381e+00
4.056000e-04 1.205376e+00
4.058000e-04 1.205372e+00
4.060000e-04 1.205367e+00
4.062000e-04 1.205363e+00
4.064000e-04 1.205358e+00
4.066000e-04 1.205354e+00
4.068000e-04 1.205350e+00
4.070000e-04 1.205345e+00
4.072000e-04 1.205341e+00
4.074000e-04 1.205336e+00
4.076000e-04 1.205332e+00
4.078000e-04 1.205327e+00
4.080000e-04 1.205323e+00
4.082000e-04 1.205319e+00
4.084000e-04 1.205314e+00
4.086000e-04 1.205310e+00
4.088000e-04 1.205305e+00
4.090000e-04 1.205301e+00
4.092000e-04 1.205296e+00
4.094000e-04 1.205292e+00
4.096000e-04 1.205288e+00
4.098000e-04 1.205283e+00
4.100000e-04 1.205279e+00
4.102000e-04 1.205274e+00
4.104000e-04 1.205270e+00
4.106000e-04 1.205265e+00
4.108000e-04 1.205261e+00
4.110000e-04 1.205256e+00
4.112000e-04 1.205252e+00
4.114000e-04 1.205248e+00
4.116000e-04 1.205243e+00
4.118000e-04 1.205239e+00
4.120000e-04 1.205234e+00
4.122000e-04 1.205230e+00
4.124000e-04 1.205225e+00
4.126000e-04 1.205221e+00
4.128000e-04 1.205216e+00
4.130000e-04 1.205212e+00
4.132000e-04 1.205208e+00
4.134000e-04 1.205203e+00
4.136000e-04 1.205199e+00
4.138000e-04 1.205194e+00
4.140000e-04 1.205190e+00
4.142000e-04 1.205185e+00
4.144000e-04 1.205181e+00
4.146000e-04 1.205176e+00
4.148000e-04 1.205172e+00
4.150000e-04 1.205168e+00
4.152000e-04 1.205163e+00
4.154000e-04 1.205159e+00
4.156000e-04 1.205154e+00
4.158000e-04 1.205150e+00
4.160000e-04 1.205145e+00
4.162000e-04 1.205141e+00
4.164000e-04 1.205136e+00
4.166000e-04 1.205132e+00
4.168000e-04 1.205128e+00
4.170000e-04 1.205123e+00
4.172000e-04 1.205119e+00
4.174000e-04 1.205114e+00
4.176000e-04 1.205110e+00
4.178000e-04 1.205105e+00
4.180000e-04 1.205101e+00
4.182000e-04 1.205096e+00
4.184000e-04 1.205092e+00
4.186000e-04 1.205088e+00
4.188000e-04 1.205083e+00
4.190000e-04 1.205079e+00
4.192000e-04 1.205074e+00
4.194000e-04 1.205070e+00
4.196000e-04 1.205065e+00
4.198000e-04 1.205061e+00
4.200000e-04 1.205056e+00
4.202000e-04 1.205052e+00
4.204000e-04 1.205047e+00
4.206000e-04 1.205043e+00
4.208000e-04 1.205039e+00
4.210000e-04 1.205034e+00
4.212000e-04 1.205030e+00
4.214000e-04 1.205025e+00
4.216000e-04 1.205021e+00
4.218000e-04 1.205016e+00
4.220000e-04 1.205012e+00
4.222000e-04 1.205007e+00
4.224000e-04 1.205003e+00
4.226000e-04 1.204998e+00
4.228000e-04 1.204994e+00
4.230000e-04 1.204990e+00
4.232000e-04 1.204985e+00
4.234000e-04 1.204981e+00
4.236000e-04 1.204976e+00
4.238000e-04 1.204972e+00
4.240000e-04 1.204967e+00
4.242000e-04 1.204963e+00
4.244000e-04 1.204958e+00
4.246000e-04 1.204954e+00
4.248000e-04 1.204949e+00
4.250000e-04 1.204945e+00
4.252000e-04 1.204941e+00
4.254000e-04 1.204936e+00
4.256000e-04 1.204932e+00
4.258000e-04 1.204927e+00
4.260000e-04 1.204923e+00
4.262000e-04 1.204918e+00
4.264000e-04 1.204914e+00
4.266000e-04 1.204909e+00
4.268000e-04 1.204905e+00
4.270000e-04 1.204900e+00
4.272000e-04 1.204896e+00
4.274000e-04 1.204891e+00
4.276000e-04 1.204887e+00
4.278000e-04 1.204883e+00
4.280000e-04 1.204878e+00
4.282000e-04 1.204874e+00
4.284000e-04 1.204869e+00
4.286000e-04 1.204865e+00
4.288000e-04 1.204860e+00
4.290000e-04 1.204856e+00
4.292000e-04 1.204851e+00
4.294000e-04 1.204847e+00
4.296000e-04 1.204842e+00
4.298000e-04 1.204838e+00
4.300000e-04 1.204833e+00
4.302000e-04 1.204829e+00
4.304000e-04 1.204825e+00
4.306000e-04 1.204820e+00
4.308000e-04 1.204816e+00
4.310000e-04 1.204811e+00
4.312000e-04 1.204807e+00
4.314000e-04 1.204802e+00
4.316000e-04 1.204798e+00
4.318000e-04 1.204793e+00
4.320000e-04 1.204789e+00
4.322000e-04 1.204784e+00
4.324000e-04 1.204780e+00
4.326000e-04 1.204775e+00
4.328000e-04 1.204771e+00
4.330000e-04 1.204766e+00
4.332000e-04 1.204762e+00
4.334000e-04 1.204757e+00
4.336000e-04 1.204753e+00
4.338000e-04 1.204749e+00
4.340000e-04 1.204744e+00
4.342000e-04 1.204740e+00
4.344000e-04 1.204735e+00
4.346000e-04 1.204731e+00
4.348000e-04 1.204726e+00
4.350000e-04 1.204722e+00
4.352000e-04 1.204717e+00
4.354000e-04 1.204713e+00
4.356000e-04 1.204708e+00
4.358000e-04 1.204704e+00
4.360000e-04 1.204699e+00
4.362000e-04 1.204695e+00
4.364000e-04 1.204690e+00
4.366000e-04 1.204686e+00
4.368000e-04 1.204681e+00
4.370000e-04 1.204677e+00
4.372000e-04 1.204672e+00
4.374000e-04 1.204668e+00
4.376000e-04 1.204664e+00
4.378000e-04 1.204659e+00
4.380000e-04 1.204655e+00
4.382000e-04 1.204650e+00
4.384000e-04 1.204646e+00
4.386000e-04 1.204641e+00
4.388000e-04 1.204637e+00
4.390000e-04 1.204632e+00
4.392000e-04 1.204628e+00
4.394000e-04 1.204623e+00
4.396000e-04 1.204619e+00
4.398000e-04 1.204614e+00
4.400000e-04 1.204610e+00
4.402000e-04 1.204605e+00
4.404000e-04 1.204601e+00
4.406000e-04 1.204596e+00
4.408000e-04 1.204592e+00
4.410000e-04 1.204587e+00
4.412000e-04 1.204583e+00
4.414000e-04 1.204578e+00
4.416000e-04 1.204574e+00
4.418000e-04 1.204569e+00
4.420000e-04 1.204565e+00
4.422000e-04 1.204560e+00
4.424000e-04 1.204556e+00
4.426000e-04 1.204551e+00
4.428000e-04 1.204547e+00
4.430000e-04 1.204543e+00
4.432000e-04 1.204538e+00
4.434000e-04 1.204534e+00
4.436000e-04 1.204529e+00
4.438000e-04 1.204525e+00
4.440000e-04 1.204520e+00
4.442000e-04 1.204516e+00
4.444000e-04 1.204511e+00
4.446000e-04 1.204507e+00
4.448000e-04 1.204502e+00
4.450000e-04 1.204498e+00
4.452000e-04 1.204493e+00
4.454000e-04 1.204489e+00
4.456000e-04 1.204484e+00
4.458000e-04 1.204480e+00
4.460000e-04 1.204475e+00
4.462000e-04 1.204471e+00
4.464000e-04 1.204466e+00
4.466000e-04 1.204462e+00
4.468000e-04 1.204457e+00
4.470000e-04 1.204453e+00
4.472000e-04 1.204448e+00
4.474000e-04 1.204444e+00
4.476000e-04 1.204439e+00
4.478000e-04 1.204435e+00
4.480000e-04 1.204430e+00
4.482000e-04 1.204426e+00
4.484000e-04 1.204421e+00
4.486000e-04 1.204417e+00
4.488000e-04 1.204412e+00
4.490000e-04 1.204408e+00
4.492000e-04 1.204403e+00
4.494000e-04 1.204399e+00
4.496000e-04 1.204394e+00
4.498000e-04 1.204390e+00
4.500000e-04 1.204385e+00
4.502000e-04 1.204381e+00
4.504000e-04 1.204376e+00
4.506000e-04 1.204372e+00
4.508000e-04 1.204367e+00
4.510000e-04 1.204363e+00
4.512000e-04 1.204358e+00
4.514000e-04 1.204354e+00
4.516000e-04 1.204349e+00
4.518000e-04 1.204345e+00
4.520000e-04 1.204340e+00
4.522000e-04 1.204336e+00
4.524000e-04 1.204331e+00
4.526000e-04 1.204327e+00
4.528000e-04 1.204322e+00
4.530000e-04 1.204318e+00
4.532000e-04 1.204313e+00
4.534000e-04 1.204309e+00
4.536000e-04 1.204304e+00
4.538000e-04 1.204300e+00
4.540000e-04 1.204295e+00
4.542000e-04 1.204291e+00
4.544000e-04 1.204286e+00
4.546000e-04 1.204282e+00
4.548000e-04 1.204277e+00
4.550000e-04 1.204273e+00
4.552000e-04 1.204268e+00
4.554000e-04 1.204264e+00
4.556000e-04 1.204259e+00
4.558000e-04 1.204255e+00
4.560000e-04 1.204250e+00
4.562000e-04 1.204246e+00
4.564000e-04 1.204241e+00
4.566000e-04 1.204237e+00
4.568000e-04 1.204232e+00
4.570000e-04 1.204228e+00
4.572000e-04 1.204223e+00
4.574000e-04 1.204219e+00
4.576000e-04 1.204214e+00
4.578000e-04 1.204210e+00
4.580000e-04 1.204205e+00
4.582000e-04 1.204201e+00
4.584000e-04 1.204196e+00
4.586000e-04 1.204192e+00
4.588000e-04 1.204187e+00
4.590000e-04 1.204183e+00
4.592000e-04 1.204178e+00
4.594000e-04 1.204174e+00
4.596000e-04 1.204169e+00
4.598000e-04 1.204165e+00
4.600000e-04 1.204160e+00
4.602000e-04 1.204156e+00
4.604000e-04 1.204151e+00
4.606000e-04 1.204147e+00
4.608000e-04 1.204142e+00
4.610000e-04 1.204138e+00
4.612000e-04 1.204133e+00
4.614000e-04 1.204129e+00
4.616000e-04 1.204124e+00
4.618000e-04 1.204120e+00
4.620000e-04 1.204115e+00
4.622000e-04 1.204111e+00
4.624000e-04 1.204106e+00
4.626000e-04 1.204102e+00
4.628000e-04 1.204097e+00
4.630000e-04 1.204092e+00
4.632000e-04 1.204088e+00
4.634000e-04 1.204083e+00
4.636000e-04 1.204079e+00
4.638000e-04 1.204074e+00
4.640000e-04 1.204070e+00
4.642000e-04 1.204065e+00
4.644000e-04 1.204061e+00
4.646000e-04 1.204056e+00
4.648000e-04 1.204052e+00
4.650000e-04 1.204047e+00
4.652000e-04 1.204043e+00
4.654000e-04 1.204038e+00
4.656000e-04 1.204034e+00
4.658000e-04 1.204029e+00
4.660000e-04 1.204025e+00
4.662000e-04 1.204020e+00
4.664000e-04 1.204016e+00
4.666000e-04 1.204011e+00
4.668000e-04 1.204007e+00
4.670000e-04 1.204002e+00
4.672000e-04 1.203998e+00
4.674000e-04 1.203993e+00
4.676000e-04 1.203989e+00
4.678000e-04 1.203984e+00
4.680000e-04 1.203980e+00
4.682000e-04 1.203975e+00
4.684000e-04 1.203970e+00
4.686000e-04 1.203966e+00
4.688000e-04 1.203961e+00
4.690000e-04 1.203957e+00
4.692000e-04 1.203952e+00
4.694000e-04 1.203948e+00
4.696000e-04 1.203943e+00
4.698000e-04 1.203939e+00
4.700000e-04 1.203934e+00
4.702000e-04 1.203930e+00
4.704000e-04 1.203925e+00
4.706000e-04 1.203921e+00
4.708000e-04 1.203916e+00
4.710000e-04 1.203912e+00
4.712000e-04 1.203907e+00
4.714000e-04 1.203903e+00
4.716000e-04 1.203898e+00
4.718000e-04 1.203894e+00
4.720000e-04 1.203889e+00
4.722000e-04 1.203884e+00
4.724000e-04 1.203880e+00
4.726000e-04 1.203875e+00
4.728000e-04 1.203871e+00
4.730000e-04 1.203866e+00
4.732000e-04 1.203862e+00
4.734000e-04 1.203857e+00
4.736000e-04 1.203853e+00
4.738000e-04 1.203848e+00
4.740000e-04 1.203844e+00
4.742000e-04 1.203839e+00
4.744000e-04 1.203835e+00
4.746000e-04 1.203830e+00
4.748000e-04 1.203826e+00
4.750000e-04 1.203821e+00
4.752000e-04 1.203817e+00
4.754000e-04 1.203812e+00
4.756000e-04 1.203807e+00
4.758000e-04 1.203803e+00
4.760000e-04 1.203798e+00
4.762000e-04 1.203794e+00
4.764000e-04 1.203789e+00
4.766000e-04 1.203785e+00
4.768000e-04 1.203780e+00
4.770000e-04 1.203776e+00
4.772000e-04 1.203771e+00
4.774000e-04 1.203767e+00
4.776000e-04 1.203762e+00
4.778000e-04 1.203758e+00
4.780000e-04 1.203753e+00
4.782000e-04 1.203748e+00
4.784000e-04 1.203744e+00
4.786000e-04 1.203739e+00
4.788000e-04 1.203735e+00
4.790000e-04 1.203730e+00
4.792000e-04 1.203726e+00
4.794000e-04 1.203721e+00
4.796000e-04 1.203717e+00
4.798000e-04 1.203712e+00
4.800000e-04 1.203708e+00
4.802000e-04 1.203703e+00
4.804000e-04 1.203699e+00
4.806000e-04 1.203694e+00
4.808000e-04 1.203689e+00
4.810000e-04 1.203685e+00
4.812000e-04 1.203680e+00
4.814000e-04 1.203676e+00
4.816000e-04 1.203671e+00
4.818000e-04 1.203667e+00
4.820000e-04 1.203662e+00
4.822000e-04 1.203658e+00
4.824000e-04 1.203653e+00
4.826000e-04 1.203649e+00
4.828000e-04 1.203644e+00
4.830000e-04 1.203639e+00
4.832000e-04 1.203635e+00
4.834000e-04 1.203630e+00
4.836000e-04 1.203626e+00
4.838000e-04 1.203621e+00
4.840000e-04 1.203617e+00
4.842000e-04 1.203612e+00
4.844000e-04 1.203608e+00
4.846000e-04 1.203603e+00
4.848000e-04 1.203599e+00
4.850000e-04 1.203594e+00
4.852000e-04 1.203589e+00
4.854000e-04 1.203585e+00
4.856000e-04 1.203580e+00
4.858000e-04 1.203576e+00
4.860000e-04 1.203571e+00
4.862000e-04 1.203567e+00
4.864000e-04 1.203562e+00
4.866000e-04 1.203558e+00
4.868000e-04 1.203553e+00
4.870000e-04 1.203549e+00
4.872000e-04 1.203544e+00
4.874000e-04 1.203539e+00
4.876000e-04 1.203535e+00
4.878000e-04 1.203530e+00
4.880000e-04 1.203526e+00
4.882000e-04 1.203521e+00
4.884000e-04 1.203517e+00
4.886000e-04 1.203512e+00
4.888000e-04 1.203508e+00
4.890000e-04 1.203503e+00
4.892000e-04 1.203498e+00
4.894000e-04 1.203494e+00