4.331999e-04 1.280223e-01
4.333999e-04 1.280222e-01
4.335998e-04 1.280222e-01
4.337997e-04 1.280221e-01
4.339997e-04 1.280221e-01
4.341996e-04 1.280220e-01
4.343995e-04 1.280220e-01
4.345994e-04 1.280219e-01
4.347994e-04 1.280219e-01
4.349993e-04 1.280218e-01
4.351992e-04 1.280218e-01
4.353992e-04 1.280217e-01
4.355991e-04 1.280217e-01
4.357990e-04 1.280216e-01
4.359990e-04 1.280215e-01
4.361989e-04 1.280215e-01
4.363988e-04 1.280214e-01
4.365987e-04 1.280214e-01
4.367987e-04 1.280213e-01
4.369986e-04 1.280213e-01
4.371985e-04 1.280212e-01
4.373985e-04 1.280212e-01
4.375984e-04 1.280211e-01
4.377983e-04 1.280211e-01
4.379982e-04 1.280210e-01
4.381982e-04 1.280210e-01
4.383981e-04 1.280209e-01
4.385980e-04 1.280208e-01
4.387980e-04 1.280208e-01
4.389979e-04 1.280207e-01
4.391978e-04 1.280207e-01
4.393978e-04 1.280206e-01
4.395977e-04 1.280206e-01
4.397976e-04 1.280205e-01
4.399975e-04 1.280205e-01
4.401975e-04 1.280204e-01
4.403974e-04 1.280204e-01
4.405973e-04 1.280203e-01
4.407973e-04 1.280203e-01
4.409972e-04 1.280202e-01
4.411971e-04 1.280201e-01
4.413971e-04 1.280201e-01
4.415970e-04 1.280200e-01
4.417969e-04 1.280200e-01
4.419968e-04 1.280199e-01
4.421968e-04 1.280199e-01
4.423967e-04 1.280198e-01
4.425966e-04 1.280198e-01
4.427966e-04 1.280197e-01
4.429965e-04 1.280197e-01
4.431964e-04 1.280196e-01
4.433963e-04 1.280196e-01
4.435963e-04 1.280195e-01
4.437962e-04 1.280195e-01
4.439961e-04 1.280194e-01
4.441961e-04 1.280193e-01
4.443960e-04 1.280193e-01
4.445959e-04 1.280192e-01
4.447959e-04 1.280192e-01
4.449958e-04 1.280191e-01
4.451957e-04 1.280191e-01
4.453956e-04 1.280190e-01
4.455956e-04 1.280190e-01
4.457955e-04 1.280189e-01
4.459954e-04 1.280189e-01
4.461954e-04 1.280188e-01
4.463953e-04 1.280188e-01
4.465952e-04 1.280187e-01
4.467951e-04 1.280186e-01
4.469951e-04 1.280186e-01
4.471950e-04 1.280185e-01
4.473949e-04 1.280185e-01
4.475949e-04 1.280184e-01
4.477948e-04 1.280184e-01
4.479947e-04 1.280183e-01
4.481947e-04 1.280183e-01
4.483946e-04 1.280182e-01
4.485945e-04 1.280182e-01
4.487944e-04 1.280181e-01
4.489944e-04 1.280181e-01
4.491943e-04 1.280180e-01
4.493942e-04 1.280179e-01
4.495942e-04 1.280179e-01
4.497941e-04 1.280178e-01
4.499940e-04 1.280178e-01
4.501939e-04 1.280177e-01
4.503939e-04 1.280177e-01
4.505938e-04 1.280176e-01
4.507937e-04 1.280176e-01
4.509937e-04 1.280175e-01
4.511936e-04 1.280175e-01
4.513935e-04 1.280174e-01
4.515935e-04 1.280174e-01
4.517934e-04 1.280173e-01
4.519933e-04 1.280172e-01
4.521932e-04 1.280172e-01
4.523932e-04 1.280171e-01
4.525931e-04 1.280171e-01
4.527930e-04 1.280170e-01
4.529930e-04 1.280170e-01
4.531929e-04 1.280169e-01
4.533928e-04 1.280169e-01
4.535927e-04 1.280168e-01
4.537927e-04 1.280168e-01
4.539926e-04 1.280167e-01
4.541925e-04 1.280167e-01
4.543925e-04 1.280166e-01
4.545924e-04 1.280165e-01
4.547923e-04 1.280165e-01
4.549923e-04 1.280164e-01
4.551922e-04 1.280164e-01
4.553921e-04 1.280163e-01
4.555920e-04 1.280163e-01
4.557920e-04 1.280162e-01
4.559919e-04 1.280162e-01
4.561918e-04 1.280161e-01
4.563918e-04 1.280161e-01
4.565917e-04 1.280160e-01
4.567916e-04 1.280160e-01
4.569915e-04 1.280159e-01
4.571915e-04 1.280158e-01
4.573914e-04 1.280158e-01
4.575913e-04 1.280157e-01
4.577913e-04 1.280157e-01
4.579912e-04 1.280156e-01
4.581911e-04 1.280156e-01
4.583911e-04 1.280155e-01
4.585910e-04 1.280155e-01
4.587909e-04 1.280154e-01
4.589908e-04 1.280154e-01
4.591908e-04 1.280153e-01
4.593907e-04 1.280153e-01
4.595906e-04 1.280152e-01
4.597906e-04 1.280151e-01
4.599905e-04 1.280151e-01
4.601904e-04 1.280150e-01
4.603904e-04 1.280150e-01
4.605903e-04 1.280149e-01
4.607902e-04 1.280149e-01
4.609901e-04 1.280148e-01
4.611901e-04 1.280148e-01
4.613900e-04 1.280147e-01
4.615899e-04 1.280147e-01
4.617899e-04 1.280146e-01
4.619898e-04 1.280146e-01
4.621897e-04 1.280145e-01
4.623896e-04 1.280144e-01
4.625896e-04 1.280144e-01
4.627895e-04 1.280143e-01
4.629894e-04 1.280143e-01
4.631894e-04 1.280142e-01
4.633893e-04 1.280142e-01
4.635892e-04 1.280141e-01
4.637892e-04 1.280141e-01
4.639891e-04 1.280140e-01
4.641890e-04 1.280140e-01
4.643889e-04 1.280139e-01
4.645889e-04 1.280139e-01
4.647888e-04 1.280138e-01
4.649887e-04 1.280137e-01
4.651887e-04 1.280137e-01
4.653886e-04 1.280136e-01
4.655885e-04 1.280136e-01
4.657884e-04 1.280135e-01
4.659884e-04 1.280135e-01
4.661883e-04 1.280134e-01
4.663882e-04 1.280134e-01
4.665882e-04 1.280133e-01
4.667881e-04 1.280133e-01
4.669880e-04 1.280132e-01
4.671880e-04 1.280132e-01
4.673879e-04 1.280131e-01
4.675878e-04 1.280130e-01
4.677877e-04 1.280130e-01
4.679877e-04 1.280129e-01
4.681876e-04 1.280129e-01
4.683875e-04 1.280128e-01
4.685875e-04 1.280128e-01
4.687874e-04 1.280127e-01
4.689873e-04 1.280127e-01
4.691872e-04 1.280126e-01
4.693872e-04 1.280126e-01
4.695871e-04 1.280125e-01
4.697870e-04 1.280125e-01
4.699870e-04 1.280124e-01
4.701869e-04 1.280123e-01
4.703868e-04 1.280123e-01
4.705868e-04 1.280122e-01
4.707867e-04 1.280122e-01
4.709866e-04 1.280121e-01
4.711865e-04 1.280121e-01
4.713865e-04 1.280120e-01
4.715864e-04 1.280120e-01
4.717863e-04 1.280119e-01
4.719863e-04 1.280119e-01
4.721862e-04 1.280118e-01
4.723861e-04 1.280118e-01
4.725860e-04 1.280117e-01
4.727860e-04 1.280116e-01
4.729859e-04 1.280116e-01
4.731858e-04 1.280115e-01
4.733858e-04 1.280115e-01
4.735857e-04 1.280114e-01
4.737856e-04 1.280114e-01
4.739856e-04 1.280113e-01
4.741855e-04 1.280113e-01
4.743854e-04 1.280112e-01
4.745853e-04 1.280112e-01
4.747853e-04 1.280111e-01
4.749852e-04 1.280111e-01
4.751851e-04 1.280110e-01
4.753851e-04 1.280110e-01
4.755850e-04 1.280109e-01
4.757849e-04 1.280108e-01
4.759848e-04 1.280108e-01
4.761848e-04 1.280107e-01
4.763847e-04 1.280107e-01
4.765846e-04 1.280106e-01
4.767846e-04 1.280106e-01
4.769845e-04 1.280105e-01
4.771844e-04 1.280105e-01
4.773844e-04 1.280104e-01
4.775843e-04 1.280104e-01
4.777842e-04 1.280103e-01
4.779841e-04 1.280103e-01
4.781841e-04 1.280102e-01
4.783840e-04 1.280101e-01
4.785839e-04 1.280101e-01
4.787839e-04 1.280100e-01
4.789838e-04 1.280100e-01
4.791837e-04 1.280099e-01
4.793837e-04 1.280099e-01
4.795836e-04 1.280098e-01
4.797835e-04 1.280098e-01
4.799834e-04 1.280097e-01
4.801834e-04 1.280097e-01
4.803833e-04 1.280096e-01
4.805832e-04 1.280096e-01
4.807832e-04 1.280095e-01
4.809831e-04 1.280094e-01
4.811830e-04 1.280094e-01
4.813829e-04 1.280093e-01
4.815829e-04 1.280093e-01
4.817828e-04 1.280092e-01
4.819827e-04 1.280092e-01
4.821827e-04 1.280091e-01
4.823826e-04 1.280091e-01
4.825825e-04 1.280090e-01
4.827825e-04 1.280090e-01
4.829824e-04 1.280089e-01
4.831823e-04 1.280089e-01
4.833822e-04 1.280088e-01
4.835822e-04 1.280087e-01
4.837821e-04 1.280087e-01
4.839820e-04 1.280086e-01
4.841820e-04 1.280086e-01
4.843819e-04 1.280085e-01
4.845818e-04 1.280085e-01
4.847817e-04 1.280084e-01
4.849817e-04 1.280084e-01
4.851816e-04 1.280083e-01
4.853815e-04 1.280083e-01
4.855815e-04 1.280082e-01
4.857814e-04 1.280082e-01
4.859813e-04 1.280081e-01
4.861813e-04 1.280080e-01
4.863812e-04 1.280080e-01
4.865811e-04 1.280079e-01
4.867810e-04 1.280079e-01
4.869810e-04 1.280078e-01
4.871809e-04 1.280078e-01
4.873808e-04 1.280077e-01
4.875808e-04 1.280077e-01
4.877807e-04 1.280076e-01
4.879806e-04 1.280076e-01
4.881805e-04 1.280075e-01
4.883805e-04 1.280075e-01
4.885804e-04 1.280074e-01
4.887803e-04 1.280073e-01
4.889803e-04 1.280073e-01
4.891802e-04 1.280072e-01
4.893801e-04 1.280072e-01
4.895801e-04 1.280071e-01
4.897800e-04 1.280071e-01
4.899799e-04 1.280070e-01
4.901798e-04 1.280070e-01
4.903798e-04 1.280069e-01
4.905797e-04 1.280069e-01
4.907796e-04 1.280068e-01
4.909796e-04 1.280068e-01
4.911795e-04 1.280067e-01
4.913794e-04 1.280066e-01
4.915793e-04 1.280066e-01
4.917793e-04 1.280065e-01
4.919792e-04 1.280065e-01
4.921791e-04 1.280064e-01
4.923791e-04 1.280064e-01
4.925790e-04 1.280063e-01
4.927789e-04 1.280063e-01
4.929789e-04 1.280062e-01
4.931788e-04 1.280062e-01
4.933787e-04 1.280061e-01
4.935786e-04 1.280061e-01
4.937786e-04 1.280060e-01
4.939785e-04 1.280059e-01
4.941784e-04 1.280059e-01
4.943784e-04 1.280058e-01
4.945783e-04 1.280058e-01
4.947782e-04 1.280057e-01
4.949781e-04 1.280057e-01
4.951781e-04 1.280056e-01
4.953780e-04 1.280056e-01
4.955779e-04 1.280055e-01
4.957779e-04 1.280055e-01
4.959778e-04 1.280054e-01
4.961777e-04 1.280054e-01
4.963777e-04 1.280053e-01
4.965776e-04 1.280052e-01
4.967775e-04 1.280052e-01
4.969774e-04 1.280051e-01
4.971774e-04 1.280051e-01
4.973773e-04 1.280050e-01
4.975772e-04 1.280050e-01
4.977772e-04 1.280049e-01
4.979771e-04 1.280049e-01
4.981770e-04 1.280048e-01
4.983770e-04 1.280048e-01
4.985769e-04 1.280047e-01
4.987768e-04 1.280047e-01
4.989767e-04 1.280046e-01
4.991767e-04 1.280045e-01
4.993766e-04 1.280045e-01
4.995765e-04 1.280044e-01
4.997765e-04 1.280044e-01
4.999764e-04 1.280043e-01
5.001763e-04 1.280043e-01
5.003762e-04 1.280042e-01
5.005762e-04 1.280042e-01
5.007761e-04 1.280041e-01
5.009760e-04 1.280041e-01
5.011760e-04 1.280040e-01
5.013759e-04 1.280040e-01
5.015758e-04 1.280039e-01
5.017758e-04 1.280039e-01
5.019757e-04 1.280038e-01
5.021756e-04 1.280037e-01
5.023755e-04 1.280037e-01
5.025755e-04 1.280036e-01
5.027754e-04 1.280036e-01
5.029753e-04 1.280035e-01
5.031753e-04 1.280035e-01
5.033752e-04 1.280034e-01
5.035751e-04 1.280034e-01
5.037750e-04 1.280033e-01
5.039750e-04 1.280033e-01
5.041749e-04 1.280032e-01
5.043748e-04 1.280032e-01
5.045748e-04 1.280031e-01
5.047747e-04 1.280030e-01
5.049746e-04 1.280030e-01
5.051746e-04 1.280029e-01
5.053745e-04 1.280029e-01
5.055744e-04 1.280028e-01
5.057743e-04 1.280028e-01
5.059743e-04 1.280027e-01
5.061742e-04 1.280027e-01
5.063741e-04 1.280026e-01
5.065741e-04 1.280026e-01
5.067740e-04 1.280025e-01
5.069739e-04 1.280025e-01
5.071738e-04 1.280024e-01
5.073738e-04 1.280023e-01
5.075737e-04 1.280023e-01
5.077736e-04 1.280022e-01
5.079736e-04 1.280022e-01
5.081735e-04 1.280021e-01
5.083734e-04 1.280021e-01
5.085734e-04 1.280020e-01
5.087733e-04 1.280020e-01
5.089732e-04 1.280019e-01
5.091731e-04 1.280019e-01
5.093731e-04 1.280018e-01
5.095730e-04 1.280018e-01
5.097729e-04 1.280017e-01
5.099729e-04 1.280016e-01
5.101728e-04 1.280016e-01
5.103727e-04 1.280015e-01
5.105726e-04 1.280015e-01
5.107726e-04 1.280014e-01
5.109725e-04 1.280014e-01
5.111724e-04 1.280013e-01
5.113724e-04 1.280013e-01
5.115723e-04 1.280012e-01
5.117722e-04 1.280012e-01
5.119722e-04 1.280011e-01
5.121721e-04 1.280011e-01
5.123720e-04 1.280010e-01
5.125719e-04 1.280009e-01
5.127719e-04 1.280009e-01
5.129718e-04 1.280008e-01
5.131717e-04 1.280008e-01
5.133717e-04 1.280007e-01
5.135716e-04 1.280007e-01
5.137715e-04 1.280006e-01
5.139714e-04 1.280006e-01
5.141714e-04 1.280005e-01
5.143713e-04 1.280005e-01
5.145712e-04 1.280004e-01
5.147712e-04 1.280004e-01
5.149711e-04 1.280003e-01
5.151710e-04 1.280002e-01
5.153710e-04 1.280002e-01
5.155709e-04 1.280001e-01
5.157708e-04 1.280001e-01
5.159707e-04 1.280000e-01
5.161707e-04 1.280000e-01
5.163706e-04 1.279999e-01
5.165705e-04 1.279999e-01
5.167705e-04 1.279998e-01
5.169704e-04 1.279998e-01
5.171703e-04 1.279997e-01
5.173703e-04 1.279997e-01
5.175702e-04 1.279996e-01
5.177701e-04 1.279995e-01
5.179700e-04 1.279995e-01
5.181700e-04 1.279994e-01
5.183699e-04 1.279994e-01
5.185698e-04 1.279993e-01
5.187698e-04 1.279993e-01
5.189697e-04 1.279992e-01
5.191696e-04 1.279992e-01
5.193695e-04 1.279991e-01
5.195695e-04 1.279991e-01
5.197694e-04 1.279990e-01
5.199693e-04 1.279990e-01
5.201693e-04 1.279989e-01
5.203692e-04 1.279988e-01
5.205691e-04 1.279988e-01
5.207691e-04 1.279987e-01
5.209690e-04 1.279987e-01
5.211689e-04 1.279986e-01
5.213688e-04 1.279986e-01
5.215688e-04 1.279985e-01
5.217687e-04 1.279985e-01
5.219686e-04 1.279984e-01
5.221686e-04 1.279984e-01
5.223685e-04 1.279983e-01
5.225684e-04 1.279983e-01
5.227683e-04 1.279982e-01
5.229683e-04 1.279981e-01
5.231682e-04 1.279981e-01
5.233681e-04 1.279980e-01
5.235681e-04 1.279980e-01
5.237680e-04 1.279979e-01
5.239679e-04 1.279979e-01
5.241679e-04 1.279978e-01
5.243678e-04 1.279978e-01
5.245677e-04 1.279977e-01
5.247676e-04 1.279977e-01
5.249676e-04 1.279976e-01
5.251675e-04 1.279976e-01
5.253674e-04 1.279975e-01
5.255674e-04 1.279974e-01
5.257673e-04 1.279974e-01
5.259672e-04 1.279973e-01
5.261671e-04 1.279973e-01
5.263671e-04 1.279972e-01
5.265670e-04 1.279972e-01
5.267669e-04 1.279971e-01
5.269669e-04 1.279971e-01
5.271668e-04 1.279970e-01
5.273667e-04 1.279970e-01
5.275667e-04 1.279969e-01
5.277666e-04 1.279969e-01
5.279665e-04 1.279968e-01
5.281664e-04 1.279968e-01
5.283664e-04 1.279967e-01
5.285663e-04 1.279966e-01
5.287662e-04 1.279966e-01
5.289662e-04 1.279965e-01
5.291661e-04 1.279965e-01
5.293660e-04 1.279964e-01
5.295659e-04 1.279964e-01
5.297659e-04 1.279963e-01
5.299658e-04 1.279963e-01
5.301657e-04 1.279962e-01
5.303657e-04 1.279962e-01
5.305656e-04 1.279961e-01
5.307655e-04 1.279961e-01
5.309655e-04 1.279960e-01
5.311654e-04 1.279959e-01
5.313653e-04 1.279959e-01
5.315652e-04 1.279958e-01
5.317652e-04 1.279958e-01
5.319651e-04 1.279957e-01
5.321650e-04 1.279957e-01
5.323650e-04 1.279956e-01
5.325649e-04 1.279956e-01
5.327648e-04 1.279955e-01
5.329647e-04 1.279955e-01
5.331647e-04 1.279954e-01
5.333646e-04 1.279954e-01
5.335645e-04 1.279953e-01
5.337645e-04 1.279952e-01
5.339644e-04 1.279952e-01
5.341643e-04 1.279951e-01
5.343643e-04 1.279951e-01
5.345642e-04 1.279950e-01
5.347641e-04 1.279950e-01
5.349640e-04 1.279949e-01
5.351640e-04 1.279949e-01
5.353639e-04 1.279948e-01
5.355638e-04 1.279948e-01
5.357638e-04 1.279947e-01
5.359637e-04 1.279947e-01
5.361636e-04 1.279946e-01
5.363636e-04 1.279945e-01
5.365635e-04 1.279945e-01
5.367634e-04 1.279944e-01
5.369633e-04 1.279944e-01
5.371633e-04 1.279943e-01
5.373632e-04 1.279943e-01
5.375631e-04 1.279942e-01
5.377631e-04 1.279942e-01
5.379630e-04 1.279941e-01
5.381629e-04 1.279941e-01
5.383628e-04 1.279940e-01
5.385628e-04 1.279940e-01
5.387627e-04 1.279939e-01
5.389626e-04 1.279938e-01
5.391626e-04 1.279938e-01
5.393625e-04 1.279937e-01
5.395624e-04 1.279937e-01
5.397624e-04 1.279936e-01
5.399623e-04 1.279936e-01
5.401622e-04 1.279935e-01
5.403621e-04 1.279935e-01
5.405621e-04 1.279934e-01
5.407620e-04 1.279934e-01
5.409619e-04 1.279933e-01
5.411619e-04 1.279933e-01
5.413618e-04 1.279932e-01
5.415617e-04 1.279931e-01
5.417616e-04 1.279931e-01
5.419616e-04 1.279930e-01
5.421615e-04 1.279930e-01
5.423614e-04 1.279929e-01
5.425614e-04 1.279929e-01
5.427613e-04 1.279928e-01
5.429612e-04 1.279928e-01
5.431612e-04 1.279927e-01
5.433611e-04 1.279927e-01
5.435610e-04 1.279926e-01
5.437609e-04 1.279926e-01
5.439609e-04 1.279925e-01
5.441608e-04 1.279924e-01
5.443607e-04 1.279924e-01
5.445607e-04 1.279923e-01
5.447606e-04 1.279923e-01
5.449605e-04 1.279922e-01
5.451604e-04 1.279922e-01
5.453604e-04 1.279921e-01
5.455603e-04 1.279921e-01
5.457602e-04 1.279920e-01
5.459602e-04 1.279920e-01
5.461601e-04 1.279919e-01
5.463600e-04 1.279919e-01
5.465600e-04 1.279918e-01
5.467599e-04 1.279917e-01
5.469598e-04 1.279917e-01
5.471597e-04 1.279916e-01
5.473597e-04 1.279916e-01
5.475596e-04 1.279915e-01
5.477595e-04 1.279915e-01
5.479595e-04 1.279914e-01
5.481594e-04 1.279914e-01
5.483593e-04 1.279913e-01
5.485592e-04 1.279913e-01
5.487592e-04 1.279912e-01
5.489591e-04 1.279912e-01
5.491590e-04 1.279911e-01
5.493590e-04 1.279910e-01
5.495589e-04 1.279910e-01
5.497588e-04 1.279909e-01
5.499588e-04 1.279909e-01
5.501587e-04 1.279908e-01
5.503586e-04 1.279908e-01
5.505585e-04 1.279907e-01
5.507585e-04 1.279907e-01
5.509584e-04 1.279906e-01
5.511583e-04 1.279906e-01
5.513583e-04 1.279905e-01
5.515582e-04 1.279905e-01
5.517581e-04 1.279904e-01
5.519580e-04 1.279904e-01
5.521580e-04 1.279903e-01
5.523579e-04 1.279902e-01
5.525578e-04 1.279902e-01
5.527578e-04 1.279901e-01
5.529577e-04 1.279901e-01
5.531576e-04 1.279900e-01
5.533576e-04 1.279900e-01
5.535575e-04 1.279899e-01
5.537574e-04 1.279899e-01
5.539573e-04 1.279898e-01
5.541573e-04 1.279898e-01
5.543572e-04 1.279897e-01
5.545571e-04 1.279897e-01
5.547571e-04 1.279896e-01
5.549570e-04 1.279895e-01
5.551569e-04 1.279895e-01
5.553569e-04 1.279894e-01
5.555568e-04 1.279894e-01
5.557567e-04 1.279893e-01
5.559566e-04 1.279893e-01
5.561566e-04 1.279892e-01
5.563565e-04 1.279892e-01
5.565564e-04 1.279891e-01
5.567564e-04 1.279891e-01
5.569563e-04 1.279890e-01
5.571562e-04 1.279890e-01
5.573561e-04 1.279889e-01
5.575561e-04 1.279888e-01
5.577560e-04 1.279888e-01
5.579559e-04 1.279887e-01
5.581559e-04 1.279887e-01
5.583558e-04 1.279886e-01
5.585557e-04 1.279886e-01
5.587557e-04 1.279885e-01
5.589556e-04 1.279885e-01
5.591555e-04 1.279884e-01
5.593554e-04 1.279884e-01
5.595554e-04 1.279883e-01
5.597553e-04 1.279883e-01
5.599552e-04 1.279882e-01
5.601552e-04 1.279881e-01
5.603551e-04 1.279881e-01
5.605550e-04 1.279880e-01
5.607549e-04 1.279880e-01
5.609549e-04 1.279879e-01
5.611548e-04 1.279879e-01
5.613547e-04 1.279878e-01
5.615547e-04 1.279878e-01
5.617546e-04 1.279877e-01
5.619545e-04 1.279877e-01
5.621545e-04 1.279876e-01
5.623544e-04 1.279876e-01
5.625543e-04 1.279875e-01
5.627542e-04 1.279874e-01
5.629542e-04 1.279874e-01
5.631541e-04 1.279873e-01
5.633540e-04 1.279873e-01
5.635540e-04 1.279872e-01
5.637539e-04 1.279872e-01
5.639538e-04 1.279871e-01
5.641537e-04 1.279871e-01
5.643537e-04 1.279870e-01
5.645536e-04 1.279870e-01
5.647535e-04 1.279869e-01
5.649535e-04 1.279869e-01
5.651534e-04 1.279868e-01
5.653533e-04 1.279867e-01
5.655533e-04 1.279867e-01
5.657532e-04 1.279866e-01
5.659531e-04 1.279866e-01
5.661530e-04 1.279865e-01
5.663530e-04 1.279865e-01
5.665529e-04 1.279864e-01
5.667528e-04 1.279864e-01
5.669528e-04 1.279863e-01
5.671527e-04 1.279863e-01
5.673526e-04 1.279862e-01
5.675525e-04 1.279862e-01
5.677525e-04 1.279861e-01
5.679524e-04 1.279860e-01
5.681523e-04 1.279860e-01
5.683523e-04 1.279859e-01
5.685522e-04 1.279859e-01
5.687521e-04 1.279858e-01
5.689521e-04 1.279858e-01
5.691520e-04 1.279857e-01
5.693519e-04 1.279857e-01
5.695518e-04 1.279856e-01
5.697518e-04 1.279856e-01
5.699517e-04 1.279855e-01
5.701516e-04 1.279855e-01
5.703516e-04 1.279854e-01
5.705515e-04 1.279853e-01
5.707514e-04 1.279853e-01
5.709513e-04 1.279852e-01
5.711513e-04 1.279852e-01
5.713512e-04 1.279851e-01
5.715511e-04 1.279851e-01
5.717511e-04 1.279850e-01
5.719510e-04 1.279850e-01
5.721509e-04 1.279849e-01
5.723509e-04 1.279849e-01
5.725508e-04 1.279848e-01
5.727507e-04 1.279848e-01
5.729506e-04 1.279847e-01
5.731506e-04 1.279846e-01
5.733505e-04 1.279846e-01
5.735504e-04 1.279845e-01
5.737504e-04 1.279845e-01
5.739503e-04 1.279844e-01
5.741502e-04 1.279844e-01
5.743502e-04 1.279843e-01
5.745501e-04 1.279843e-01
5.747500e-04 1.279842e-01
5.749499e-04 1.279842e-01
5.751499e-04 1.279841e-01
5.753498e-04 1.279841e-01
5.755497e-04 1.279840e-01
5.757497e-04 1.279840e-01
5.759496e-04 1.279839e-01
5.761495e-04 1.279838e-01
5.763494e-04 1.279838e-01
5.765494e-04 1.279837e-01
5.767493e-04 1.279837e-01
5.769492e-04 1.279836e-01
5.771492e-04 1.279836e-01
5.773491e-04 1.279835e-01
5.775490e-04 1.279835e-01
5.777490e-04 1.279834e-01
5.779489e-04 1.279834e-01
5.781488e-04 1.279833e-01
5.783487e-04 1.279833e-01
5.785487e-04 1.279832e-01
5.787486e-04 1.279831e-01
5.789485e-04 1.279831e-01
5.791485e-04 1.279830e-01
5.793484e-04 1.279830e-01
5.795483e-04 1.279829e-01
5.797482e-04 1.279829e-01
5.799482e-04 1.279828e-01
5.801481e-04 1.279828e-01
5.803480e-04 1.279827e-01
5.805480e-04 1.279827e-01
5.807479e-04 1.279826e-01
5.809478e-04 1.279826e-01
5.811478e-04 1.279825e-01
5.813477e-04 1.279824e-01
5.815476e-04 1.279824e-01
5.817475e-04 1.279823e-01
5.819475e-04 1.279823e-01
5.821474e-04 1.279822e-01
5.823473e-04 1.279822e-01
5.825473e-04 1.279821e-01
5.827472e-04 1.279821e-01
5.829471e-04 1.279820e-01
5.831470e-04 1.279820e-01
5.833470e-04 1.279819e-01
5.835469e-04 1.279819e-01
5.837468e-04 1.279818e-01
5.839468e-04 1.279817e-01
5.841467e-04 1.279817e-01
5.843466e-04 1.279816e-01
5.845466e-04 1.279816e-01
5.847465e-04 1.279815e-01
5.849464e-04 1.279815e-01
5.851463e-04 1.279814e-01
5.853463e-04 1.279814e-01
5.855462e-04 1.279813e-01
5.857461e-04 1.279813e-01
5.859461e-04 1.279812e-01
5.861460e-04 1.279812e-01
5.863459e-04 1.279811e-01
5.865458e-04 1.279810e-01
5.867458e-04 1.279810e-01
5.869457e-04 1.279809e-01
5.871456e-04 1.279809e-01
5.873456e-04 1.279808e-01
5.875455e-04 1.279808e-01
5.877454e-04 1.279807e-01
5.879454e-04 1.279807e-01
5.881453e-04 1.279806e-01
5.883452e-04 1.279806e-01
5.885451e-04 1.279805e-01
5.887451e-04 1.279805e-01
5.889450e-04 1.279804e-01
5.891449e-04 1.279803e-01
5.893449e-04 1.279803e-01
5.895448e-04 1.279802e-01
5.897447e-04 1.279802e-01
5.899446e-04 1.279801e-01
5.901446e-04 1.279801e-01
5.903445e-04 1.279800e-01
5.905444e-04 1.279800e-01
5.907444e-04 1.279799e-01
5.909443e-04 1.279799e-01
5.911442e-04 1.279798e-01
5.913442e-04 1.279798e-01
5.915441e-04 1.279797e-01
5.917440e-04 1.279796e-01
5.919439e-04 1.279796e-01
5.921439e-04 1.279795e-01
5.923438e-04 1.279795e-01
5.925437e-04 1.279794e-01
5.927437e-04 1.279794e-01
5.929436e-04 1.279793e-01
5.931435e-04 1.279793e-01
5.933435e-04 1.279792e-01
5.935434e-04 1.279792e-01
5.937433e-04 1.279791e-01
5.939432e-04 1.279791e-01
5.941432e-04 1.279790e-01
5.943431e-04 1.279789e-01
5.945430e-04 1.279789e-01
5.947430e-04 1.279788e-01
5.949429e-04 1.279788e-01
5.951428e-04 1.279787e-01
5.953427e-04 1.279787e-01
5.955427e-04 1.279786e-01
5.957426e-04 1.279786e-01
5.959425e-04 1.279785e-01
5.961425e-04 1.279785e-01
5.963424e-04 1.279784e-01
5.965423e-04 1.279784e-01
5.967423e-04 1.279783e-01
5.969422e-04 1.279783e-01
5.971421e-04 1.279782e-01
5.973420e-04 1.279781e-01
5.975420e-04 1.279781e-01
5.977419e-04 1.279780e-01
5.979418e-04 1.279780e-01
5.981418e-04 1.279779e-01
5.983417e-04 1.279779e-01
5.985416e-04 1.279778e-01
5.987415e-04 1.279778e-01
5.989415e-04 1.279777e-01
5.991414e-04 1.279777e-01
5.993413e-04 1.279776e-01
5.995413e-04 1.279776e-01
5.997412e-04 1.279775e-01
5.999411e-04 1.279774e-01
6.001411e-04 1.279774e-01
6.003410e-04 1.279773e-01
6.005409e-04 1.279773e-01
6.007408e-04 1.279772e-01
6.009408e-04 1.279772e-01
6.011407e-04 1.279771e-01
6.013406e-04 1.279771e-01
6.015406e-04 1.279770e-01
6.017405e-04 1.279770e-01
6.019404e-04 1.279769e-01
6.021403e-04 1.279769e-01
6.023403e-04 1.279768e-01
6.025402e-04 1.279767e-01
6.027401e-04 1.279767e-01
6.029401e-04 1.279766e-01
6.031400e-04 1.279766e-01
6.033399e-04 1.279765e-01
6.035399e-04 1.279765e-01
6.037398e-04 1.279764e-01
6.039397e-04 1.279764e-01
6.041396e-04 1.279763e-01
6.043396e-04 1.279763e-01
6.045395e-04 1.279762e-01
6.047394e-04 1.279762e-01
6.049394e-04 1.279761e-01
6.051393e-04 1.279760e-01
6.053392e-04 1.279760e-01
6.055391e-04 1.279759e-01
6.057391e-04 1.279759e-01
6.059390e-04 1.279758e-01
6.061389e-04 1.279758e-01
6.063389e-04 1.279757e-01
6.065388e-04 1.279757e-01
6.067387e-04 1.279756e-01
6.069387e-04 1.279756e-01
6.071386e-04 1.279755e-01
6.073385e-04 1.279755e-01
6.075384e-04 1.279754e-01
6.077384e-04 1.279753e-01
6.079383e-04 1.279753e-01
6.081382e-04 1.279752e-01
6.083382e-04 1.279752e-01
6.085381e-04 1.279751e-01
6.087380e-04 1.279751e-01
6.089379e-04 1.279750e-01
6.091379e-04 1.279750e-01
6.093378e-04 1.279749e-01
6.095377e-04 1.279749e-01
6.097377e-04 1.279748e-01
6.099376e-04 1.279748e-01
6.101375e-04 1.279747e-01
6.103375e-04 1.279746e-01
6.105374e-04 1.279746e-01
6.107373e-04 1.279745e-01
6.109372e-04 1.279745e-01
6.111372e-04 1.279744e-01
6.113371e-04 1.279744e-01
6.115370e-04 1.279743e-01
6.117370e-04 1.279743e-01
6.119369e-04 1.279742e-01
6.121368e-04 1.279742e-01
6.123368e-04 1.279741e-01
6.125367e-04 1.279741e-01
6.127366e-04 1.279740e-01
6.129365e-04 1.279739e-01
6.131365e-04 1.279739e-01
6.133364e-04 1.279738e-01
6.135363e-04 1.279738e-01
6.137363e-04 1.279737e-01
6.139362e-04 1.279737e-01
6.141361e-04 1.279736e-01
6.143360e-04 1.279736e-01
6.145360e-04 1.279735e-01
6.147359e-04 1.279735e-01
6.149358e-04 1.279734e-01
6.151358e-04 1.279734e-01
6.153357e-04 1.279733e-01
6.155356e-04 1.279732e-01
6.157356e-04 1.279732e-01
6.159355e-04 1.279731e-01
6.161354e-04 1.279731e-01
6.163353e-04 1.279730e-01
6.165353e-04 1.279730e-01
6.167352e-04 1.279729e-01
6.169351e-04 1.279729e-01
6.171351e-04 1.279728e-01
6.173350e-04 1.279728e-01
6.175349e-04 1.279727e-01
6.177348e-04 1.279727e-01
6.179348e-04 1.279726e-01
6.181347e-04 1.279726e-01
6.183346e-04 1.279725e-01
6.185346e-04 1.279724e-01
6.187345e-04 1.279724e-01
6.189344e-04 1.279723e-01
6.191344e-04 1.279723e-01
6.193343e-04 1.279722e-01
6.195342e-04 1.279722e-01
6.197341e-04 1.279721e-01
6.199341e-04 1.279721e-01
6.201340e-04 1.279720e-01
6.203339e-04 1.279720e-01
6.205339e-04 1.279719e-01
6.207338e-04 1.279719e-01
6.209337e-04 1.279718e-01
6.211336e-04 1.279717e-01
6.213336e-04 1.279717e-01
6.215335e-04 1.279716e-01
6.217334e-04 1.279716e-01
6.219334e-04 1.279715e-01
6.221333e-04 1.279715e-01
6.223332e-04 1.279714e-01
6.225332e-04 1.279714e-01
6.227331e-04 1.279713e-01
6.229330e-04 1.279713e-01
6.231329e-04 1.279712e-01
6.233329e-04 1.279712e-01
6.235328e-04 1.279711e-01
6.237327e-04 1.279710e-01
6.239327e-04 1.279710e-01
6.241326e-04 1.279709e-01
6.243325e-04 1.279709e-01
6.245324e-04 1.279708e-01
6.247324e-04 1.279708e-01
6.249323e-04 1.279707e-01
6.251322e-04 1.279707e-01
6.253322e-04 1.279706e-01
6.255321e-04 1.279706e-01
6.257320e-04 1.279705e-01
6.259320e-04 1.279705e-01
6.261319e-04 1.279704e-01
6.263318e-04 1.279703e-01
6.265317e-04 1.279703e-01
6.267317e-04 1.279702e-01
6.269316e-04 1.279702e-01
6.271315e-04 1.279701e-01
6.273315e-04 1.279701e-01
6.275314e-04 1.279700e-01
6.277313e-04 1.279700e-01
6.279312e-04 1.279699e-01
6.281312e-04 1.279699e-01
6.283311e-04 1.279698e-01
6.285310e-04 1.279698e-01
6.287310e-04 1.279697e-01
6.289309e-04 1.279696e-01
6.291308e-04 1.279696e-01
6.293308e-04 1.279695e-01
6.295307e-04 1.279695e-01
6.297306e-04 1.279694e-01
6.299305e-04 1.279694e-01
6.301305e-04 1.279693e-01
6.303304e-04 1.279693e-01
6.305303e-04 1.279692e-01
6.307303e-04 1.279692e-01
6.309302e-04 1.279691e-01
6.311301e-04 1.279691e-01
6.313301e-04 1.279690e-01
6.315300e-04 1.279689e-01
6.317299e-04 1.279689e-01
6.319298e-04 1.279688e-01
6.321298e-04 1.279688e-01
6.323297e-04 1.279687e-01
6.325296e-04 1.279687e-01
6.327296e-04 1.279686e-01
6.329295e-04 1.279686e-01
6.331294e-04 1.279685e-01
6.333293e-04 1.279685e-01
6.335293e-04 1.279684e-01
6.337292e-04 1.279684e-01
6.339291e-04 1.279683e-01
6.341291e-04 1.279682e-01
6.343290e-04 1.279682e-01
6.345289e-04 1.279681e-01
6.347289e-04 1.279681e-01
6.349288e-04 1.279680e-01
6.351287e-04 1.279680e-01
6.353286e-04 1.279679e-01
6.355286e-04 1.279679e-01
6.357285e-04 1.279678e-01
6.359284e-04 1.279678e-01
6.361284e-04 1.279677e-01
6.363283e-04 1.279677e-01
6.365282e-04 1.279676e-01
6.367281e-04 1.279675e-01
6.369281e-04 1.279675e-01
6.371280e-04 1.279674e-01
6.373279e-04 1.279674e-01
6.375279e-04 1.279673e-01
6.377278e-04 1.279673e-01
6.379277e-04 1.279672e-01
6.381277e-04 1.279672e-01
6.383276e-04 1.279671e-01
6.385275e-04 1.279671e-01
6.387274e-04 1.279670e-01
6.389274e-04 1.279670e-01
6.391273e-04 1.279669e-01
6.393272e-04 1.279669e-01
6.395272e-04 1.279668e-01
6.397271e-04 1.279667e-01
6.399270e-04 1.279667e-01
6.401269e-04 1.279666e-01
6.403269e-04 1.279666e-01
6.405268e-04 1.279665e-01
6.407267e-04 1.279665e-01
6.409267e-04 1.279664e-01
6.411266e-04 1.279664e-01
6.413265e-04 1.279663e-01
6.415265e-04 1.279663e-01
6.417264e-04 1.279662e-01
6.419263e-04 1.279662e-01
6.421262e-04 1.279661e-01
6.423262e-04 1.279660e-01
6.425261e-04 1.279660e-01
6.427260e-04 1.279659e-01
6.429260e-04 1.279659e-01
6.431259e-04 1.279658e-01
6.433258e-04 1.279658e-01
6.435257e-04 1.279657e-01
6.437257e-04 1.279657e-01
6.439256e-04 1.279656e-01
6.441255e-04 1.279656e-01
6.443255e-04 1.279655e-01
6.445254e-04 1.279655e-01
6.447253e-04 1.279654e-01
6.449253e-04 1.279653e-01
6.451252e-04 1.279653e-01
6.453251e-04 1.279652e-01
6.455250e-04 1.279652e-01
6.457250e-04 1.279651e-01
6.459249e-04 1.279651e-01
6.461248e-04 1.279650e-01
6.463248e-04 1.279650e-01
6.465247e-04 1.279649e-01
6.467246e-04 1.279649e-01
6.469245e-04 1.279648e-01
6.471245e-04 1.279648e-01
6.473244e-04 1.279647e-01
6.475243e-04 1.279646e-01
6.477243e-04 1.279646e-01
6.479242e-04 1.279645e-01
6.481241e-04 1.279645e-01
6.483241e-04 1.279644e-01
6.485240e-04 1.279644e-01
6.487239e-04 1.279643e-01
6.489238e-04 1.279643e-01
6.491238e-04 1.279642e-01
6.493237e-04 1.279642e-01
6.495236e-04 1.279641e-01
6.497236e-04 1.279641e-01
6.499235e-04 1.279640e-01
6.501234e-04 1.279639e-01
6.503234e-04 1.279639e-01
6.505233e-04 1.279638e-01
6.507232e-04 1.279638e-01
6.509231e-04 1.279637e-01
6.511231e-04 1.279637e-01
6.513230e-04 1.279636e-01
6.515229e-04 1.279636e-01
6.517229e-04 1.279635e-01
6.519228e-04 1.279635e-01
6.521227e-04 1.279634e-01
6.523226e-04 1.279634e-01
6.525226e-04 1.279633e-01
6.527225e-04 1.279632e-01
6.529224e-04 1.279632e-01
6.531224e-04 1.279631e-01
6.533223e-04 1.279631e-01
6.535222e-04 1.279630e-01
6.537222e-04 1.279630e-01
6.539221e-04 1.279629e-01
6.541220e-04 1.279629e-01
6.543219e-04 1.279628e-01
6.545219e-04 1.279628e-01
6.547218e-04 1.279627e-01
6.549217e-04 1.279627e-01
6.551217e-04 1.279626e-01
6.553216e-04 1.279625e-01
6.555215e-04 1.279625e-01
6.557214e-04 1.279624e-01
6.559214e-04 1.279624e-01
6.561213e-04 1.279623e-01
6.563212e-04 1.279623e-01
6.565212e-04 1.279622e-01
6.567211e-04 1.279622e-01
6.569210e-04 1.279621e-01
6.571210e-04 1.279621e-01
6.573209e-04 1.279620e-01
6.575208e-04 1.279620e-01
6.577207e-04 1.279619e-01
6.579207e-04 1.279619e-01
6.581206e-04 1.279618e-01
6.583205e-04 1.279617e-01
6.585205e-04 1.279617e-01
6.587204e-04 1.279616e-01
6.589203e-04 1.279616e-01
6.591202e-04 1.279615e-01
6.593202e-04 1.279615e-01
6.595201e-04 1.279614e-01
6.597200e-04 1.279614e-01
6.599200e-04 1.279613e-01
6.601199e-04 1.279613e-01
6.603198e-04 1.279612e-01
6.605198e-04 1.279612e-01
6.607197e-04 1.279611e-01
6.609196e-04 1.279610e-01
6.611195e-04 1.279610e-01
6.613195e-04 1.279609e-01
6.615194e-04 1.279609e-01
6.617193e-04 1.279608e-01
6.619193e-04 1.279608e-01
6.621192e-04 1.279607e-01
6.623191e-04 1.279607e-01
6.625190e-04 1.279606e-01
6.627190e-04 1.279606e-01
6.629189e-04 1.279605e-01
6.631188e-04 1.279605e-01
6.633188e-04 1.279604e-01
6.635187e-04 1.279603e-01
6.637186e-04 1.279603e-01
6.639186e-04 1.279602e-01
6.641185e-04 1.279602e-01
6.643184e-04 1.279601e-01
6.645183e-04 1.279601e-01
6.647183e-04 1.279600e-01
6.649182e-04 1.279600e-01
6.651181e-04 1.279599e-01
6.653181e-04 1.279599e-01
6.655180e-04 1.279598e-01
6.657179e-04 1.279598e-01
6.659178e-04 1.279597e-01
6.661178e-04 1.279596e-01
6.663177e-04 1.279596e-01
6.665176e-04 1.279595e-01
6.667176e-04 1.279595e-01
6.669175e-04 1.279594e-01
6.671174e-04 1.279594e-01
6.673174e-04 1.279593e-01
6.675173e-04 1.279593e-01
6.677172e-04 1.279592e-01
6.679171e-04 1.279592e-01
6.681171e-04 1.279591e-01
6.683170e-04 1.279591e-01
6.685169e-04 1.279590e-01
6.687169e-04 1.279589e-01
6.689168e-04 1.279589e-01
6.691167e-04 1.279588e-01
6.693167e-04 1.279588e-01
6.695166e-04 1.279587e-01
6.697165e-04 1.279587e-01
6.699164e-04 1.279586e-01
6.701164e-04 1.279586e-01
6.703163e-04 1.279585e-01
6.705162e-04 1.279585e-01
6.707162e-04 1.279584e-01
6.709161e-04 1.279584e-01
6.711160e-04 1.279583e-01
6.713159e-04 1.279582e-01
6.715159e-04 1.279582e-01
6.717158e-04 1.279581e-01
6.719157e-04 1.279581e-01
6.721157e-04 1.279580e-01
6.723156e-04 1.279580e-01
6.725155e-04 1.279579e-01
6.727155e-04 1.279579e-01
6.729154e-04 1.279578e-01
6.731153e-04 1.279578e-01
6.733152e-04 1.279577e-01
6.735152e-04 1.279577e-01
6.737151e-04 1.279576e-01
6.739150e-04 1.279575e-01
6.741150e-04 1.279575e-01
6.743149e-04 1.279574e-01
6.745148e-04 1.279574e-01
6.747147e-04 1.279573e-01
6.749147e-04 1.279573e-01
6.751146e-04 1.279572e-01
6.753145e-04 1.279572e-01
6.755145e-04 1.279571e-01
6.757144e-04 1.279571e-01
6.759143e-04 1.279570e-01
6.761143e-04 1.279570e-01
6.763142e-04 1.279569e-01
6.765141e-04 1.279569e-01
6.767140e-04 1.279568e-01
6.769140e-04 1.279567e-01
6.771139e-04 1.279567e-01
6.773138e-04 1.279566e-01
6.775138e-04 1.279566e-01
6.777137e-04 1.279565e-01
6.779136e-04 1.279565e-01
6.781135e-04 1.279564e-01
6.783135e-04 1.279564e-01
6.785134e-04 1.279563e-01
6.787133e-04 1.279563e-01
6.789133e-04 1.279562e-01
6.791132e-04 1.279562e-01
6.793131e-04 1.279561e-01
6.795131e-04 1.279560e-01
6.797130e-04 1.279560e-01
6.799129e-04 1.279559e-01
6.801128e-04 1.279559e-01
6.803128e-04 1.279558e-01
6.805127e-04 1.279558e-01
6.807126e-04 1.279557e-01
6.809126e-04 1.279557e-01
6.811125e-04 1.279556e-01
6.813124e-04 1.279556e-01
6.815123e-04 1.279555e-01
6.817123e-04 1.279555e-01
6.819122e-04 1.279554e-01
6.821121e-04 1.279553e-01
6.823121e-04 1.279553e-01
6.825120e-04 1.279552e-01
6.827119e-04 1.279552e-01
6.829119e-04 1.279551e-01
6.831118e-04 1.279551e-01
6.833117e-04 1.279550e-01
6.835116e-04 1.279550e-01
6.837116e-04 1.279549e-01
6.839115e-04 1.279549e-01
6.841114e-04 1.279548e-01
6.843114e-04 1.279548e-01
6.845113e-04 1.279547e-01
6.847112e-04 1.279546e-01
6.849111e-04 1.279546e-01
6.851111e-04 1.279545e-01
6.853110e-04 1.279545e-01
6.855109e-04 1.279544e-01
6.857109e-04 1.279544e-01
6.859108e-04 1.279543e-01
6.861107e-04 1.279543e-01
6.863107e-04 1.279542e-01
6.865106e-04 1.279542e-01
6.867105e-04 1.279541e-01
6.869104e-04 1.279541e-01
6.871104e-04 1.279540e-01
6.873103e-04 1.279539e-01
6.875102e-04 1.279539e-01
6.877102e-04 1.279538e-01
6.879101e-04 1.279538e-01
6.881100e-04 1.279537e-01
6.883100e-04 1.279537e-01
6.885099e-04 1.279536e-01
6.887098e-04 1.279536e-01
6.889097e-04 1.279535e-01
6.891097e-04 1.279535e-01
6.893096e-04 1.279534e-01
6.895095e-04 1.279534e-01
6.897095e-04 1.279533e-01
6.899094e-04 1.279532e-01
6.901093e-04 1.279532e-01
6.903092e-04 1.279531e-01
6.905092e-04 1.279531e-01
6.907091e-04 1.279530e-01
6.909090e-04 1.279530e-01
6.911090e-04 1.279529e-01
6.913089e-04 1.279529e-01
6.915088e-04 1.279528e-01
6.917088e-04 1.279528e-01
6.919087e-04 1.279527e-01
6.921086e-04 1.279527e-01
6.923085e-04 1.279526e-01
6.925085e-04 1.279526e-01
6.927084e-04 1.279525e-01
6.929083e-04 1.279524e-01
6.931083e-04 1.279524e-01
6.933082e-04 1.279523e-01
6.935081e-04 1.279523e-01
6.937080e-04 1.279522e-01
6.939080e-04 1.279522e-01
6.941079e-04 1.279521e-01
6.943078e-04 1.279521e-01
6.945078e-04 1.279520e-01
6.947077e-04 1.279520e-01
6.949076e-04 1.279519e-01
6.951076e-04 1.279519e-01
6.953075e-04 1.279518e-01
6.955074e-04 1.279517e-01
6.957073e-04 1.279517e-01
6.959073e-04 1.279516e-01
6.961072e-04 1.279516e-01
6.963071e-04 1.279515e-01
6.965071e-04 1.279515e-01
6.967070e-04 1.279514e-01
6.969069e-04 1.279514e-01
6.971068e-04 1.279513e-01
6.973068e-04 1.279513e-01
6.975067e-04 1.279512e-01
6.977066e-04 1.279512e-01
6.979066e-04 1.279511e-01
6.981065e-04 1.279510e-01
6.983064e-04 1.279510e-01
6.985064e-04 1.279509e-01
6.987063e-04 1.279509e-01
6.989062e-04 1.279508e-01
6.991061e-04 1.279508e-01
6.993061e-04 1.279507e-01
6.995060e-04 1.279507e-01
6.997059e-04 1.279506e-01
6.999059e-04 1.279506e-01
7.001058e-04 1.279505e-01
7.003057e-04 1.279505e-01
7.005056e-04 1.279504e-01
7.007056e-04 1.279503e-01
7.009055e-04 1.279503e-01
7.011054e-04 1.279502e-01
7.013054e-04 1.279502e-01
7.015053e-04 1.279501e-01
7.017052e-04 1.279501e-01
7.019052e-04 1.279500e-01
7.021051e-04 1.279500e-01
7.023050e-04 1.279499e-01
7.025049e-04 1.279499e-01
7.027049e-04 1.279498e-01
7.029048e-04 1.279498e-01
7.031047e-04 1.279497e-01
7.033047e-04 1.279496e-01
7.035046e-04 1.279496e-01
7.037045e-04 1.279495e-01
7.039044e-04 1.279495e-01
7.041044e-04 1.279494e-01
7.043043e-04 1.279494e-01
7.045042e-04 1.279493e-01
7.047042e-04 1.279493e-01
7.049041e-04 1.279492e-01
7.051040e-04 1.279492e-01
7.053040e-04 1.279491e-01
7.055039e-04 1.279491e-01
7.057038e-04 1.279490e-01
7.059037e-04 1.279489e-01
7.061037e-04 1.279489e-01
7.063036e-04 1.279488e-01
7.065035e-04 1.279488e-01
7.067035e-04 1.279487e-01
7.069034e-04 1.279487e-01
7.071033e-04 1.279486e-01
7.073033e-04 1.279486e-01
7.075032e-04 1.279485e-01
7.077031e-04 1.279485e-01
7.079030e-04 1.279484e-01
7.081030e-04 1.279484e-01
7.083029e-04 1.279483e-01
7.085028e-04 1.279482e-01
7.087028e-04 1.279482e-01
7.089027e-04 1.279481e-01
7.091026e-04 1.279481e-01
7.093025e-04 1.279480e-01
7.095025e-04 1.279480e-01
7.097024e-04 1.279479e-01
7.099023e-04 1.279479e-01
7.101023e-04 1.279478e-01
7.103022e-04 1.279478e-01
7.105021e-04 1.279477e-01
7.107021e-04 1.279477e-01
7.109020e-04 1.279476e-01
7.111019e-04 1.279476e-01
7.113018e-04 1.279475e-01
7.115018e-04 1.279474e-01
7.117017e-04 1.279474e-01
7.119016e-04 1.279473e-01
7.121016e-04 1.279473e-01
7.123015e-04 1.279472e-01
7.125014e-04 1.279472e-01
7.127013e-04 1.279471e-01
7.129013e-04 1.279471e-01
7.131012e-04 1.279470e-01
7.133011e-04 1.279470e-01
7.135011e-04 1.279469e-01
7.137010e-04 1.279469e-01
7.139009e-04 1.279468e-01
7.141009e-04 1.279467e-01
7.143008e-04 1.279467e-01
7.145007e-04 1.279466e-01
7.147006e-04 1.279466e-01
7.149006e-04 1.279465e-01
7.151005e-04 1.279465e-01
7.153004e-04 1.279464e-01
7.155004e-04 1.279464e-01
7.157003e-04 1.279463e-01
7.159002e-04 1.279463e-01
7.161001e-04 1.279462e-01
7.163001e-04 1.279462e-01
7.165000e-04 1.279461e-01
7.166999e-04 1.279460e-01
7.168999e-04 1.279460e-01
7.170998e-04 1.279459e-01
7.172997e-04 1.279459e-01
7.174997e-04 1.279458e-01
7.176996e-04 1.279458e-01
7.178995e-04 1.279457e-01
7.180994e-04 1.279457e-01
7.182994e-04 1.279456e-01
7.184993e-04 1.279456e-01
7.186992e-04 1.279455e-01
7.188992e-04 1.279455e-01
7.190991e-04 1.279454e-01
7.192990e-04 1.279453e-01
7.194989e-04 1.279453e-01
7.196989e-04 1.279452e-01
7.198988e-04 1.279452e-01
7.200987e-04 1.279451e-01
7.202987e-04 1.279451e-01
7.204986e-04 1.279450e-01
7.206985e-04 1.279450e-01
7.208985e-04 1.279449e-01
7.210984e-04 1.279449e-01
7.212983e-04 1.279448e-01
7.214982e-04 1.279448e-01
7.216982e-04 1.279447e-01
7.218981e-04 1.279446e-01
7.220980e-04 1.279446e-01
7.222980e-04 1.279445e-01
7.224979e-04 1.279445e-01
7.226978e-04 1.279444e-01
7.228977e-04 1.279444e-01
7.230977e-04 1.279443e-01
7.232976e-04 1.279443e-01
7.234975e-04 1.279442e-01
7.236975e-04 1.279442e-01
7.238974e-04 1.279441e-01
7.240973e-04 1.279441e-01
7.242973e-04 1.279440e-01
7.244972e-04 1.279439e-01
7.246971e-04 1.279439e-01
7.248970e-04 1.279438e-01
7.250970e-04 1.279438e-01
7.252969e-04 1.279437e-01
7.254968e-04 1.279437e-01
7.256968e-04 1.279436e-01
7.258967e-04 1.279436e-01
7.260966e-04 1.279435e-01
7.262966e-04 1.279435e-01
7.264965e-04 1.279434e-01
7.266964e-04 1.279434e-01
7.268963e-04 1.279433e-01
7.270963e-04 1.279433e-01
7.272962e-04 1.279432e-01
7.274961e-04 1.279431e-01
7.276961e-04 1.279431e-01
7.278960e-04 1.279430e-01
7.280959e-04 1.279430e-01
7.282958e-04 1.279429e-01
7.284958e-04 1.279429e-01
7.286957e-04 1.279428e-01
7.288956e-04 1.279428e-01
7.290956e-04 1.279427e-01
7.292955e-04 1.279427e-01
7.294954e-04 1.279426e-01
7.296954e-04 1.279426e-01
7.298953e-04 1.279425e-01
7.300952e-04 1.279424e-01
7.302951e-04 1.279424e-01
7.304951e-04 1.279423e-01
7.306950e-04 1.279423e-01
7.308949e-04 1.279422e-01
7.310949e-04 1.279422e-01
7.312948e-04 1.279421e-01
7.314947e-04 1.279421e-01
7.316946e-04 1.279420e-01
7.318946e-04 1.279420e-01
7.320945e-04 1.279419e-01
7.322944e-04 1.279419e-01
7.324944e-04 1.279418e-01
7.326943e-04 1.279417e-01
7.328942e-04 1.279417e-01
7.330942e-04 1.279416e-01
7.332941e-04 1.279416e-01
7.334940e-04 1.279415e-01
7.336939e-04 1.279415e-01
7.338939e-04 1.279414e-01
7.340938e-04 1.279414e-01
7.342937e-04 1.279413e-01
7.344937e-04 1.279413e-01
7.346936e-04 1.279412e-01
7.348935e-04 1.279412e-01
7.350934e-04 1.279411e-01
7.352934e-04 1.279410e-01
7.354933e-04 1.279410e-01
7.356932e-04 1.279409e-01
7.358932e-04 1.279409e-01
7.360931e-04 1.279408e-01
7.362930e-04 1.279408e-01
7.364930e-04 1.279407e-01
7.366929e-04 1.279407e-01
7.368928e-04 1.279406e-01
7.370927e-04 1.279406e-01
7.372927e-04 1.279405e-01
7.374926e-04 1.279405e-01
7.376925e-04 1.279404e-01
7.378925e-04 1.279403e-01
7.380924e-04 1.279403e-01
7.382923e-04 1.279402e-01
7.384922e-04 1.279402e-01
7.386922e-04 1.279401e-01
7.388921e-04 1.279401e-01
7.390920e-04 1.279400e-01
7.392920e-04 1.279400e-01
7.394919e-04 1.279399e-01
7.396918e-04 1.279399e-01
7.398918e-04 1.279398e-01
7.400917e-04 1.279398e-01
7.402916e-04 1.279397e-01
7.404915e-04 1.279396e-01
7.406915e-04 1.279396e-01
7.408914e-04 1.279395e-01
7.410913e-04 1.279395e-01
7.412913e-04 1.279394e-01
7.414912e-04 1.279394e-01
7.416911e-04 1.279393e-01
7.418910e-04 1.279393e-01
7.420910e-04 1.279392e-01
7.422909e-04 1.279392e-01
7.424908e-04 1.279391e-01
7.426908e-04 1.279391e-01
7.428907e-04 1.279390e-01
7.430906e-04 1.279390e-01
7.432906e-04 1.279389e-01
7.434905e-04 1.279388e-01
7.436904e-04 1.279388e-01
7.438903e-04 1.279387e-01
7.440903e-04 1.279387e-01
7.442902e-04 1.279386e-01
7.444901e-04 1.279386e-01
7.446901e-04 1.279385e-01
7.448900e-04 1.279385e-01
7.450899e-04 1.279384e-01
7.452899e-04 1.279384e-01
7.454898e-04 1.279383e-01
7.456897e-04 1.279383e-01
7.458896e-04 1.279382e-01
7.460896e-04 1.279381e-01
7.462895e-04 1.279381e-01
7.464894e-04 1.279380e-01
7.466894e-04 1.279380e-01
7.468893e-04 1.279379e-01
7.470892e-04 1.279379e-01
7.472891e-04 1.279378e-01
7.474891e-04 1.279378e-01
7.476890e-04 1.279377e-01
7.478889e-04 1.279377e-01
7.480889e-04 1.279376e-01
7.482888e-04 1.279376e-01
7.484887e-04 1.279375e-01
7.486887e-04 1.279374e-01
7.488886e-04 1.279374e-01
7.490885e-04 1.279373e-01
7.492884e-04 1.279373e-01
7.494884e-04 1.279372e-01
7.496883e-04 1.279372e-01
7.498882e-04 1.279371e-01
7.500882e-04 1.279371e-01
7.502881e-04 1.279370e-01
7.504880e-04 1.279370e-01
7.506879e-04 1.279369e-01
7.508879e-04 1.279369e-01
7.510878e-04 1.279368e-01
7.512877e-04 1.279367e-01
7.514877e-04 1.279367e-01
7.516876e-04 1.279366e-01
7.518875e-04 1.279366e-01
7.520875e-04 1.279365e-01
7.522874e-04 1.279365e-01
7.524873e-04 1.279364e-01
7.526872e-04 1.279364e-01
7.528872e-04 1.279363e-01
7.530871e-04 1.279363e-01
7.532870e-04 1.279362e-01
7.534870e-04 1.279362e-01
7.536869e-04 1.279361e-01
7.538868e-04 1.279360e-01
7.540867e-04 1.279360e-01
7.542867e-04 1.279359e-01
7.544866e-04 1.279359e-01
7.546865e-04 1.279358e-01
7.548865e-04 1.279358e-01
7.550864e-04 1.279357e-01
7.552863e-04 1.279357e-01
7.554863e-04 1.279356e-01
7.556862e-04 1.279356e-01
7.558861e-04 1.279355e-01
7.560860e-04 1.279355e-01
7.562860e-04 1.279354e-01
7.564859e-04 1.279353e-01
7.566858e-04 1.279353e-01
7.568858e-04 1.279352e-01
7.570857e-04 1.279352e-01
7.572856e-04 1.279351e-01
7.574855e-04 1.279351e-01
7.576855e-04 1.279350e-01
7.578854e-04 1.279350e-01
7.580853e-04 1.279349e-01
7.582853e-04 1.279349e-01
7.584852e-04 1.279348e-01
7.586851e-04 1.279348e-01
7.588851e-04 1.279347e-01
7.590850e-04 1.279347e-01
7.592849e-04 1.279346e-01
7.594848e-04 1.279345e-01
7.596848e-04 1.279345e-01
7.598847e-04 1.279344e-01
7.600846e-04 1.279344e-01
7.602846e-04 1.279343e-01
7.604845e-04 1.279343e-01
7.606844e-04 1.279342e-01
7.608843e-04 1.279342e-01
7.610843e-04 1.279341e-01
7.612842e-04 1.279341e-01
7.614841e-04 1.279340e-01
7.616841e-04 1.279340e-01
7.618840e-04 1.279339e-01
7.620839e-04 1.279338e-01
7.622839e-04 1.279338e-01
7.624838e-04 1.279337e-01
7.626837e-04 1.279337e-01
7.628836e-04 1.279336e-01
7.630836e-04 1.279336e-01
7.632835e-04 1.279335e-01
7.634834e-04 1.279335e-01
7.636834e-04 1.279334e-01
7.638833e-04 1.279334e-01
7.640832e-04 1.279333e-01
7.642832e-04 1.279333e-01
7.644831e-04 1.279332e-01
7.646830e-04 1.279331e-01
7.648829e-04 1.279331e-01
7.650829e-04 1.279330e-01
7.652828e-04 1.279330e-01
7.654827e-04 1.279329e-01
7.656827e-04 1.279329e-01
7.658826e-04 1.279328e-01
7.660825e-04 1.279328e-01
7.662824e-04 1.279327e-01
7.664824e-04 1.279327e-01
7.666823e-04 1.279326e-01
7.668822e-04 1.279326e-01
7.670822e-04 1.279325e-01
7.672821e-04 1.279324e-01
7.674820e-04 1.279324e-01
7.676820e-04 1.279323e-01
7.678819e-04 1.279323e-01
7.680818e-04 1.279322e-01
7.682817e-04 1.279322e-01
7.684817e-04 1.279321e-01
7.686816e-04 1.279321e-01
7.688815e-04 1.279320e-01
7.690815e-04 1.279320e-01
7.692814e-04 1.279319e-01
7.694813e-04 1.279319e-01
7.696812e-04 1.279318e-01
7.698812e-04 1.279317e-01
7.700811e-04 1.279317e-01
7.702810e-04 1.279316e-01
7.704810e-04 1.279316e-01
7.706809e-04 1.279315e-01
7.708808e-04 1.279315e-01
7.710808e-04 1.279314e-01
7.712807e-04 1.279314e-01
7.714806e-04 1.279313e-01
7.716805e-04 1.279313e-01
7.718805e-04 1.279312e-01
7.720804e-04 1.279312e-01
7.722803e-04 1.279311e-01
7.724803e-04 1.279310e-01
7.726802e-04 1.279310e-01
7.728801e-04 1.279309e-01
7.730800e-04 1.279309e-01
7.732800e-04 1.279308e-01
7.734799e-04 1.279308e-01
7.736798e-04 1.279307e-01
7.738798e-04 1.279307e-01
7.740797e-04 1.279306e-01
7.742796e-04 1.279306e-01
7.744796e-04 1.279305e-01
7.746795e-04 1.279305e-01
7.748794e-04 1.279304e-01
7.750793e-04 1.279304e-01
7.752793e-04 1.279303e-01
7.754792e-04 1.279302e-01
7.756791e-04 1.279302e-01
7.758791e-04 1.279301e-01
7.760790e-04 1.279301e-01
7.762789e-04 1.279300e-01
7.764788e-04 1.279300e-01
7.766788e-04 1.279299e-01
7.768787e-04 1.279299e-01
7.770786e-04 1.279298e-01
7.772786e-04 1.279298e-01
7.774785e-04 1.279297e-01
7.776784e-04 1.279297e-01
7.778784e-04 1.279296e-01
7.780783e-04 1.279295e-01
7.782782e-04 1.279295e-01
7.784781e-04 1.279294e-01
7.786781e-04 1.279294e-01
7.788780e-04 1.279293e-01
7.790779e-04 1.279293e-01
7.792779e-04 1.279292e-01
7.794778e-04 1.279292e-01
7.796777e-04 1.279291e-01
7.798776e-04 1.279291e-01
7.800776e-04 1.279290e-01
7.802775e-04 1.279290e-01
7.804774e-04 1.279289e-01
7.806774e-04 1.279288e-01
7.808773e-04 1.279288e-01
7.810772e-04 1.279287e-01
7.812772e-04 1.279287e-01
7.814771e-04 1.279286e-01
7.816770e-04 1.279286e-01
7.818769e-04 1.279285e-01
7.820769e-04 1.279285e-01
7.822768e-04 1.279284e-01
7.824767e-04 1.279284e-01
7.826767e-04 1.279283e-01
7.828766e-04 1.279283e-01
7.830765e-04 1.279282e-01
7.832765e-04 1.279281e-01
7.834764e-04 1.279281e-01
7.836763e-04 1.279280e-01
7.838762e-04 1.279280e-01
7.840762e-04 1.279279e-01
7.842761e-04 1.279279e-01
7.844760e-04 1.279278e-01
7.846760e-04 1.279278e-01
7.848759e-04 1.279277e-01
7.850758e-04 1.279277e-01
7.852757e-04 1.279276e-01
7.854757e-04 1.279276e-01
7.856756e-04 1.279275e-01
7.858755e-04 1.279274e-01
7.860755e-04 1.279274e-01
7.862754e-04 1.279273e-01
7.864753e-04 1.279273e-01
7.866753e-04 1.279272e-01
7.868752e-04 1.279272e-01
7.870751e-04 1.279271e-01
7.872750e-04 1.279271e-01
7.874750e-04 1.279270e-01
7.876749e-04 1.279270e-01
7.878748e-04 1.279269e-01
7.880748e-04 1.279269e-01
7.882747e-04 1.279268e-01
7.884746e-04 1.279268e-01
7.886745e-04 1.279267e-01
7.888745e-04 1.279266e-01
7.890744e-04 1.279266e-01
7.892743e-04 1.279265e-01
7.894743e-04 1.279265e-01
7.896742e-04 1.279264e-01
7.898741e-04 1.279264e-01
7.900741e-04 1.279263e-01
7.902740e-04 1.279263e-01
7.904739e-04 1.279262e-01
7.906738e-04 1.279262e-01
7.908738e-04 1.279261e-01
7.910737e-04 1.279261e-01
7.912736e-04 1.279260e-01
7.914736e-04 1.279259e-01
7.916735e-04 1.279259e-01
7.918734e-04 1.279258e-01
7.920733e-04 1.279258e-01
7.922733e-04 1.279257e-01
7.924732e-04 1.279257e-01
7.926731e-04 1.279256e-01
7.928731e-04 1.279256e-01
7.930730e-04 1.279255e-01
7.932729e-04 1.279255e-01
7.934729e-04 1.279254e-01
7.936728e-04 1.279254e-01
7.938727e-04 1.279253e-01
7.940726e-04 1.279252e-01
7.942726e-04 1.279252e-01
7.944725e-04 1.279251e-01
7.946724e-04 1.279251e-01
7.948724e-04 1.279250e-01
7.950723e-04 1.279250e-01
7.952722e-04 1.279249e-01
7.954721e-04 1.279249e-01
7.956721e-04 1.279248e-01
7.958720e-04 1.279248e-01
7.960719e-04 1.279247e-01
7.962719e-04 1.279247e-01
7.964718e-04 1.279246e-01
7.966717e-04 1.279245e-01
7.968717e-04 1.279245e-01
7.970716e-04 1.279244e-01
7.972715e-04 1.279244e-01
7.974714e-04 1.279243e-01
7.976714e-04 1.279243e-01
7.978713e-04 1.279242e-01
7.980712e-04 1.279242e-01
7.982712e-04 1.279241e-01
7.984711e-04 1.279241e-01
7.986710e-04 1.279240e-01
7.988709e-04 1.279240e-01
7.990709e-04 1.279239e-01
7.992708e-04 1.279238e-01
7.994707e-04 1.279238e-01
7.996707e-04 1.279237e-01
7.998706e-04 1.279237e-01
8.000705e-04 1.279236e-01
8.002705e-04 1.279236e-01
8.004704e-04 1.279235e-01
8.006703e-04 1.279235e-01
8.008702e-04 1.279234e-01
8.010702e-04 1.279234e-01
8.012701e-04 1.279233e-01
8.014700e-04 1.279233e-01
8.016700e-04 1.279232e-01
8.018699e-04 1.279231e-01
8.020698e-04 1.279231e-01
8.022698e-04 1.279230e-01
8.024697e-04 1.279230e-01
8.026696e-04 1.279229e-01
8.028695e-04 1.279229e-01
8.030695e-04 1.279228e-01
8.032694e-04 1.279228e-01
8.034693e-04 1.279227e-01
8.036693e-04 1.279227e-01
8.038692e-04 1.279226e-01
8.040691e-04 1.279226e-01
8.042690e-04 1.279225e-01
8.044690e-04 1.279225e-01
8.046689e-04 1.279224e-01
8.048688e-04 1.279223e-01
8.050688e-04 1.279223e-01
8.052687e-04 1.279222e-01
8.054686e-04 1.279222e-01
8.056686e-04 1.279221e-01
8.058685e-04 1.279221e-01
8.060684e-04 1.279220e-01
8.062683e-04 1.279220e-01
8.064683e-04 1.279219e-01
8.066682e-04 1.279219e-01
8.068681e-04 1.279218e-01
8.070681e-04 1.279218e-01
8.072680e-04 1.279217e-01
8.074679e-04 1.279216e-01
8.076678e-04 1.279216e-01
8.078678e-04 1.279215e-01
8.080677e-04 1.279215e-01
8.082676e-04 1.279214e-01
8.084676e-04 1.279214e-01
8.086675e-04 1.279213e-01
8.088674e-04 1.279213e-01
8.090674e-04 1.279212e-01
8.092673e-04 1.279212e-01
8.094672e-04 1.279211e-01
8.096671e-04 1.279211e-01
8.098671e-04 1.279210e-01
8.100670e-04 1.279209e-01
8.102669e-04 1.279209e-01
8.104669e-04 1.279208e-01
8.106668e-04 1.279208e-01
8.108667e-04 1.279207e-01
8.110666e-04 1.279207e-01
8.112666e-04 1.279206e-01
8.114665e-04 1.279206e-01
8.116664e-04 1.279205e-01
8.118664e-04 1.279205e-01
8.120663e-04 1.279204e-01
8.122662e-04 1.279204e-01
8.124662e-04 1.279203e-01
8.126661e-04 1.279202e-01
8.128660e-04 1.279202e-01
8.130659e-04 1.279201e-01
8.132659e-04 1.279201e-01
8.134658e-04 1.279200e-01
8.136657e-04 1.279200e-01
8.138657e-04 1.279199e-01
8.140656e-04 1.279199e-01
8.142655e-04 1.279198e-01
8.144654e-04 1.279198e-01
8.146654e-04 1.279197e-01
8.148653e-04 1.279197e-01
8.150652e-04 1.279196e-01
8.152652e-04 1.279195e-01
8.154651e-04 1.279195e-01
8.156650e-04 1.279194e-01
8.158650e-04 1.279194e-01
8.160649e-04 1.279193e-01
8.162648e-04 1.279193e-01
8.164647e-04 1.279192e-01
8.166647e-04 1.279192e-01
8.168646e-04 1.279191e-01
8.170645e-04 1.279191e-01
8.172645e-04 1.279190e-01
8.174644e-04 1.279190e-01
8.176643e-04 1.279189e-01
8.178642e-04 1.279189e-01
8.180642e-04 1.279188e-01
8.182641e-04 1.279187e-01
8.184640e-04 1.279187e-01
8.186640e-04 1.279186e-01
8.188639e-04 1.279186e-01
8.190638e-04 1.279185e-01
8.192638e-04 1.279185e-01
8.194637e-04 1.279184e-01
8.196636e-04 1.279184e-01
8.198635e-04 1.279183e-01
8.200635e-04 1.279183e-01
8.202634e-04 1.279182e-01
8.204633e-04 1.279182e-01
8.206633e-04 1.279181e-01
8.208632e-04 1.279180e-01
8.210631e-04 1.279180e-01
8.212631e-04 1.279179e-01
8.214630e-04 1.279179e-01
8.216629e-04 1.279178e-01
8.218628e-04 1.279178e-01
8.220628e-04 1.279177e-01
8.222627e-04 1.279177e-01
8.224626e-04 1.279176e-01
8.226626e-04 1.279176e-01
8.228625e-04 1.279175e-01
8.230624e-04 1.279175e-01
8.232623e-04 1.279174e-01
8.234623e-04 1.279173e-01
8.236622e-04 1.279173e-01
8.238621e-04 1.279172e-01
8.240621e-04 1.279172e-01
8.242620e-04 1.279171e-01
8.244619e-04 1.279171e-01
8.246619e-04 1.279170e-01
8.248618e-04 1.279170e-01
8.250617e-04 1.279169e-01
8.252616e-04 1.279169e-01
8.254616e-04 1.279168e-01
8.256615e-04 1.279168e-01
8.258614e-04 1.279167e-01
8.260614e-04 1.279166e-01
8.262613e-04 1.279166e-01
8.264612e-04 1.279165e-01
8.266611e-04 1.279165e-01
8.268611e-04 1.279164e-01
8.270610e-04 1.279164e-01
8.272609e-04 1.279163e-01
8.274609e-04 1.279163e-01
8.276608e-04 1.279162e-01
8.278607e-04 1.279162e-01
8.280607e-04 1.279161e-01
8.282606e-04 1.279161e-01
8.284605e-04 1.279160e-01
8.286604e-04 1.279159e-01
8.288604e-04 1.279159e-01
8.290603e-04 1.279158e-01
8.292602e-04 1.279158e-01
8.294602e-04 1.279157e-01
8.296601e-04 1.279157e-01
8.298600e-04 1.279156e-01
8.300599e-04 1.279156e-01
8.302599e-04 1.279155e-01
8.304598e-04 1.279155e-01
8.306597e-04 1.279154e-01
8.308597e-04 1.279154e-01
8.310596e-04 1.279153e-01
8.312595e-04 1.279153e-01
8.314595e-04 1.279152e-01
8.316594e-04 1.279151e-01
8.318593e-04 1.279151e-01
8.320592e-04 1.279150e-01
8.322592e-04 1.279150e-01
8.324591e-04 1.279149e-01
8.326590e-04 1.279149e-01
8.328590e-04 1.279148e-01
8.330589e-04 1.279148e-01
8.332588e-04 1.279147e-01
8.334587e-04 1.279147e-01
8.336587e-04 1.279146e-01
8.338586e-04 1.279146e-01
8.340585e-04 1.279145e-01
8.342585e-04 1.279144e-01
8.344584e-04 1.279144e-01
8.346583e-04 1.279143e-01
8.348583e-04 1.279143e-01
8.350582e-04 1.279142e-01
8.352581e-04 1.279142e-01
8.354580e-04 1.279141e-01
8.356580e-04 1.279141e-01
8.358579e-04 1.279140e-01
8.360578e-04 1.279140e-01
8.362578e-04 1.279139e-01
8.364577e-04 1.279139e-01
8.366576e-04 1.279138e-01
8.368575e-04 1.279137e-01
8.370575e-04 1.279137e-01
8.372574e-04 1.279136e-01
8.374573e-04 1.279136e-01
8.376573e-04 1.279135e-01
8.378572e-04 1.279135e-01
8.380571e-04 1.279134e-01
8.382571e-04 1.279134e-01
8.384570e-04 1.279133e-01
8.386569e-04 1.279133e-01
8.388568e-04 1.279132e-01
8.390568e-04 1.279132e-01
8.392567e-04 1.279131e-01
8.394566e-04 1.279130e-01
8.396566e-04 1.279130e-01
8.398565e-04 1.279129e-01
8.400564e-04 1.279129e-01
8.402564e-04 1.279128e-01
8.404563e-04 1.279128e-01
8.406562e-04 1.279127e-01
8.408561e-04 1.279127e-01
8.410561e-04 1.279126e-01
8.412560e-04 1.279126e-01
8.414559e-04 1.279125e-01
8.416559e-04 1.279125e-01
8.418558e-04 1.279124e-01
8.420557e-04 1.279123e-01
8.422556e-04 1.279123e-01
8.424556e-04 1.279122e-01
8.426555e-04 1.279122e-01
8.428554e-04 1.279121e-01
8.430554e-04 1.279121e-01
8.432553e-04 1.279120e-01
8.434552e-04 1.279120e-01
8.436552e-04 1.279119e-01
8.438551e-04 1.279119e-01
8.440550e-04 1.279118e-01
8.442549e-04 1.279118e-01
8.444549e-04 1.279117e-01
8.446548e-04 1.279117e-01
8.448547e-04 1.279116e-01
8.450547e-04 1.279115e-01
8.452546e-04 1.279115e-01
8.454545e-04 1.279114e-01
8.456544e-04 1.279114e-01
8.458544e-04 1.279113e-01
8.460543e-04 1.279113e-01
8.462542e-04 1.279112e-01
8.464542e-04 1.279112e-01
8.466541e-04 1.279111e-01
8.468540e-04 1.279111e-01
8.470540e-04 1.279110e-01
8.472539e-04 1.279110e-01
8.474538e-04 1.279109e-01
8.476537e-04 1.279108e-01
8.478537e-04 1.279108e-01
8.480536e-04 1.279107e-01
8.482535e-04 1.279107e-01
8.484535e-04 1.279106e-01
8.486534e-04 1.279106e-01
8.488533e-04 1.279105e-01
8.490532e-04 1.279105e-01
8.492532e-04 1.279104e-01
8.494531e-04 1.279104e-01
8.496530e-04 1.279103e-01
8.498530e-04 1.279103e-01
8.500529e-04 1.279102e-01
8.502528e-04 1.279101e-01
8.504528e-04 1.279101e-01
8.506527e-04 1.279100e-01
8.508526e-04 1.279100e-01
8.510525e-04 1.279099e-01
8.512525e-04 1.279099e-01
8.514524e-04 1.279098e-01
8.516523e-04 1.279098e-01
8.518523e-04 1.279097e-01
8.520522e-04 1.279097e-01
8.522521e-04 1.279096e-01
8.524520e-04 1.279096e-01
8.526520e-04 1.279095e-01
8.528519e-04 1.279094e-01
8.530518e-04 1.279094e-01
8.532518e-04 1.279093e-01
8.534517e-04 1.279093e-01
8.536516e-04 1.279092e-01
8.538516e-04 1.279092e-01
8.540515e-04 1.279091e-01
8.542514e-04 1.279091e-01
8.544513e-04 1.279090e-01
8.546513e-04 1.279090e-01
8.548512e-04 1.279089e-01
8.550511e-04 1.279089e-01
8.552511e-04 1.279088e-01
8.554510e-04 1.279087e-01
8.556509e-04 1.279087e-01
8.558508e-04 1.279086e-01
8.560508e-04 1.279086e-01
8.562507e-04 1.279085e-01
8.564506e-04 1.279085e-01
8.566506e-04 1.279084e-01
8.568505e-04 1.279084e-01
8.570504e-04 1.279083e-01
8.572504e-04 1.279083e-01
8.574503e-04 1.279082e-01
8.576502e-04 1.279082e-01
8.578501e-04 1.279081e-01
8.580501e-04 1.279081e-01
8.582500e-04 1.279080e-01
8.584499e-04 1.279079e-01
8.586499e-04 1.279079e-01
8.588498e-04 1.279078e-01
8.590497e-04 1.279078e-01
8.592497e-04 1.279077e-01
8.594496e-04 1.279077e-01
8.596495e-04 1.279076e-01
8.598494e-04 1.279076e-01
8.600494e-04 1.279075e-01
8.602493e-04 1.279075e-01
8.604492e-04 1.279074e-01
8.606492e-04 1.279074e-01
8.608491e-04 1.279073e-01
8.610490e-04 1.279072e-01
8.612489e-04 1.279072e-01
8.614489e-04 1.279071e-01
8.616488e-04 1.279071e-01
8.618487e-04 1.279070e-01
8.620487e-04 1.279070e-01
8.622486e-04 1.279069e-01
8.624485e-04 1.279069e-01
8.626485e-04 1.279068e-01
8.628484e-04 1.279068e-01
8.630483e-04 1.279067e-01
8.632482e-04 1.279067e-01
8.634482e-04 1.279066e-01
8.636481e-04 1.279065e-01
8.638480e-04 1.279065e-01
8.640480e-04 1.279064e-01
8.642479e-04 1.279064e-01
8.644478e-04 1.279063e-01
8.646477e-04 1.279063e-01
8.648477e-04 1.279062e-01
8.650476e-04 1.279062e-01
8.652475e-04 1.279061e-01
8.654475e-04 1.279061e-01
8.656474e-04 1.279060e-01
8.658473e-04 1.279060e-01
8.660473e-04 1.279059e-01
8.662472e-04 1.279058e-01
8.664471e-04 1.279058e-01
8.666470e-04 1.279057e-01
8.668470e-04 1.279057e-01
8.670469e-04 1.279056e-01
8.672468e-04 1.279056e-01
8.674468e-04 1.279055e-01
8.676467e-04 1.279055e-01
8.678466e-04 1.279054e-01
8.680465e-04 1.279054e-01
8.682465e-04 1.279053e-01
8.684464e-04 1.279053e-01
8.686463e-04 1.279052e-01
8.688463e-04 1.279051e-01
8.690462e-04 1.279051e-01
8.692461e-04 1.279050e-01
8.694461e-04 1.279050e-01
8.696460e-04 1.279049e-01
8.698459e-04 1.279049e-01
8.700458e-04 1.279048e-01
8.702458e-04 1.279048e-01
8.704457e-04 1.279047e-01
8.706456e-04 1.279047e-01
8.708456e-04 1.279046e-01
8.710455e-04 1.279046e-01
8.712454e-04 1.279045e-01
8.714453e-04 1.279045e-01
8.716453e-04 1.279044e-01
8.718452e-04 1.279043e-01
8.720451e-04 1.279043e-01
8.722451e-04 1.279042e-01
8.724450e-04 1.279042e-01
8.726449e-04 1.279041e-01
8.728449e-04 1.279041e-01
8.730448e-04 1.279040e-01
8.732447e-04 1.279040e-01
8.734446e-04 1.279039e-01
8.736446e-04 1.279039e-01
8.738445e-04 1.279038e-01
8.740444e-04 1.279038e-01
8.742444e-04 1.279037e-01
8.744443e-04 1.279036e-01
8.746442e-04 1.279036e-01
8.748441e-04 1.279035e-01
8.750441e-04 1.279035e-01
8.752440e-04 1.279034e-01
8.754439e-04 1.279034e-01
8.756439e-04 1.279033e-01
8.758438e-04 1.279033e-01
8.760437e-04 1.279032e-01
8.762437e-04 1.279032e-01
8.764436e-04 1.279031e-01
8.766435e-04 1.279031e-01
8.768434e-04 1.279030e-01
8.770434e-04 1.279029e-01
8.772433e-04 1.279029e-01
8.774432e-04 1.279028e-01
8.776432e-04 1.279028e-01
8.778431e-04 1.279027e-01
8.780430e-04 1.279027e-01
8.782430e-04 1.279026e-01
8.784429e-04 1.279026e-01
8.786428e-04 1.279025e-01
8.788427e-04 1.279025e-01
8.790427e-04 1.279024e-01
8.792426e-04 1.279024e-01
8.794425e-04 1.279023e-01
8.796425e-04 1.279022e-01
8.798424e-04 1.279022e-01
8.800423e-04 1.279021e-01
8.802422e-04 1.279021e-01
8.804422e-04 1.279020e-01
8.806421e-04 1.279020e-01
8.808420e-04 1.279019e-01
8.810420e-04 1.279019e-01
8.812419e-04 1.279018e-01
8.814418e-04 1.279018e-01
8.816418e-04 1.279017e-01
8.818417e-04 1.279017e-01
8.820416e-04 1.279016e-01
8.822415e-04 1.279015e-01
8.824415e-04 1.279015e-01
8.826414e-04 1.279014e-01
8.828413e-04 1.279014e-01
8.830413e-04 1.279013e-01
8.832412e-04 1.279013e-01
8.834411e-04 1.279012e-01
8.836410e-04 1.279012e-01
8.838410e-04 1.279011e-01
8.840409e-04 1.279011e-01
8.842408e-04 1.279010e-01
8.844408e-04 1.279010e-01
8.846407e-04 1.279009e-01
8.848406e-04 1.279009e-01
8.850406e-04 1.279008e-01
8.852405e-04 1.279007e-01
8.854404e-04 1.279007e-01
8.856403e-04 1.279006e-01
8.858403e-04 1.279006e-01
8.860402e-04 1.279005e-01
8.862401e-04 1.279005e-01
8.864401e-04 1.279004e-01
8.866400e-04 1.279004e-01
8.868399e-04 1.279003e-01
8.870398e-04 1.279003e-01
8.872398e-04 1.279002e-01
8.874397e-04 1.279002e-01
8.876396e-04 1.279001e-01
8.878396e-04 1.279000e-01
8.880395e-04 1.279000e-01
8.882394e-04 1.278999e-01
8.884394e-04 1.278999e-01
8.886393e-04 1.278998e-01
8.888392e-04 1.278998e-01
8.890391e-04 1.278997e-01
8.892391e-04 1.278997e-01
8.894390e-04 1.278996e-01
8.896389e-04 1.278996e-01
8.898389e-04 1.278995e-01
8.900388e-04 1.278995e-01
8.902387e-04 1.278994e-01
8.904386e-04 1.278993e-01
8.906386e-04 1.278993e-01
8.908385e-04 1.278992e-01
8.910384e-04 1.278992e-01
8.912384e-04 1.278991e-01
8.914383e-04 1.278991e-01
8.916382e-04 1.278990e-01
8.918382e-04 1.278990e-01
8.920381e-04 1.278989e-01
8.922380e-04 1.278989e-01
8.924379e-04 1.278988e-01
8.926379e-04 1.278988e-01
8.928378e-04 1.278987e-01
8.930377e-04 1.278986e-01
8.932377e-04 1.278986e-01
8.934376e-04 1.278985e-01
8.936375e-04 1.278985e-01
8.938374e-04 1.278984e-01
8.940374e-04 1.278984e-01
8.942373e-04 1.278983e-01
8.944372e-04 1.278983e-01
8.946372e-04 1.278982e-01
8.948371e-04 1.278982e-01
8.950370e-04 1.278981e-01
8.952370e-04 1.278981e-01
8.954369e-04 1.278980e-01
8.956368e-04 1.278979e-01
8.958367e-04 1.278979e-01
8.960367e-04 1.278978e-01
8.962366e-04 1.278978e-01
8.964365e-04 1.278977e-01
8.966365e-04 1.278977e-01
8.968364e-04 1.278976e-01
8.970363e-04 1.278976e-01
8.972363e-04 1.278975e-01
8.974362e-04 1.278975e-01
8.976361e-04 1.278974e-01
8.978360e-04 1.278974e-01
8.980360e-04 1.278973e-01
8.982359e-04 1.278973e-01
8.984358e-04 1.278972e-01
8.986358e-04 1.278971e-01
8.988357e-04 1.278971e-01
8.990356e-04 1.278970e-01
8.992355e-04 1.278970e-01
8.994355e-04 1.278969e-01
8.996354e-04 1.278969e-01
8.998353e-04 1.278968e-01
9.000353e-04 1.278968e-01
9.002352e-04 1.278967e-01
9.004351e-04 1.278967e-01
9.006351e-04 1.278966e-01
9.008350e-04 1.278966e-01
9.010349e-04 1.278965e-01
9.012348e-04 1.278964e-01
9.014348e-04 1.278964e-01
9.016347e-04 1.278963e-01
9.018346e-04 1.278963e-01
9.020346e-04 1.278962e-01
9.022345e-04 1.278962e-01
9.024344e-04 1.278961e-01
9.026343e-04 1.278961e-01
9.028343e-04 1.278960e-01
9.030342e-04 1.278960e-01
9.032341e-04 1.278959e-01
9.034341e-04 1.278959e-01
9.036340e-04 1.278958e-01
9.038339e-04 1.278957e-01
9.040339e-04 1.278957e-01
9.042338e-04 1.278956e-01
9.044337e-04 1.278956e-01
9.046336e-04 1.278955e-01
9.048336e-04 1.278955e-01
9.050335e-04 1.278954e-01
9.052334e-04 1.278954e-01
9.054334e-04 1.278953e-01
9.056333e-04 1.278953e-01
9.058332e-04 1.278952e-01
9.060331e-04 1.278952e-01
9.062331e-04 1.278951e-01
9.064330e-04 1.278950e-01
9.066329e-04 1.278950e-01
9.068329e-04 1.278949e-01
9.070328e-04 1.278949e-01
9.072327e-04 1.278948e-01
9.074327e-04 1.278948e-01
9.076326e-04 1.278947e-01
9.078325e-04 1.278947e-01
9.080324e-04 1.278946e-01
9.082324e-04 1.278946e-01
9.084323e-04 1.278945e-01
9.086322e-04 1.278945e-01
9.088322e-04 1.278944e-01
9.090321e-04 1.278944e-01
9.092320e-04 1.278943e-01
9.094319e-04 1.278942e-01
9.096319e-04 1.278942e-01
9.098318e-04 1.278941e-01
9.100317e-04 1.278941e-01
9.102317e-04 1.278940e-01
9.104316e-04 1.278940e-01
9.106315e-04 1.278939e-01
9.108315e-04 1.278939e-01
9.110314e-04 1.278938e-01
9.112313e-04 1.278938e-01
9.114312e-04 1.278937e-01
9.116312e-04 1.278937e-01
9.118311e-04 1.278936e-01
9.120310e-04 1.278935e-01
9.122310e-04 1.278935e-01
9.124309e-04 1.278934e-01
9.126308e-04 1.278934e-01
9.128307e-04 1.278933e-01
9.130307e-04 1.278933e-01
9.132306e-04 1.278932e-01
9.134305e-04 1.278932e-01
9.136305e-04 1.278931e-01
9.138304e-04 1.278931e-01
9.140303e-04 1.278930e-01
9.142303e-04 1.278930e-01
9.144302e-04 1.278929e-01
9.146301e-04 1.278928e-01
9.148300e-04 1.278928e-01
9.150300e-04 1.278927e-01
9.152299e-04 1.278927e-01
9.154298e-04 1.278926e-01
9.156298e-04 1.278926e-01
9.158297e-04 1.278925e-01
9.160296e-04 1.278925e-01
9.162296e-04 1.278924e-01
9.164295e-04 1.278924e-01
9.166294e-04 1.278923e-01
9.168293e-04 1.278923e-01
9.170293e-04 1.278922e-01
9.172292e-04 1.278921e-01
9.174291e-04 1.278921e-01
9.176291e-04 1.278920e-01
9.178290e-04 1.278920e-01
9.180289e-04 1.278919e-01
9.182288e-04 1.278919e-01
9.184288e-04 1.278918e-01
9.186287e-04 1.278918e-01
9.188286e-04 1.278917e-01
9.190286e-04 1.278917e-01
9.192285e-04 1.278916e-01
9.194284e-04 1.278916e-01
9.196284e-04 1.278915e-01
9.198283e-04 1.278914e-01
9.200282e-04 1.278914e-01
9.202281e-04 1.278913e-01
9.204281e-04 1.278913e-01
9.206280e-04 1.278912e-01
9.208279e-04 1.278912e-01
9.210279e-04 1.278911e-01
9.212278e-04 1.278911e-01
9.214277e-04 1.278910e-01
9.216276e-04 1.278910e-01
9.218276e-04 1.278909e-01
9.220275e-04 1.278909e-01
9.222274e-04 1.278908e-01
9.224274e-04 1.278908e-01
9.226273e-04 1.278907e-01
9.228272e-04 1.278906e-01
9.230272e-04 1.278906e-01
9.232271e-04 1.278905e-01
9.234270e-04 1.278905e-01
9.236269e-04 1.278904e-01
9.238269e-04 1.278904e-01
9.240268e-04 1.278903e-01
9.242267e-04 1.278903e-01
9.244267e-04 1.278902e-01
9.246266e-04 1.278902e-01
9.248265e-04 1.278901e-01
9.250264e-04 1.278901e-01
9.252264e-04 1.278900e-01
9.254263e-04 1.278899e-01
9.256262e-04 1.278899e-01
9.258262e-04 1.278898e-01
9.260261e-04 1.278898e-01
9.262260e-04 1.278897e-01
9.264260e-04 1.278897e-01
9.266259e-04 1.278896e-01
9.268258e-04 1.278896e-01
9.270257e-04 1.278895e-01
9.272257e-04 1.278895e-01
9.274256e-04 1.278894e-01
9.276255e-04 1.278894e-01
9.278255e-04 1.278893e-01
9.280254e-04 1.278892e-01
9.282253e-04 1.278892e-01
9.284252e-04 1.278891e-01
9.286252e-04 1.278891e-01
9.288251e-04 1.278890e-01
9.290250e-04 1.278890e-01
9.292250e-04 1.278889e-01
9.294249e-04 1.278889e-01
9.296248e-04 1.278888e-01
9.298248e-04 1.278888e-01
9.300247e-04 1.278887e-01
9.302246e-04 1.278887e-01
9.304245e-04 1.278886e-01
9.306245e-04 1.278885e-01
9.308244e-04 1.278885e-01
9.310243e-04 1.278884e-01
9.312243e-04 1.278884e-01
9.314242e-04 1.278883e-01
9.316241e-04 1.278883e-01
9.318240e-04 1.278882e-01
9.320240e-04 1.278882e-01
9.322239e-04 1.278881e-01
9.324238e-04 1.278881e-01
9.326238e-04 1.278880e-01
9.328237e-04 1.278880e-01
9.330236e-04 1.278879e-01
9.332236e-04 1.278879e-01
9.334235e-04 1.278878e-01
9.336234e-04 1.278877e-01
9.338233e-04 1.278877e-01
9.340233e-04 1.278876e-01
9.342232e-04 1.278876e-01
9.344231e-04 1.278875e-01
9.346231e-04 1.278875e-01
9.348230e-04 1.278874e-01
9.350229e-04 1.278874e-01
9.352229e-04 1.278873e-01
9.354228e-04 1.278873e-01
9.356227e-04 1.278872e-01
9.358226e-04 1.278872e-01
9.360226e-04 1.278871e-01
9.362225e-04 1.278870e-01
9.364224e-04 1.278870e-01
9.366224e-04 1.278869e-01
9.368223e-04 1.278869e-01
9.370222e-04 1.278868e-01
9.372221e-04 1.278868e-01
9.374221e-04 1.278867e-01
9.376220e-04 1.278867e-01
9.378219e-04 1.278866e-01
9.380219e-04 1.278866e-01
9.382218e-04 1.278865e-01
9.384217e-04 1.278865e-01
9.386217e-04 1.278864e-01
9.388216e-04 1.278863e-01
9.390215e-04 1.278863e-01
9.392214e-04 1.278862e-01
9.394214e-04 1.278862e-01
9.396213e-04 1.278861e-01
9.398212e-04 1.278861e-01
9.400212e-04 1.278860e-01
9.402211e-04 1.278860e-01
9.404210e-04 1.278859e-01
9.406209e-04 1.278859e-01
9.408209e-04 1.278858e-01
9.410208e-04 1.278858e-01
9.412207e-04 1.278857e-01
9.414207e-04 1.278856e-01
9.416206e-04 1.278856e-01
9.418205e-04 1.278855e-01
9.420205e-04 1.278855e-01
9.422204e-04 1.278854e-01
9.424203e-04 1.278854e-01
9.426202e-04 1.278853e-01
9.428202e-04 1.278853e-01
9.430201e-04 1.278852e-01
9.432200e-04 1.278852e-01
9.434200e-04 1.278851e-01
9.436199e-04 1.278851e-01
9.438198e-04 1.278850e-01
9.440197e-04 1.278849e-01
9.442197e-04 1.278849e-01
9.444196e-04 1.278848e-01
9.446195e-04 1.278848e-01
9.448195e-04 1.278847e-01
9.450194e-04 1.278847e-01
9.452193e-04 1.278846e-01
9.454193e-04 1.278846e-01
9.456192e-04 1.278845e-01
9.458191e-04 1.278845e-01
9.460190e-04 1.278844e-01
9.462190e-04 1.278844e-01
9.464189e-04 1.278843e-01
9.466188e-04 1.278843e-01
9.468188e-04 1.278842e-01
9.470187e-04 1.278841e-01
9.472186e-04 1.278841e-01
9.474185e-04 1.278840e-01
9.476185e-04 1.278840e-01
9.478184e-04 1.278839e-01
9.480183e-04 1.278839e-01
9.482183e-04 1.278838e-01
9.484182e-04 1.278838e-01
9.486181e-04 1.278837e-01
9.488181e-04 1.278837e-01
9.490180e-04 1.278836e-01
9.492179e-04 1.278836e-01
9.494178e-04 1.278835e-01
9.496178e-04 1.278834e-01
9.498177e-04 1.278834e-01
9.500176e-04 1.278833e-01
9.502176e-04 1.278833e-01
9.504175e-04 1.278832e-01
9.506174e-04 1.278832e-01
9.508173e-04 1.278831e-01
9.510173e-04 1.278831e-01
9.512172e-04 1.278830e-01
9.514171e-04 1.278830e-01
9.516171e-04 1.278829e-01
9.518170e-04 1.278829e-01
9.520169e-04 1.278828e-01
9.522169e-04 1.278827e-01
9.524168e-04 1.278827e-01
9.526167e-04 1.278826e-01
9.528166e-04 1.278826e-01
9.530166e-04 1.278825e-01
9.532165e-04 1.278825e-01
9.534164e-04 1.278824e-01
9.536164e-04 1.278824e-01
9.538163e-04 1.278823e-01
9.540162e-04 1.278823e-01
9.542162e-04 1.278822e-01
9.544161e-04 1.278822e-01
9.546160e-04 1.278821e-01
9.548159e-04 1.278820e-01
9.550159e-04 1.278820e-01
9.552158e-04 1.278819e-01
9.554157e-04 1.278819e-01
9.556157e-04 1.278818e-01
9.558156e-04 1.278818e-01
9.560155e-04 1.278817e-01
9.562154e-04 1.278817e-01
9.564154e-04 1.278816e-01
9.566153e-04 1.278816e-01
9.568152e-04 1.278815e-01
9.570152e-04 1.278815e-01
9.572151e-04 1.278814e-01
9.574150e-04 1.278814e-01
9.576150e-04 1.278813e-01
9.578149e-04 1.278812e-01
9.580148e-04 1.278812e-01
9.582147e-04 1.278811e-01
9.584147e-04 1.278811e-01
9.586146e-04 1.278810e-01
9.588145e-04 1.278810e-01
9.590145e-04 1.278809e-01
9.592144e-04 1.278809e-01
9.594143e-04 1.278808e-01
9.596142e-04 1.278808e-01
9.598142e-04 1.278807e-01
9.600141e-04 1.278807e-01
9.602140e-04 1.278806e-01
9.604140e-04 1.278805e-01
9.606139e-04 1.278805e-01
9.608138e-04 1.278804e-01
9.610138e-04 1.278804e-01
9.612137e-04 1.278803e-01
9.614136e-04 1.278803e-01
9.616135e-04 1.278802e-01
9.618135e-04 1.278802e-01
9.620134e-04 1.278801e-01
9.622133e-04 1.278801e-01
9.624133e-04 1.278800e-01
9.626132e-04 1.278800e-01
9.628131e-04 1.278799e-01
9.630130e-04 1.278798e-01
9.632130e-04 1.278798e-01
9.634129e-04 1.278797e-01
9.636128e-04 1.278797e-01
9.638128e-04 1.278796e-01
9.640127e-04 1.278796e-01
9.642126e-04 1.278795e-01
9.644126e-04 1.278795e-01
9.646125e-04 1.278794e-01
9.648124e-04 1.278794e-01
9.650123e-04 1.278793e-01
9.652123e-04 1.278793e-01
9.654122e-04 1.278792e-01
9.656121e-04 1.278791e-01
9.658121e-04 1.278791e-01
9.660120e-04 1.278790e-01
9.662119e-04 1.278790e-01
9.664118e-04 1.278789e-01
9.666118e-04 1.278789e-01
9.668117e-04 1.278788e-01
9.670116e-04 1.278788e-01
9.672116e-04 1.278787e-01
9.674115e-04 1.278787e-01
9.676114e-04 1.278786e-01
9.678114e-04 1.278786e-01
9.680113e-04 1.278785e-01
9.682112e-04 1.278784e-01
9.684111e-04 1.278784e-01
9.686111e-04 1.278783e-01
9.688110e-04 1.278783e-01
9.690109e-04 1.278782e-01
9.692109e-04 1.278782e-01
9.694108e-04 1.278781e-01
9.696107e-04 1.278781e-01
9.698106e-04 1.278780e-01
9.700106e-04 1.278780e-01
9.702105e-04 1.278779e-01
9.704104e-04 1.278779e-01
9.706104e-04 1.278778e-01
9.708103e-04 1.278778e-01
9.710102e-04 1.278777e-01
9.712102e-04 1.278776e-01
9.714101e-04 1.278776e-01
9.716100e-04 1.278775e-01
9.718099e-04 1.278775e-01
9.720099e-04 1.278774e-01
9.722098e-04 1.278774e-01
9.724097e-04 1.278773e-01
9.726097e-04 1.278773e-01
9.728096e-04 1.278772e-01
9.730095e-04 1.278772e-01
9.732095e-04 1.278771e-01
9.734094e-04 1.278771e-01
9.736093e-04 1.278770e-01
9.738092e-04 1.278769e-01
9.740092e-04 1.278769e-01
9.742091e-04 1.278768e-01
9.744090e-04 1.278768e-01
9.746090e-04 1.278767e-01
9.748089e-04 1.278767e-01
9.750088e-04 1.278766e-01
9.752087e-04 1.278766e-01
9.754087e-04 1.278765e-01
9.756086e-04 1.278765e-01
9.758085e-04 1.278764e-01
9.760085e-04 1.278764e-01
9.762084e-04 1.278763e-01
9.764083e-04 1.278762e-01
9.766083e-04 1.278762e-01
9.768082e-04 1.278761e-01
9.770081e-04 1.278761e-01
9.772080e-04 1.278760e-01
9.774080e-04 1.278760e-01
9.776079e-04 1.278759e-01
9.778078e-04 1.278759e-01
9.780078e-04 1.278758e-01
9.782077e-04 1.278758e-01
9.784076e-04 1.278757e-01
9.786075e-04 1.278757e-01
9.788075e-04 1.278756e-01
9.790074e-04 1.278755e-01
9.792073e-04 1.278755e-01
9.794073e-04 1.278754e-01
9.796072e-04 1.278754e-01
9.798071e-04 1.278753e-01
9.800071e-04 1.278753e-01
9.802070e-04 1.278752e-01
9.804069e-04 1.278752e-01
9.806068e-04 1.278751e-01
9.808068e-04 1.278751e-01
9.810067e-04 1.278750e-01
9.812066e-04 1.278750e-01
9.814066e-04 1.278749e-01
9.816065e-04 1.278749e-01
9.818064e-04 1.278748e-01
9.820063e-04 1.278747e-01
9.822063e-04 1.278747e-01
9.824062e-04 1.278746e-01
9.826061e-04 1.278746e-01
9.828061e-04 1.278745e-01
9.830060e-04 1.278745e-01
9.832059e-04 1.278744e-01
9.834059e-04 1.278744e-01
9.836058e-04 1.278743e-01
9.838057e-04 1.278743e-01
9.840056e-04 1.278742e-01
9.842056e-04 1.278742e-01
9.844055e-04 1.278741e-01
9.846054e-04 1.278740e-01
9.848054e-04 1.278740e-01
9.850053e-04 1.278739e-01
9.852052e-04 1.278739e-01
9.854051e-04 1.278738e-01
9.856051e-04 1.278738e-01
9.858050e-04 1.278737e-01
9.860049e-04 1.278737e-01
9.862049e-04 1.278736e-01
9.864048e-04 1.278736e-01
9.866047e-04 1.278735e-01
9.868047e-04 1.278735e-01
9.870046e-04 1.278734e-01
9.872045e-04 1.278733e-01
9.874044e-04 1.278733e-01
9.876044e-04 1.278732e-01
9.878043e-04 1.278732e-01
9.880042e-04 1.278731e-01
9.882042e-04 1.278731e-01
9.884041e-04 1.278730e-01
9.886040e-04 1.278730e-01
9.888039e-04 1.278729e-01
9.890039e-04 1.278729e-01
9.892038e-04 1.278728e-01
9.894037e-04 1.278728e-01
9.896037e-04 1.278727e-01
9.898036e-04 1.278726e-01
9.900035e-04 1.278726e-01
9.902035e-04 1.278725e-01
9.904034e-04 1.278725e-01
9.906033e-04 1.278724e-01
9.908032e-04 1.278724e-01
9.910032e-04 1.278723e-01
9.912031e-04 1.278723e-01
9.914030e-04 1.278722e-01
9.916030e-04 1.278722e-01
9.918029e-04 1.278721e-01
9.920028e-04 1.278721e-01
9.922028e-04 1.278720e-01
9.924027e-04 1.278720e-01
9.926026e-04 1.278719e-01
9.928025e-04 1.278718e-01
9.930025e-04 1.278718e-01
9.932024e-04 1.278717e-01
9.934023e-04 1.278717e-01
9.936023e-04 1.278716e-01
9.938022e-04 1.278716e-01
9.940021e-04 1.278715e-01
9.942020e-04 1.278715e-01
9.944020e-04 1.278714e-01
9.946019e-04 1.278714e-01
9.948018e-04 1.278713e-01
9.950018e-04 1.278713e-01
9.952017e-04 1.278712e-01
9.954016e-04 1.278711e-01
9.956016e-04 1.278711e-01
9.958015e-04 1.278710e-01
9.960014e-04 1.278710e-01
9.962013e-04 1.278709e-01
9.964013e-04 1.278709e-01
9.966012e-04 1.278708e-01
9.968011e-04 1.278708e-01
9.970011e-04 1.278707e-01
9.972010e-04 1.278707e-01
9.974009e-04 1.278706e-01
9.976008e-04 1.278706e-01
9.978008e-04 1.278705e-01
9.980007e-04 1.278704e-01
9.982006e-04 1.278704e-01
9.984006e-04 1.278703e-01
9.986005e-04 1.278703e-01
9.988004e-04 1.278702e-01
9.990004e-04 1.278702e-01
9.992003e-04 1.278701e-01
9.994002e-04 1.278701e-01
9.996001e-04 1.278700e-01
9.998001e-04 1.278700e-01
1.000000e-03 1.278699e-01