2.000000e-07 2.140692e+00
3.999999e-07 2.140692e+00
5.999999e-07 2.140692e+00
7.999999e-07 2.140692e+00
9.999999e-07 2.140692e+00
1.200000e-06 2.140692e+00
1.400000e-06 2.140691e+00
1.600000e-06 2.140691e+00
1.800000e-06 2.140691e+00
2.000000e-06 2.140691e+00
2.200000e-06 2.140691e+00
2.400000e-06 2.140691e+00
2.600000e-06 2.140691e+00
2.800000e-06 2.140691e+00
3.000000e-06 2.140691e+00
3.200000e-06 2.140690e+00
3.400000e-06 2.140690e+00
3.600000e-06 2.140690e+00
3.799999e-06 2.140690e+00
3.999999e-06 2.140690e+00
4.199999e-06 2.140690e+00
4.399999e-06 2.140690e+00
4.599999e-06 2.140690e+00
4.799999e-06 2.140690e+00
4.999999e-06 2.140689e+00
5.199999e-06 2.140689e+00
5.399999e-06 2.140689e+00
5.599999e-06 2.140689e+00
5.799999e-06 2.140689e+00
5.999999e-06 2.140689e+00
6.199999e-06 2.140689e+00
6.399999e-06 2.140689e+00
6.599999e-06 2.140688e+00
6.799999e-06 2.140688e+00
6.999999e-06 2.140688e+00
7.199999e-06 2.140688e+00
7.399999e-06 2.140688e+00
7.599999e-06 2.140688e+00
7.799999e-06 2.140688e+00
7.999999e-06 2.140688e+00
8.199999e-06 2.140688e+00
8.399999e-06 2.140687e+00
8.599999e-06 2.140687e+00
8.799999e-06 2.140687e+00
8.999999e-06 2.140687e+00
9.199999e-06 2.140687e+00
9.399999e-06 2.140687e+00
9.599999e-06 2.140687e+00
9.799999e-06 2.140687e+00
9.999999e-06 2.140687e+00
1.020000e-05 2.140686e+00
1.040000e-05 2.140686e+00
1.060000e-05 2.140686e+00
1.080000e-05 2.140686e+00
1.100000e-05 2.140686e+00
1.120000e-05 2.140686e+00
1.140000e-05 2.140686e+00
1.160000e-05 2.140686e+00
1.180000e-05 2.140685e+00
1.200000e-05 2.140685e+00
1.220000e-05 2.140685e+00
1.240000e-05 2.140685e+00
1.260000e-05 2.140685e+00
1.280000e-05 2.140685e+00
1.300000e-05 2.140685e+00
1.320000e-05 2.140685e+00
1.340000e-05 2.140685e+00
1.360000e-05 2.140684e+00
1.380000e-05 2.140684e+00
1.400000e-05 2.140684e+00
1.420000e-05 2.140684e+00
1.440000e-05 2.140684e+00
1.460000e-05 2.140684e+00
1.480000e-05 2.140684e+00
1.500000e-05 2.140684e+00
1.520000e-05 2.140684e+00
1.540000e-05 2.140683e+00
1.560000e-05 2.140683e+00
1.580000e-05 2.140683e+00
1.600000e-05 2.140683e+00
1.620000e-05 2.140683e+00
1.640000e-05 2.140683e+00
1.660000e-05 2.140683e+00
1.680000e-05 2.140683e+00
1.700000e-05 2.140682e+00
1.720000e-05 2.140682e+00
1.740000e-05 2.140682e+00
1.760000e-05 2.140682e+00
1.780000e-05 2.140682e+00
1.800000e-05 2.140682e+00
1.820000e-05 2.140682e+00
1.840000e-05 2.140682e+00
1.860000e-05 2.140682e+00
1.880000e-05 2.140681e+00
1.900000e-05 2.140681e+00
1.920000e-05 2.140681e+00
1.940000e-05 2.140681e+00
1.960000e-05 2.140681e+00
1.980000e-05 2.140681e+00
2.000000e-05 2.140681e+00
2.020000e-05 2.140681e+00
2.040000e-05 2.140681e+00
2.060000e-05 2.140680e+00
2.080000e-05 2.140680e+00
2.100000e-05 2.140680e+00
2.120000e-05 2.140680e+00
2.140000e-05 2.140680e+00
2.160000e-05 2.140680e+00
2.180000e-05 2.140680e+00
2.200000e-05 2.140680e+00
2.220000e-05 2.140679e+00
2.240000e-05 2.140679e+00
2.260000e-05 2.140679e+00
2.280000e-05 2.140679e+00
2.300000e-05 2.140679e+00
2.320000e-05 2.140679e+00
2.340000e-05 2.140679e+00
2.360000e-05 2.140679e+00
2.380000e-05 2.140679e+00
2.400000e-05 2.140678e+00
2.420000e-05 2.140678e+00
2.440000e-05 2.140678e+00
2.460000e-05 2.140678e+00
2.480000e-05 2.140678e+00
2.500000e-05 2.140678e+00
2.520000e-05 2.140678e+00
2.540000e-05 2.140678e+00
2.560000e-05 2.140678e+00
2.580000e-05 2.140677e+00
2.600000e-05 2.140677e+00
2.620000e-05 2.140677e+00
2.640000e-05 2.140677e+00
2.660000e-05 2.140677e+00
2.680000e-05 2.140677e+00
2.700000e-05 2.140677e+00
2.720000e-05 2.140677e+00
2.740000e-05 2.140676e+00
2.760000e-05 2.140676e+00
2.780000e-05 2.140676e+00
2.800000e-05 2.140676e+00
2.820000e-05 2.140676e+00
2.840000e-05 2.140676e+00
2.860000e-05 2.140676e+00
2.880000e-05 2.140676e+00
2.900000e-05 2.140676e+00
2.920000e-05 2.140675e+00
2.940000e-05 2.140675e+00
2.960000e-05 2.140675e+00
2.980000e-05 2.140675e+00
3.000000e-05 2.140675e+00
3.020000e-05 2.140675e+00
3.040000e-05 2.140675e+00
3.060000e-05 2.140675e+00
3.080000e-05 2.140675e+00
3.100000e-05 2.140674e+00
3.120000e-05 2.140674e+00
3.140000e-05 2.140674e+00
3.160000e-05 2.140674e+00
3.180000e-05 2.140674e+00
3.200000e-05 2.140674e+00
3.220000e-05 2.140674e+00
3.240000e-05 2.140674e+00
3.260000e-05 2.140674e+00
3.280000e-05 2.140673e+00
3.300000e-05 2.140673e+00
3.320000e-05 2.140673e+00
3.340000e-05 2.140673e+00
3.360000e-05 2.140673e+00
3.380000e-05 2.140673e+00
3.400000e-05 2.140673e+00
3.420000e-05 2.140673e+00
3.440000e-05 2.140672e+00
3.460000e-05 2.140672e+00
3.480000e-05 2.140672e+00
3.500000e-05 2.140672e+00
3.520000e-05 2.140672e+00
3.540000e-05 2.140672e+00
3.560000e-05 2.140672e+00
3.580000e-05 2.140672e+00
3.600000e-05 2.140672e+00
3.620000e-05 2.140671e+00
3.640000e-05 2.140671e+00
3.660000e-05 2.140671e+00
3.680000e-05 2.140671e+00
3.700000e-05 2.140671e+00
3.720000e-05 2.140671e+00
3.740000e-05 2.140671e+00
3.759999e-05 2.140671e+00
3.779999e-05 2.140671e+00
3.799999e-05 2.140670e+00
3.819999e-05 2.140670e+00
3.839999e-05 2.140670e+00
3.859999e-05 2.140670e+00
3.879999e-05 2.140670e+00
3.899999e-05 2.140670e+00
3.919999e-05 2.140670e+00
3.939999e-05 2.140670e+00
3.959999e-05 2.140669e+00
3.979999e-05 2.140669e+00
3.999999e-05 2.140669e+00
4.019999e-05 2.140669e+00
4.039999e-05 2.140669e+00
4.059999e-05 2.140669e+00
4.079999e-05 2.140669e+00
4.099999e-05 2.140669e+00
4.119999e-05 2.140669e+00
4.139999e-05 2.140668e+00
4.159999e-05 2.140668e+00
4.179999e-05 2.140668e+00
4.199999e-05 2.140668e+00
4.219999e-05 2.140668e+00
4.239999e-05 2.140668e+00
4.259999e-05 2.140668e+00
4.279999e-05 2.140668e+00
4.299999e-05 2.140668e+00
4.319999e-05 2.140667e+00
4.339999e-05 2.140667e+00
4.359999e-05 2.140667e+00
4.379999e-05 2.140667e+00
4.399999e-05 2.140667e+00
4.419999e-05 2.140667e+00
4.439999e-05 2.140667e+00
4.459999e-05 2.140667e+00
4.479999e-05 2.140666e+00
4.499999e-05 2.140666e+00
4.519999e-05 2.140666e+00
4.539999e-05 2.140666e+00
4.559999e-05 2.140666e+00
4.579999e-05 2.140666e+00
4.599999e-05 2.140666e+00
4.619999e-05 2.140666e+00
4.639999e-05 2.140666e+00
4.659999e-05 2.140665e+00
4.679999e-05 2.140665e+00
4.699999e-05 2.140665e+00
4.719999e-05 2.140665e+00
4.739999e-05 2.140665e+00
4.759999e-05 2.140665e+00
4.779999e-05 2.140665e+00
4.799999e-05 2.140665e+00
4.819999e-05 2.140665e+00
4.839999e-05 2.140664e+00
4.859999e-05 2.140664e+00
4.879999e-05 2.140664e+00
4.899999e-05 2.140664e+00
4.919999e-05 2.140664e+00
4.939999e-05 2.140664e+00
4.959999e-05 2.140664e+00
4.979999e-05 2.140664e+00
4.999999e-05 2.140663e+00
5.019999e-05 2.140663e+00
5.039999e-05 2.140663e+00
5.059999e-05 2.140663e+00
5.079999e-05 2.140663e+00
5.099999e-05 2.140663e+00
5.119999e-05 2.140663e+00
5.139999e-05 2.140663e+00
5.159999e-05 2.140663e+00
5.179999e-05 2.140662e+00
5.199999e-05 2.140662e+00
5.219999e-05 2.140662e+00
5.239999e-05 2.140662e+00
5.259999e-05 2.140662e+00
5.279999e-05 2.140662e+00
5.299999e-05 2.140662e+00
5.319999e-05 2.140662e+00
5.339999e-05 2.140662e+00
5.359999e-05 2.140661e+00
5.379999e-05 2.140661e+00
5.399999e-05 2.140661e+00
5.419999e-05 2.140661e+00
5.439999e-05 2.140661e+00
5.459999e-05 2.140661e+00
5.479999e-05 2.140661e+00
5.499999e-05 2.140661e+00
5.519999e-05 2.140660e+00
5.539999e-05 2.140660e+00
5.559999e-05 2.140660e+00
5.579999e-05 2.140660e+00
5.599999e-05 2.140660e+00
5.619999e-05 2.140660e+00
5.639999e-05 2.140660e+00
5.659999e-05 2.140660e+00
5.679999e-05 2.140660e+00
5.699999e-05 2.140659e+00
5.719999e-05 2.140659e+00
5.739999e-05 2.140659e+00
5.759999e-05 2.140659e+00
5.779999e-05 2.140659e+00
5.799999e-05 2.140659e+00
5.819999e-05 2.140659e+00
5.839999e-05 2.140659e+00
5.859999e-05 2.140659e+00
5.879999e-05 2.140658e+00
5.899999e-05 2.140658e+00
5.919999e-05 2.140658e+00
5.939999e-05 2.140658e+00
5.959999e-05 2.140658e+00
5.979999e-05 2.140658e+00
5.999999e-05 2.140658e+00
6.019999e-05 2.140658e+00
6.039999e-05 2.140657e+00
6.059999e-05 2.140657e+00
6.079999e-05 2.140657e+00
6.099999e-05 2.140657e+00
6.119999e-05 2.140657e+00
6.139999e-05 2.140657e+00
6.159999e-05 2.140657e+00
6.179999e-05 2.140657e+00
6.199999e-05 2.140657e+00
6.219999e-05 2.140656e+00
6.239999e-05 2.140656e+00
6.259999e-05 2.140656e+00
6.279999e-05 2.140656e+00
6.299999e-05 2.140656e+00
6.319999e-05 2.140656e+00
6.339999e-05 2.140656e+00
6.359999e-05 2.140656e+00
6.379999e-05 2.140656e+00
6.399999e-05 2.140655e+00
6.419999e-05 2.140655e+00
6.439999e-05 2.140655e+00
6.459999e-05 2.140655e+00
6.479999e-05 2.140655e+00
6.499999e-05 2.140655e+00
6.519999e-05 2.140655e+00
6.539999e-05 2.140655e+00
6.559999e-05 2.140654e+00
6.579999e-05 2.140654e+00
6.599999e-05 2.140654e+00
6.619999e-05 2.140654e+00
6.639999e-05 2.140654e+00
6.659999e-05 2.140654e+00
6.679999e-05 2.140654e+00
6.699999e-05 2.140654e+00
6.719999e-05 2.140654e+00
6.739999e-05 2.140653e+00
6.759999e-05 2.140653e+00
6.779999e-05 2.140653e+00
6.799999e-05 2.140653e+00
6.819999e-05 2.140653e+00
6.839999e-05 2.140653e+00
6.859999e-05 2.140653e+00
6.879999e-05 2.140653e+00
6.899999e-05 2.140653e+00
6.919999e-05 2.140652e+00
6.939999e-05 2.140652e+00
6.959999e-05 2.140652e+00
6.979999e-05 2.140652e+00
6.999999e-05 2.140652e+00
7.019999e-05 2.140652e+00
7.039999e-05 2.140652e+00
7.059999e-05 2.140652e+00
7.079999e-05 2.140651e+00
7.099999e-05 2.140651e+00
7.119999e-05 2.140651e+00
7.139999e-05 2.140651e+00
7.159999e-05 2.140651e+00
7.179999e-05 2.140651e+00
7.199999e-05 2.140651e+00
7.219999e-05 2.140651e+00
7.239999e-05 2.140651e+00
7.259999e-05 2.140650e+00
7.279999e-05 2.140650e+00
7.299999e-05 2.140650e+00
7.319999e-05 2.140650e+00
7.339999e-05 2.140650e+00
7.359999e-05 2.140650e+00
7.379999e-05 2.140650e+00
7.399999e-05 2.140650e+00
7.419999e-05 2.140650e+00
7.439999e-05 2.140649e+00
7.459999e-05 2.140649e+00
7.479999e-05 2.140649e+00
7.499999e-05 2.140649e+00
7.519999e-05 2.140649e+00
7.539999e-05 2.140649e+00
7.559999e-05 2.140649e+00
7.579999e-05 2.140649e+00
7.599999e-05 2.140648e+00
7.619999e-05 2.140648e+00
7.639999e-05 2.140648e+00
7.659999e-05 2.140648e+00
7.679999e-05 2.140648e+00
7.699999e-05 2.140648e+00
7.719999e-05 2.140648e+00
7.739999e-05 2.140648e+00
7.759999e-05 2.140648e+00
7.779999e-05 2.140647e+00
7.799999e-05 2.140647e+00
7.819999e-05 2.140647e+00
7.839999e-05 2.140647e+00
7.859999e-05 2.140647e+00
7.879999e-05 2.140647e+00
7.899999e-05 2.140647e+00
7.919999e-05 2.140647e+00
7.939999e-05 2.140647e+00
7.959999e-05 2.140646e+00
7.979999e-05 2.140646e+00
7.999999e-05 2.140646e+00
8.019999e-05 2.140646e+00
8.039999e-05 2.140646e+00
8.059999e-05 2.140646e+00
8.079999e-05 2.140646e+00
8.099999e-05 2.140646e+00
8.119999e-05 2.140645e+00
8.139999e-05 2.140645e+00
8.159999e-05 2.140645e+00
8.179999e-05 2.140645e+00
8.199999e-05 2.140645e+00
8.219999e-05 2.140645e+00
8.239999e-05 2.140645e+00
8.259999e-05 2.140645e+00
8.279999e-05 2.140645e+00
8.299999e-05 2.140644e+00
8.319999e-05 2.140644e+00
8.339999e-05 2.140644e+00
8.359999e-05 2.140644e+00
8.379999e-05 2.140644e+00
8.399999e-05 2.140644e+00
8.419999e-05 2.140644e+00
8.439999e-05 2.140644e+00
8.459999e-05 2.140644e+00
8.479999e-05 2.140643e+00
8.499999e-05 2.140643e+00
8.519999e-05 2.140643e+00
8.539999e-05 2.140643e+00
8.559999e-05 2.140643e+00
8.579999e-05 2.140643e+00
8.599999e-05 2.140643e+00
8.619999e-05 2.140643e+00
8.639999e-05 2.140642e+00
8.659999e-05 2.140642e+00
8.679999e-05 2.140642e+00
8.699999e-05 2.140642e+00
8.719999e-05 2.140642e+00
8.739999e-05 2.140642e+00
8.759999e-05 2.140642e+00
8.779999e-05 2.140642e+00
8.799999e-05 2.140642e+00
8.819999e-05 2.140641e+00
8.839999e-05 2.140641e+00
8.859999e-05 2.140641e+00
8.879999e-05 2.140641e+00
8.899999e-05 2.140641e+00
8.919999e-05 2.140641e+00
8.939999e-05 2.140641e+00
8.959999e-05 2.140641e+00
8.979999e-05 2.140641e+00
8.999999e-05 2.140640e+00
9.019999e-05 2.140640e+00
9.039999e-05 2.140640e+00
9.059999e-05 2.140640e+00
9.079999e-05 2.140640e+00
9.099999e-05 2.140640e+00
9.119999e-05 2.140640e+00
9.139999e-05 2.140640e+00
9.159999e-05 2.140640e+00
9.179999e-05 2.140639e+00
9.199999e-05 2.140639e+00
9.219999e-05 2.140639e+00
9.239999e-05 2.140639e+00
9.259999e-05 2.140639e+00
9.279999e-05 2.140639e+00
9.299999e-05 2.140639e+00
9.319999e-05 2.140639e+00
9.339999e-05 2.140638e+00
9.359999e-05 2.140638e+00
9.379999e-05 2.140638e+00
9.399999e-05 2.140638e+00
9.419999e-05 2.140638e+00
9.439999e-05 2.140638e+00
9.459999e-05 2.140638e+00
9.479999e-05 2.140638e+00
9.499999e-05 2.140638e+00
9.519999e-05 2.140637e+00
9.539999e-05 2.140637e+00
9.559999e-05 2.140637e+00
9.579999e-05 2.140637e+00
9.599999e-05 2.140637e+00
9.619999e-05 2.140637e+00
9.639999e-05 2.140637e+00
9.659999e-05 2.140637e+00
9.679999e-05 2.140637e+00
9.699999e-05 2.140636e+00
9.719999e-05 2.140636e+00
9.739999e-05 2.140636e+00
9.759999e-05 2.140636e+00
9.779999e-05 2.140636e+00
9.799999e-05 2.140636e+00
9.819999e-05 2.140636e+00
9.839999e-05 2.140636e+00
9.859999e-05 2.140635e+00
9.879999e-05 2.140635e+00
9.899999e-05 2.140635e+00
9.919999e-05 2.140635e+00
9.939999e-05 2.140635e+00
9.959999e-05 2.140635e+00
9.979999e-05 2.140635e+00
9.999999e-05 2.140635e+00
1.002000e-04 2.140635e+00
1.004000e-04 2.140634e+00
1.006000e-04 2.140634e+00
1.008000e-04 2.140634e+00
1.010000e-04 2.140634e+00
1.012000e-04 2.140634e+00
1.014000e-04 2.140634e+00
1.016000e-04 2.140634e+00
1.018000e-04 2.140634e+00
1.020000e-04 2.140634e+00
1.022000e-04 2.140633e+00
1.024000e-04 2.140633e+00
1.026000e-04 2.140633e+00
1.028000e-04 2.140633e+00
1.030000e-04 2.140633e+00
1.032000e-04 2.140633e+00
1.034000e-04 2.140633e+00
1.036000e-04 2.140633e+00
1.038000e-04 2.140632e+00
1.040000e-04 2.140632e+00
1.042000e-04 2.140632e+00
1.044000e-04 2.140632e+00
1.046000e-04 2.140632e+00
1.048000e-04 2.140632e+00
1.050000e-04 2.140632e+00
1.052000e-04 2.140632e+00
1.054000e-04 2.140632e+00
1.056000e-04 2.140631e+00
1.058000e-04 2.140631e+00
1.060000e-04 2.140631e+00
1.062000e-04 2.140631e+00
1.064000e-04 2.140631e+00
1.066000e-04 2.140631e+00
1.068000e-04 2.140631e+00
1.070000e-04 2.140631e+00
1.072000e-04 2.140631e+00
1.074000e-04 2.140630e+00
1.076000e-04 2.140630e+00
1.078000e-04 2.140630e+00
1.080000e-04 2.140630e+00
1.082000e-04 2.140630e+00
1.084000e-04 2.140630e+00
1.086000e-04 2.140630e+00
1.088000e-04 2.140630e+00
1.090000e-04 2.140629e+00
1.092000e-04 2.140629e+00
1.094000e-04 2.140629e+00
1.096000e-04 2.140629e+00
1.098000e-04 2.140629e+00
1.100000e-04 2.140629e+00
1.102000e-04 2.140629e+00
1.104000e-04 2.140629e+00
1.106000e-04 2.140629e+00
1.108000e-04 2.140628e+00
1.110000e-04 2.140628e+00
1.112000e-04 2.140628e+00
1.114000e-04 2.140628e+00
1.116000e-04 2.140628e+00
1.118000e-04 2.140628e+00
1.120000e-04 2.140628e+00
1.122000e-04 2.140628e+00
1.124000e-04 2.140628e+00
1.126000e-04 2.140627e+00
1.128000e-04 2.140627e+00
1.130000e-04 2.140627e+00
1.132000e-04 2.140627e+00
1.134000e-04 2.140627e+00
1.136000e-04 2.140627e+00
1.138000e-04 2.140627e+00
1.140000e-04 2.140627e+00
1.142000e-04 2.140626e+00
1.144000e-04 2.140626e+00
1.146000e-04 2.140626e+00
1.148000e-04 2.140626e+00
1.150000e-04 2.140626e+00
1.152000e-04 2.140626e+00
1.154000e-04 2.140626e+00
1.156000e-04 2.140626e+00
1.158000e-04 2.140626e+00
1.160000e-04 2.140625e+00
1.162000e-04 2.140625e+00
1.164000e-04 2.140625e+00
1.166000e-04 2.140625e+00
1.168000e-04 2.140625e+00
1.170000e-04 2.140625e+00
1.172000e-04 2.140625e+00
1.174000e-04 2.140625e+00
1.176000e-04 2.140625e+00
1.178000e-04 2.140624e+00
1.180000e-04 2.140624e+00
1.182000e-04 2.140624e+00
1.184000e-04 2.140624e+00
1.186000e-04 2.140624e+00
1.188000e-04 2.140624e+00
1.190000e-04 2.140624e+00
1.192000e-04 2.140624e+00
1.194000e-04 2.140623e+00
1.196000e-04 2.140623e+00
1.198000e-04 2.140623e+00
1.200000e-04 2.140623e+00
1.202000e-04 2.140623e+00
1.204000e-04 2.140623e+00
1.206000e-04 2.140623e+00
1.208000e-04 2.140623e+00
1.210000e-04 2.140623e+00
1.212000e-04 2.140622e+00
1.214000e-04 2.140622e+00
1.216000e-04 2.140622e+00
1.218000e-04 2.140622e+00
1.220000e-04 2.140622e+00
1.222000e-04 2.140622e+00
1.224000e-04 2.140622e+00
1.226000e-04 2.140622e+00
1.228000e-04 2.140622e+00
1.230000e-04 2.140621e+00
1.232000e-04 2.140621e+00
1.234000e-04 2.140621e+00
1.236000e-04 2.140621e+00
1.238000e-04 2.140621e+00
1.240000e-04 2.140621e+00
1.242000e-04 2.140621e+00
1.244000e-04 2.140621e+00
1.246000e-04 2.140620e+00
1.248000e-04 2.140620e+00
1.250000e-04 2.140620e+00
1.252000e-04 2.140620e+00
1.254000e-04 2.140620e+00
1.256000e-04 2.140620e+00
1.258000e-04 2.140620e+00
1.260000e-04 2.140620e+00
1.262000e-04 2.140620e+00
1.264000e-04 2.140619e+00
1.266000e-04 2.140619e+00
1.268000e-04 2.140619e+00
1.270000e-04 2.140619e+00
1.272000e-04 2.140619e+00
1.274000e-04 2.140619e+00
1.276000e-04 2.140619e+00
1.278000e-04 2.140619e+00
1.280000e-04 2.140619e+00
1.282000e-04 2.140618e+00
1.284000e-04 2.140618e+00
1.286000e-04 2.140618e+00
1.288000e-04 2.140618e+00
1.290000e-04 2.140618e+00
1.292000e-04 2.140618e+00
1.294000e-04 2.140618e+00
1.296000e-04 2.140618e+00
1.298000e-04 2.140617e+00
1.300000e-04 2.140617e+00
1.302000e-04 2.140617e+00
1.304000e-04 2.140617e+00
1.306000e-04 2.140617e+00
1.308000e-04 2.140617e+00
1.310000e-04 2.140617e+00
1.312000e-04 2.140617e+00
1.314000e-04 2.140617e+00
1.316000e-04 2.140616e+00
1.318000e-04 2.140616e+00
1.320000e-04 2.140616e+00
1.322000e-04 2.140616e+00
1.324000e-04 2.140616e+00
1.326000e-04 2.140616e+00
1.328000e-04 2.140616e+00
1.330000e-04 2.140616e+00
1.332000e-04 2.140616e+00
1.334000e-04 2.140615e+00
1.336000e-04 2.140615e+00
1.338000e-04 2.140615e+00
1.340000e-04 2.140615e+00
1.342000e-04 2.140615e+00
1.344000e-04 2.140615e+00
1.346000e-04 2.140615e+00
1.348000e-04 2.140615e+00
1.350000e-04 2.140614e+00
1.352000e-04 2.140614e+00
1.354000e-04 2.140614e+00
1.356000e-04 2.140614e+00
1.358000e-04 2.140614e+00
1.360000e-04 2.140614e+00
1.362000e-04 2.140614e+00
1.364000e-04 2.140614e+00
1.366000e-04 2.140614e+00
1.368000e-04 2.140613e+00
1.370000e-04 2.140613e+00
1.372000e-04 2.140613e+00
1.374000e-04 2.140613e+00
1.376000e-04 2.140613e+00
1.378000e-04 2.140613e+00
1.380000e-04 2.140613e+00
1.382000e-04 2.140613e+00
1.384000e-04 2.140613e+00
1.386000e-04 2.140612e+00
1.388000e-04 2.140612e+00
1.390000e-04 2.140612e+00
1.392000e-04 2.140612e+00
1.394000e-04 2.140612e+00
1.396000e-04 2.140612e+00
1.398000e-04 2.140612e+00
1.400000e-04 2.140612e+00
1.402000e-04 2.140611e+00
1.404000e-04 2.140611e+00
1.406000e-04 2.140611e+00
1.408000e-04 2.140611e+00
1.410000e-04 2.140611e+00
1.412000e-04 2.140611e+00
1.414000e-04 2.140611e+00
1.416000e-04 2.140611e+00
1.418000e-04 2.140611e+00
1.420000e-04 2.140610e+00
1.422000e-04 2.140610e+00
1.424000e-04 2.140610e+00
1.426000e-04 2.140610e+00
1.428000e-04 2.140610e+00
1.430000e-04 2.140610e+00
1.432000e-04 2.140610e+00
1.434000e-04 2.140610e+00
1.436000e-04 2.140610e+00
1.438000e-04 2.140609e+00
1.440000e-04 2.140609e+00
1.442000e-04 2.140609e+00
1.444000e-04 2.140609e+00
1.446000e-04 2.140609e+00
1.448000e-04 2.140609e+00
1.450000e-04 2.140609e+00
1.452000e-04 2.140609e+00
1.454000e-04 2.140608e+00
1.456000e-04 2.140608e+00
1.458000e-04 2.140608e+00
1.460000e-04 2.140608e+00
1.462000e-04 2.140608e+00
1.464000e-04 2.140608e+00
1.466000e-04 2.140608e+00
1.468000e-04 2.140608e+00
1.470000e-04 2.140608e+00
1.472000e-04 2.140607e+00
1.474000e-04 2.140607e+00
1.476000e-04 2.140607e+00
1.478000e-04 2.140607e+00
1.480000e-04 2.140607e+00
1.482000e-04 2.140607e+00
1.484000e-04 2.140607e+00
1.486000e-04 2.140607e+00
1.488000e-04 2.140607e+00
1.490000e-04 2.140606e+00
1.492000e-04 2.140606e+00
1.494000e-04 2.140606e+00
1.496000e-04 2.140606e+00
1.498000e-04 2.140606e+00
1.500000e-04 2.140606e+00
1.502000e-04 2.140606e+00
1.504000e-04 2.140606e+00
1.506000e-04 2.140605e+00
1.508000e-04 2.140605e+00
1.510000e-04 2.140605e+00
1.512000e-04 2.140605e+00
1.514000e-04 2.140605e+00
1.516000e-04 2.140605e+00
1.518000e-04 2.140605e+00
1.520000e-04 2.140605e+00
1.522000e-04 2.140605e+00
1.524000e-04 2.140604e+00
1.526000e-04 2.140604e+00
1.528000e-04 2.140604e+00
1.530000e-04 2.140604e+00
1.532000e-04 2.140604e+00
1.534000e-04 2.140604e+00
1.536000e-04 2.140604e+00
1.538000e-04 2.140604e+00
1.540000e-04 2.140604e+00
1.542000e-04 2.140603e+00
1.544000e-04 2.140603e+00
1.546000e-04 2.140603e+00
1.548000e-04 2.140603e+00
1.550000e-04 2.140603e+00
1.552000e-04 2.140603e+00
1.554000e-04 2.140603e+00
1.556000e-04 2.140603e+00
1.558000e-04 2.140602e+00
1.560000e-04 2.140602e+00
1.562000e-04 2.140602e+00
1.564000e-04 2.140602e+00
1.566000e-04 2.140602e+00
1.568000e-04 2.140602e+00
1.570000e-04 2.140602e+00
1.572000e-04 2.140602e+00
1.574000e-04 2.140602e+00
1.576000e-04 2.140601e+00
1.578000e-04 2.140601e+00
1.580000e-04 2.140601e+00
1.582000e-04 2.140601e+00
1.584000e-04 2.140601e+00
1.586000e-04 2.140601e+00
1.588000e-04 2.140601e+00
1.590000e-04 2.140601e+00
1.592000e-04 2.140601e+00
1.594000e-04 2.140600e+00
1.596000e-04 2.140600e+00
1.598000e-04 2.140600e+00
1.600000e-04 2.140600e+00
1.602000e-04 2.140600e+00
1.604000e-04 2.140600e+00
1.606000e-04 2.140600e+00
1.608000e-04 2.140600e+00
1.610000e-04 2.140600e+00
1.612000e-04 2.140599e+00
1.614000e-04 2.140599e+00
1.616000e-04 2.140599e+00
1.618000e-04 2.140599e+00
1.620000e-04 2.140599e+00
1.622000e-04 2.140599e+00
1.624000e-04 2.140599e+00
1.626000e-04 2.140599e+00
1.628000e-04 2.140598e+00
1.630000e-04 2.140598e+00
1.632000e-04 2.140598e+00
1.634000e-04 2.140598e+00
1.636000e-04 2.140598e+00
1.638000e-04 2.140598e+00
1.640000e-04 2.140598e+00
1.642000e-04 2.140598e+00
1.644000e-04 2.140598e+00
1.646000e-04 2.140597e+00
1.648000e-04 2.140597e+00
1.650000e-04 2.140597e+00
1.652000e-04 2.140597e+00
1.654000e-04 2.140597e+00
1.656000e-04 2.140597e+00
1.658000e-04 2.140597e+00
1.660000e-04 2.140597e+00
1.662000e-04 2.140597e+00
1.664000e-04 2.140596e+00
1.666000e-04 2.140596e+00
1.668000e-04 2.140596e+00
1.670000e-04 2.140596e+00
1.672000e-04 2.140596e+00
1.674000e-04 2.140596e+00
1.676000e-04 2.140596e+00
1.678000e-04 2.140596e+00
1.680000e-04 2.140595e+00
1.682000e-04 2.140595e+00
1.684000e-04 2.140595e+00
1.686000e-04 2.140595e+00
1.688000e-04 2.140595e+00
1.690000e-04 2.140595e+00
1.692000e-04 2.140595e+00
1.694000e-04 2.140595e+00
1.696000e-04 2.140595e+00
1.698000e-04 2.140594e+00
1.700000e-04 2.140594e+00
1.702000e-04 2.140594e+00
1.704000e-04 2.140594e+00
1.706000e-04 2.140594e+00
1.708000e-04 2.140594e+00
1.710000e-04 2.140594e+00
1.712000e-04 2.140594e+00
1.714000e-04 2.140594e+00
1.716000e-04 2.140593e+00
1.718000e-04 2.140593e+00
1.720000e-04 2.140593e+00
1.722000e-04 2.140593e+00
1.724000e-04 2.140593e+00
1.726000e-04 2.140593e+00
1.728000e-04 2.140593e+00
1.730000e-04 2.140593e+00
1.732000e-04 2.140592e+00
1.734000e-04 2.140592e+00
1.736000e-04 2.140592e+00
1.738000e-04 2.140592e+00
1.740000e-04 2.140592e+00
1.742000e-04 2.140592e+00
1.744000e-04 2.140592e+00
1.746000e-04 2.140592e+00
1.748000e-04 2.140592e+00
1.750000e-04 2.140591e+00
1.752000e-04 2.140591e+00
1.754000e-04 2.140591e+00
1.756000e-04 2.140591e+00
1.758000e-04 2.140591e+00
1.760000e-04 2.140591e+00
1.762000e-04 2.140591e+00
1.764000e-04 2.140591e+00
1.766000e-04 2.140591e+00
1.768000e-04 2.140590e+00
1.770000e-04 2.140590e+00
1.772000e-04 2.140590e+00
1.774000e-04 2.140590e+00
1.776000e-04 2.140590e+00
1.778000e-04 2.140590e+00
1.780000e-04 2.140590e+00
1.782000e-04 2.140590e+00
1.784000e-04 2.140589e+00
1.786000e-04 2.140589e+00
1.788000e-04 2.140589e+00
1.790000e-04 2.140589e+00
1.792000e-04 2.140589e+00
1.794000e-04 2.140589e+00
1.796000e-04 2.140589e+00
1.798000e-04 2.140589e+00
1.800000e-04 2.140589e+00
1.802000e-04 2.140588e+00
1.804000e-04 2.140588e+00
1.806000e-04 2.140588e+00
1.808000e-04 2.140588e+00
1.810000e-04 2.140588e+00
1.812000e-04 2.140588e+00
1.814000e-04 2.140588e+00
1.816000e-04 2.140588e+00
1.818000e-04 2.140588e+00
1.820000e-04 2.140587e+00
1.822000e-04 2.140587e+00
1.824000e-04 2.140587e+00
1.826000e-04 2.140587e+00
1.828000e-04 2.140587e+00
1.830000e-04 2.140587e+00
1.832000e-04 2.140587e+00
1.834000e-04 2.140587e+00
1.836000e-04 2.140586e+00
1.838000e-04 2.140586e+00
1.840000e-04 2.140586e+00
1.842000e-04 2.140586e+00
1.844000e-04 2.140586e+00
1.846000e-04 2.140586e+00
1.848000e-04 2.140586e+00
1.850000e-04 2.140586e+00
1.852000e-04 2.140586e+00
1.854000e-04 2.140585e+00
1.856000e-04 2.140585e+00
1.858000e-04 2.140585e+00
1.860000e-04 2.140585e+00
1.862000e-04 2.140585e+00
1.864000e-04 2.140585e+00
1.866000e-04 2.140585e+00
1.868000e-04 2.140585e+00
1.870000e-04 2.140585e+00
1.872000e-04 2.140584e+00
1.874000e-04 2.140584e+00
1.876000e-04 2.140584e+00
1.878000e-04 2.140584e+00
1.880000e-04 2.140584e+00
1.882000e-04 2.140584e+00
1.884000e-04 2.140584e+00
1.886000e-04 2.140584e+00
1.888000e-04 2.140583e+00
1.890000e-04 2.140583e+00
1.892000e-04 2.140583e+00
1.894000e-04 2.140583e+00
1.896000e-04 2.140583e+00
1.898000e-04 2.140583e+00
1.900000e-04 2.140583e+00
1.902000e-04 2.140583e+00
1.904000e-04 2.140583e+00
1.906000e-04 2.140582e+00
1.908000e-04 2.140582e+00
1.910000e-04 2.140582e+00
1.912000e-04 2.140582e+00
1.914000e-04 2.140582e+00
1.916000e-04 2.140582e+00
1.918000e-04 2.140582e+00
1.920000e-04 2.140582e+00
1.922000e-04 2.140582e+00
1.924000e-04 2.140581e+00
1.926000e-04 2.140581e+00
1.928000e-04 2.140581e+00
1.930000e-04 2.140581e+00
1.932000e-04 2.140581e+00
1.934000e-04 2.140581e+00
1.936000e-04 2.140581e+00
1.938000e-04 2.140581e+00
1.940000e-04 2.140580e+00
1.942000e-04 2.140580e+00
1.944000e-04 2.140580e+00
1.946000e-04 2.140580e+00
1.948000e-04 2.140580e+00
1.950000e-04 2.140580e+00
1.952000e-04 2.140580e+00
1.954000e-04 2.140580e+00
1.956000e-04 2.140580e+00
1.958000e-04 2.140579e+00
1.960000e-04 2.140579e+00
1.962000e-04 2.140579e+00
1.964000e-04 2.140579e+00
1.966000e-04 2.140579e+00
1.968000e-04 2.140579e+00
1.970000e-04 2.140579e+00
1.972000e-04 2.140579e+00
1.974000e-04 2.140579e+00
1.976000e-04 2.140578e+00
1.978000e-04 2.140578e+00
1.980000e-04 2.140578e+00
1.982000e-04 2.140578e+00
1.984000e-04 2.140578e+00
1.986000e-04 2.140578e+00
1.988000e-04 2.140578e+00
1.990000e-04 2.140578e+00
1.992000e-04 2.140577e+00
1.994000e-04 2.140577e+00
1.996000e-04 2.140577e+00
1.998000e-04 2.140577e+00
2.000000e-04 2.140577e+00
2.002000e-04 2.140577e+00
2.004000e-04 2.140577e+00
2.006000e-04 2.140577e+00
2.008000e-04 2.140577e+00
2.010000e-04 2.140576e+00
2.012000e-04 2.140576e+00
2.014000e-04 2.140576e+00
2.016000e-04 2.140576e+00
2.018000e-04 2.140576e+00
2.020000e-04 2.140576e+00
2.022000e-04 2.140576e+00
2.024000e-04 2.140576e+00
2.026000e-04 2.140576e+00
2.028000e-04 2.140575e+00
2.030000e-04 2.140575e+00
2.032000e-04 2.140575e+00
2.034000e-04 2.140575e+00
2.036000e-04 2.140575e+00
2.038000e-04 2.140575e+00
2.040000e-04 2.140575e+00
2.042000e-04 2.140575e+00
2.044000e-04 2.140574e+00
2.046000e-04 2.140574e+00
2.048000e-04 2.140574e+00
2.050000e-04 2.140574e+00
2.052000e-04 2.140574e+00
2.054000e-04 2.140574e+00
2.056000e-04 2.140574e+00
2.058000e-04 2.140574e+00
2.060000e-04 2.140574e+00
2.062000e-04 2.140573e+00
2.064000e-04 2.140573e+00
2.066000e-04 2.140573e+00
2.068000e-04 2.140573e+00
2.070000e-04 2.140573e+00
2.072000e-04 2.140573e+00
2.074000e-04 2.140573e+00
2.076000e-04 2.140573e+00
2.078000e-04 2.140573e+00
2.080000e-04 2.140572e+00
2.082000e-04 2.140572e+00
2.084000e-04 2.140572e+00
2.086000e-04 2.140572e+00
2.088000e-04 2.140572e+00
2.090000e-04 2.140572e+00
2.092000e-04 2.140572e+00
2.094000e-04 2.140572e+00
2.096000e-04 2.140571e+00
2.098000e-04 2.140571e+00
2.100000e-04 2.140571e+00
2.102000e-04 2.140571e+00
2.104000e-04 2.140571e+00
2.106000e-04 2.140571e+00
2.108000e-04 2.140571e+00
2.110000e-04 2.140571e+00
2.112000e-04 2.140571e+00
2.114000e-04 2.140570e+00
2.116000e-04 2.140570e+00
2.118000e-04 2.140570e+00
2.120000e-04 2.140570e+00
2.122000e-04 2.140570e+00
2.124000e-04 2.140570e+00
2.126000e-04 2.140570e+00
2.128000e-04 2.140570e+00
2.130000e-04 2.140570e+00
2.132000e-04 2.140569e+00
2.134000e-04 2.140569e+00
2.136000e-04 2.140569e+00
2.138000e-04 2.140569e+00
2.140000e-04 2.140569e+00
2.142000e-04 2.140569e+00
2.144000e-04 2.140569e+00
2.146000e-04 2.140569e+00
2.148000e-04 2.140568e+00
2.150000e-04 2.140568e+00
2.152000e-04 2.140568e+00
2.154000e-04 2.140568e+00
2.156000e-04 2.140568e+00
2.158000e-04 2.140568e+00
2.160000e-04 2.140568e+00
2.162000e-04 2.140568e+00
2.164000e-04 2.140568e+00
2.166000e-04 2.140567e+00
2.168000e-04 2.140567e+00
2.170000e-04 2.140567e+00
2.172000e-04 2.140567e+00
2.174000e-04 2.140567e+00
2.176000e-04 2.140567e+00
2.178000e-04 2.140567e+00
2.180000e-04 2.140567e+00
2.182000e-04 2.140567e+00
2.184000e-04 2.140566e+00
2.186000e-04 2.140566e+00
2.188000e-04 2.140566e+00
2.190000e-04 2.140566e+00
2.192000e-04 2.140566e+00
2.194000e-04 2.140566e+00
2.196000e-04 2.140566e+00
2.198000e-04 2.140566e+00
2.200000e-04 2.140565e+00
2.202000e-04 2.140565e+00
2.204000e-04 2.140565e+00
2.206000e-04 2.140565e+00
2.208000e-04 2.140565e+00
2.210000e-04 2.140565e+00
2.212000e-04 2.140565e+00
2.214000e-04 2.140565e+00
2.216000e-04 2.140565e+00
2.218000e-04 2.140564e+00
2.220000e-04 2.140564e+00
2.222000e-04 2.140564e+00
2.224000e-04 2.140564e+00
2.226000e-04 2.140564e+00
2.228000e-04 2.140564e+00
2.230000e-04 2.140564e+00
2.232000e-04 2.140564e+00
2.234000e-04 2.140564e+00
2.236000e-04 2.140563e+00
2.238000e-04 2.140563e+00
2.240000e-04 2.140563e+00
2.242000e-04 2.140563e+00
2.244000e-04 2.140563e+00
2.246000e-04 2.140563e+00
2.248000e-04 2.140563e+00
2.250000e-04 2.140563e+00
2.252000e-04 2.140562e+00
2.254000e-04 2.140562e+00
2.256000e-04 2.140562e+00
2.258000e-04 2.140562e+00
2.260000e-04 2.140562e+00
2.262000e-04 2.140562e+00
2.264000e-04 2.140562e+00
2.266000e-04 2.140562e+00
2.268000e-04 2.140562e+00
2.270000e-04 2.140561e+00
2.272000e-04 2.140561e+00
2.274000e-04 2.140561e+00
2.276000e-04 2.140561e+00
2.278000e-04 2.140561e+00
2.280000e-04 2.140561e+00
2.282000e-04 2.140561e+00
2.284000e-04 2.140561e+00
2.286000e-04 2.140561e+00
2.288000e-04 2.140560e+00
2.290000e-04 2.140560e+00
2.292000e-04 2.140560e+00
2.294000e-04 2.140560e+00
2.296000e-04 2.140560e+00
2.298000e-04 2.140560e+00
2.300000e-04 2.140560e+00
2.302000e-04 2.140560e+00
2.304000e-04 2.140559e+00
2.306000e-04 2.140559e+00
2.308000e-04 2.140559e+00
2.310000e-04 2.140559e+00
2.312000e-04 2.140559e+00
2.314000e-04 2.140559e+00
2.316000e-04 2.140559e+00
2.318000e-04 2.140559e+00
2.320000e-04 2.140559e+00
2.322000e-04 2.140558e+00
2.324000e-04 2.140558e+00
2.326000e-04 2.140558e+00
2.328000e-04 2.140558e+00
2.330000e-04 2.140558e+00
2.332000e-04 2.140558e+00
2.334000e-04 2.140558e+00
2.336000e-04 2.140558e+00
2.338000e-04 2.140558e+00
2.340000e-04 2.140557e+00
2.342000e-04 2.140557e+00
2.344000e-04 2.140557e+00
2.346000e-04 2.140557e+00
2.348000e-04 2.140557e+00
2.350000e-04 2.140557e+00
2.352000e-04 2.140557e+00
2.354000e-04 2.140557e+00
2.356000e-04 2.140556e+00
2.358000e-04 2.140556e+00
2.360000e-04 2.140556e+00
2.362000e-04 2.140556e+00
2.364000e-04 2.140556e+00
2.366000e-04 2.140556e+00
2.368000e-04 2.140556e+00
2.370000e-04 2.140556e+00
2.372000e-04 2.140556e+00
2.374000e-04 2.140555e+00
2.376000e-04 2.140555e+00
2.378000e-04 2.140555e+00
2.380000e-04 2.140555e+00
2.382000e-04 2.140555e+00
2.384000e-04 2.140555e+00
2.386000e-04 2.140555e+00
2.388000e-04 2.140555e+00
2.390000e-04 2.140555e+00
2.392000e-04 2.140554e+00
2.394000e-04 2.140554e+00
2.396000e-04 2.140554e+00
2.398000e-04 2.140554e+00
2.400000e-04 2.140554e+00
2.402000e-04 2.140554e+00
2.404000e-04 2.140554e+00
2.406000e-04 2.140554e+00
2.408000e-04 2.140553e+00
2.410000e-04 2.140553e+00
2.412000e-04 2.140553e+00
2.414000e-04 2.140553e+00
2.416000e-04 2.140553e+00
2.418000e-04 2.140553e+00
2.420000e-04 2.140553e+00
2.422000e-04 2.140553e+00
2.424000e-04 2.140553e+00
2.426000e-04 2.140552e+00
2.428000e-04 2.140552e+00
2.430000e-04 2.140552e+00
2.432000e-04 2.140552e+00
2.434000e-04 2.140552e+00
2.436000e-04 2.140552e+00
2.438000e-04 2.140552e+00
2.440000e-04 2.140552e+00
2.442000e-04 2.140552e+00
2.444000e-04 2.140551e+00
2.446000e-04 2.140551e+00
2.448000e-04 2.140551e+00
2.450000e-04 2.140551e+00
2.452000e-04 2.140551e+00
2.454000e-04 2.140551e+00
2.456000e-04 2.140551e+00
2.458000e-04 2.140551e+00
2.460000e-04 2.140551e+00
2.462000e-04 2.140550e+00
2.464000e-04 2.140550e+00
2.466000e-04 2.140550e+00
2.468000e-04 2.140550e+00
2.470000e-04 2.140550e+00
2.472000e-04 2.140550e+00
2.474000e-04 2.140550e+00
2.476000e-04 2.140550e+00
2.478000e-04 2.140549e+00
2.480000e-04 2.140549e+00
2.482000e-04 2.140549e+00
2.484000e-04 2.140549e+00
2.486000e-04 2.140549e+00
2.488000e-04 2.140549e+00
2.490000e-04 2.140549e+00
2.492000e-04 2.140549e+00
2.494000e-04 2.140549e+00
2.496000e-04 2.140548e+00
2.498000e-04 2.140548e+00
2.500000e-04 2.140548e+00
2.502000e-04 2.140548e+00
2.504000e-04 2.140548e+00
2.506000e-04 2.140548e+00
2.508000e-04 2.140548e+00
2.510000e-04 2.140548e+00
2.512000e-04 2.140548e+00
2.514000e-04 2.140547e+00
2.516000e-04 2.140547e+00
2.518000e-04 2.140547e+00
2.520000e-04 2.140547e+00
2.522000e-04 2.140547e+00
2.524000e-04 2.140547e+00
2.526000e-04 2.140547e+00
2.528000e-04 2.140547e+00
2.530000e-04 2.140546e+00
2.532000e-04 2.140546e+00
2.534000e-04 2.140546e+00
2.536000e-04 2.140546e+00
2.538000e-04 2.140546e+00
2.540000e-04 2.140546e+00
2.542000e-04 2.140546e+00
2.544000e-04 2.140546e+00
2.546000e-04 2.140546e+00
2.548000e-04 2.140545e+00
2.550000e-04 2.140545e+00
2.552000e-04 2.140545e+00
2.554000e-04 2.140545e+00
2.556000e-04 2.140545e+00
2.558000e-04 2.140545e+00
2.560000e-04 2.140545e+00
2.562000e-04 2.140545e+00
2.564000e-04 2.140545e+00
2.566000e-04 2.140544e+00
2.568000e-04 2.140544e+00
2.570000e-04 2.140544e+00
2.572000e-04 2.140544e+00
2.574000e-04 2.140544e+00
2.576000e-04 2.140544e+00
2.578000e-04 2.140544e+00
2.580000e-04 2.140544e+00
2.582000e-04 2.140543e+00
2.584000e-04 2.140543e+00
2.586000e-04 2.140543e+00
2.588000e-04 2.140543e+00
2.590000e-04 2.140543e+00
2.592000e-04 2.140543e+00
2.594000e-04 2.140543e+00
2.596000e-04 2.140543e+00
2.598000e-04 2.140543e+00
2.600000e-04 2.140542e+00
2.602000e-04 2.140542e+00
2.604000e-04 2.140542e+00
2.606000e-04 2.140542e+00
2.608000e-04 2.140542e+00
2.610000e-04 2.140542e+00
2.612000e-04 2.140542e+00
2.614000e-04 2.140542e+00
2.616000e-04 2.140542e+00
2.618000e-04 2.140541e+00
2.620000e-04 2.140541e+00
2.622000e-04 2.140541e+00
2.624000e-04 2.140541e+00
2.626000e-04 2.140541e+00
2.628000e-04 2.140541e+00
2.630000e-04 2.140541e+00
2.632000e-04 2.140541e+00
2.634000e-04 2.140540e+00
2.636000e-04 2.140540e+00
2.638000e-04 2.140540e+00
2.640000e-04 2.140540e+00
2.642000e-04 2.140540e+00
2.644000e-04 2.140540e+00
2.646000e-04 2.140540e+00
2.648000e-04 2.140540e+00
2.650000e-04 2.140540e+00
2.652000e-04 2.140539e+00
2.654000e-04 2.140539e+00
2.656000e-04 2.140539e+00
2.658000e-04 2.140539e+00
2.660000e-04 2.140539e+00
2.662000e-04 2.140539e+00
2.664000e-04 2.140539e+00
2.666000e-04 2.140539e+00
2.668000e-04 2.140539e+00
2.670000e-04 2.140538e+00
2.672000e-04 2.140538e+00
2.674000e-04 2.140538e+00
2.676000e-04 2.140538e+00
2.678000e-04 2.140538e+00
2.680000e-04 2.140538e+00
2.682000e-04 2.140538e+00
2.684000e-04 2.140538e+00
2.686000e-04 2.140537e+00
2.688000e-04 2.140537e+00
2.690000e-04 2.140537e+00
2.692000e-04 2.140537e+00
2.694000e-04 2.140537e+00
2.696000e-04 2.140537e+00
2.698000e-04 2.140537e+00
2.700000e-04 2.140537e+00
2.702000e-04 2.140537e+00
2.704000e-04 2.140536e+00
2.706000e-04 2.140536e+00
2.708000e-04 2.140536e+00
2.710000e-04 2.140536e+00
2.712000e-04 2.140536e+00
2.714000e-04 2.140536e+00
2.716000e-04 2.140536e+00
2.718000e-04 2.140536e+00
2.720000e-04 2.140536e+00
2.722000e-04 2.140535e+00
2.724000e-04 2.140535e+00
2.726000e-04 2.140535e+00
2.728000e-04 2.140535e+00
2.730000e-04 2.140535e+00
2.732000e-04 2.140535e+00
2.734000e-04 2.140535e+00
2.736000e-04 2.140535e+00
2.738000e-04 2.140534e+00
2.740000e-04 2.140534e+00
2.742000e-04 2.140534e+00
2.744000e-04 2.140534e+00
2.746000e-04 2.140534e+00
2.748000e-04 2.140534e+00
2.750000e-04 2.140534e+00
2.752000e-04 2.140534e+00
2.754000e-04 2.140534e+00
2.756000e-04 2.140533e+00
2.758000e-04 2.140533e+00
2.760000e-04 2.140533e+00
2.762000e-04 2.140533e+00
2.764000e-04 2.140533e+00
2.766000e-04 2.140533e+00
2.768000e-04 2.140533e+00
2.770000e-04 2.140533e+00
2.772000e-04 2.140533e+00
2.774000e-04 2.140532e+00
2.776000e-04 2.140532e+00
2.778000e-04 2.140532e+00
2.780000e-04 2.140532e+00
2.782000e-04 2.140532e+00
2.784000e-04 2.140532e+00
2.786000e-04 2.140532e+00
2.788000e-04 2.140532e+00
2.790000e-04 2.140531e+00
2.792000e-04 2.140531e+00
2.794000e-04 2.140531e+00
2.796000e-04 2.140531e+00
2.798000e-04 2.140531e+00
2.800000e-04 2.140531e+00
2.802000e-04 2.140531e+00
2.804000e-04 2.140531e+00
2.806000e-04 2.140531e+00
2.808000e-04 2.140530e+00
2.810000e-04 2.140530e+00
2.812000e-04 2.140530e+00
2.814000e-04 2.140530e+00
2.816000e-04 2.140530e+00
2.818000e-04 2.140530e+00
2.820000e-04 2.140530e+00
2.822000e-04 2.140530e+00
2.824000e-04 2.140530e+00
2.826000e-04 2.140529e+00
2.828000e-04 2.140529e+00
2.830000e-04 2.140529e+00
2.832000e-04 2.140529e+00
2.834000e-04 2.140529e+00
2.836000e-04 2.140529e+00
2.838000e-04 2.140529e+00
2.840000e-04 2.140529e+00
2.842000e-04 2.140528e+00
2.844000e-04 2.140528e+00
2.846000e-04 2.140528e+00
2.848000e-04 2.140528e+00
2.850000e-04 2.140528e+00
2.852000e-04 2.140528e+00
2.854000e-04 2.140528e+00
2.856000e-04 2.140528e+00
2.858000e-04 2.140528e+00
2.860000e-04 2.140527e+00
2.862000e-04 2.140527e+00
2.864000e-04 2.140527e+00
2.866000e-04 2.140527e+00
2.868000e-04 2.140527e+00
2.870000e-04 2.140527e+00
2.872000e-04 2.140527e+00
2.874000e-04 2.140527e+00
2.876000e-04 2.140527e+00
2.878000e-04 2.140526e+00
2.880000e-04 2.140526e+00
2.882000e-04 2.140526e+00
2.884000e-04 2.140526e+00
2.886000e-04 2.140526e+00
2.888000e-04 2.140526e+00
2.890000e-04 2.140526e+00
2.892000e-04 2.140526e+00
2.894000e-04 2.140525e+00
2.896000e-04 2.140525e+00
2.898000e-04 2.140525e+00
2.900000e-04 2.140525e+00
2.902000e-04 2.140525e+00
2.904000e-04 2.140525e+00
2.906000e-04 2.140525e+00
2.908000e-04 2.140525e+00
2.910000e-04 2.140525e+00
2.912000e-04 2.140524e+00
2.914000e-04 2.140524e+00
2.916000e-04 2.140524e+00
2.918000e-04 2.140524e+00
2.920000e-04 2.140524e+00
2.922000e-04 2.140524e+00
2.924000e-04 2.140524e+00
2.926000e-04 2.140524e+00
2.928000e-04 2.140524e+00
2.930000e-04 2.140523e+00
2.932000e-04 2.140523e+00
2.934000e-04 2.140523e+00
2.936000e-04 2.140523e+00
2.938000e-04 2.140523e+00
2.940000e-04 2.140523e+00
2.942000e-04 2.140523e+00
2.944000e-04 2.140523e+00
2.946000e-04 2.140522e+00
2.948000e-04 2.140522e+00
2.950000e-04 2.140522e+00
2.952000e-04 2.140522e+00
2.954000e-04 2.140522e+00
2.956000e-04 2.140522e+00
2.958000e-04 2.140522e+00
2.960000e-04 2.140522e+00
2.962000e-04 2.140522e+00
2.964000e-04 2.140521e+00
2.966000e-04 2.140521e+00
2.968000e-04 2.140521e+00
2.970000e-04 2.140521e+00
2.972000e-04 2.140521e+00
2.974000e-04 2.140521e+00
2.976000e-04 2.140521e+00
2.978000e-04 2.140521e+00
2.980000e-04 2.140521e+00
2.982000e-04 2.140520e+00
2.984000e-04 2.140520e+00
2.986000e-04 2.140520e+00
2.988000e-04 2.140520e+00
2.990000e-04 2.140520e+00
2.992000e-04 2.140520e+00
2.994000e-04 2.140520e+00
2.996000e-04 2.140520e+00
2.998000e-04 2.140519e+00
3.000000e-04 2.140519e+00
3.002000e-04 2.140519e+00
3.004000e-04 2.140519e+00
3.006000e-04 2.140519e+00
3.008000e-04 2.140519e+00
3.010000e-04 2.140519e+00
3.012000e-04 2.140519e+00
3.014000e-04 2.140519e+00
3.016000e-04 2.140518e+00
3.018000e-04 2.140518e+00
3.020000e-04 2.140518e+00
3.022000e-04 2.140518e+00
3.024000e-04 2.140518e+00
3.026000e-04 2.140518e+00
3.028000e-04 2.140518e+00
3.030000e-04 2.140518e+00
3.032000e-04 2.140518e+00
3.034000e-04 2.140517e+00
3.036000e-04 2.140517e+00
3.038000e-04 2.140517e+00
3.040000e-04 2.140517e+00
3.042000e-04 2.140517e+00
3.044000e-04 2.140517e+00
3.046000e-04 2.140517e+00
3.048000e-04 2.140517e+00
3.050000e-04 2.140516e+00
3.052000e-04 2.140516e+00
3.054000e-04 2.140516e+00
3.056000e-04 2.140516e+00
3.058000e-04 2.140516e+00
3.060000e-04 2.140516e+00
3.062000e-04 2.140516e+00
3.064000e-04 2.140516e+00
3.066000e-04 2.140516e+00
3.068000e-04 2.140515e+00
3.070000e-04 2.140515e+00
3.072000e-04 2.140515e+00
3.074000e-04 2.140515e+00
3.076000e-04 2.140515e+00
3.078000e-04 2.140515e+00
3.080000e-04 2.140515e+00
3.082000e-04 2.140515e+00
3.084000e-04 2.140515e+00
3.086000e-04 2.140514e+00
3.088000e-04 2.140514e+00
3.090000e-04 2.140514e+00
3.092000e-04 2.140514e+00
3.094000e-04 2.140514e+00
3.096000e-04 2.140514e+00
3.098000e-04 2.140514e+00
3.100000e-04 2.140514e+00
3.102000e-04 2.140513e+00
3.104000e-04 2.140513e+00
3.106000e-04 2.140513e+00
3.108000e-04 2.140513e+00
3.110000e-04 2.140513e+00
3.112000e-04 2.140513e+00
3.114000e-04 2.140513e+00
3.116000e-04 2.140513e+00
3.118000e-04 2.140513e+00
3.120000e-04 2.140512e+00
3.122000e-04 2.140512e+00
3.124000e-04 2.140512e+00
3.126000e-04 2.140512e+00
3.128000e-04 2.140512e+00
3.130000e-04 2.140512e+00
3.132000e-04 2.140512e+00
3.134000e-04 2.140512e+00
3.136000e-04 2.140512e+00
3.138000e-04 2.140511e+00
3.140000e-04 2.140511e+00
3.142000e-04 2.140511e+00
3.144000e-04 2.140511e+00
3.146000e-04 2.140511e+00
3.148000e-04 2.140511e+00
3.150000e-04 2.140511e+00
3.152000e-04 2.140511e+00
3.154000e-04 2.140510e+00
3.156000e-04 2.140510e+00
3.158000e-04 2.140510e+00
3.160000e-04 2.140510e+00
3.162000e-04 2.140510e+00
3.164000e-04 2.140510e+00
3.166000e-04 2.140510e+00
3.168000e-04 2.140510e+00
3.170000e-04 2.140510e+00
3.172000e-04 2.140509e+00
3.174000e-04 2.140509e+00
3.176000e-04 2.140509e+00
3.178000e-04 2.140509e+00
3.180000e-04 2.140509e+00
3.182000e-04 2.140509e+00
3.184000e-04 2.140509e+00
3.186000e-04 2.140509e+00
3.188000e-04 2.140509e+00
3.190000e-04 2.140508e+00
3.192000e-04 2.140508e+00
3.194000e-04 2.140508e+00
3.196000e-04 2.140508e+00
3.198000e-04 2.140508e+00
3.200000e-04 2.140508e+00
3.202000e-04 2.140508e+00
3.204000e-04 2.140508e+00
3.206000e-04 2.140507e+00
3.208000e-04 2.140507e+00
3.210000e-04 2.140507e+00
3.212000e-04 2.140507e+00
3.214000e-04 2.140507e+00
3.216000e-04 2.140507e+00
3.218000e-04 2.140507e+00
3.220000e-04 2.140507e+00
3.222000e-04 2.140507e+00
3.224000e-04 2.140506e+00
3.226000e-04 2.140506e+00
3.228000e-04 2.140506e+00
3.230000e-04 2.140506e+00
3.232000e-04 2.140506e+00
3.234000e-04 2.140506e+00
3.236000e-04 2.140506e+00
3.238000e-04 2.140506e+00
3.240000e-04 2.140506e+00
3.242000e-04 2.140505e+00
3.244000e-04 2.140505e+00
3.246000e-04 2.140505e+00
3.248000e-04 2.140505e+00
3.250000e-04 2.140505e+00
3.252000e-04 2.140505e+00
3.254000e-04 2.140505e+00
3.256000e-04 2.140505e+00
3.258000e-04 2.140504e+00
3.260000e-04 2.140504e+00
3.262000e-04 2.140504e+00
3.264000e-04 2.140504e+00
3.266000e-04 2.140504e+00
3.268000e-04 2.140504e+00
3.270000e-04 2.140504e+00
3.272000e-04 2.140504e+00
3.274000e-04 2.140504e+00
3.276000e-04 2.140503e+00
3.278000e-04 2.140503e+00
3.280000e-04 2.140503e+00
3.282000e-04 2.140503e+00
3.284000e-04 2.140503e+00
3.286000e-04 2.140503e+00
3.288000e-04 2.140503e+00
3.290000e-04 2.140503e+00
3.292000e-04 2.140503e+00
3.294000e-04 2.140502e+00
3.296000e-04 2.140502e+00
3.298000e-04 2.140502e+00
3.300000e-04 2.140502e+00
3.302000e-04 2.140502e+00
3.304000e-04 2.140502e+00
3.306000e-04 2.140502e+00
3.308000e-04 2.140502e+00
3.310000e-04 2.140501e+00
3.312000e-04 2.140501e+00
3.314000e-04 2.140501e+00
3.316000e-04 2.140501e+00
3.318000e-04 2.140501e+00
3.320000e-04 2.140501e+00
3.322000e-04 2.140501e+00
3.324000e-04 2.140501e+00
3.326000e-04 2.140501e+00
3.328000e-04 2.140500e+00
3.330000e-04 2.140500e+00
3.332000e-04 2.140500e+00
3.334000e-04 2.140500e+00
3.336000e-04 2.140500e+00
3.338000e-04 2.140500e+00
3.340000e-04 2.140500e+00
3.342000e-04 2.140500e+00
3.344000e-04 2.140500e+00
3.346000e-04 2.140499e+00
3.348000e-04 2.140499e+00
3.350000e-04 2.140499e+00
3.352000e-04 2.140499e+00
3.354000e-04 2.140499e+00
3.356000e-04 2.140499e+00
3.358000e-04 2.140499e+00
3.360000e-04 2.140499e+00
3.362000e-04 2.140498e+00
3.364000e-04 2.140498e+00
3.366000e-04 2.140498e+00
3.368000e-04 2.140498e+00
3.370000e-04 2.140498e+00
3.372000e-04 2.140498e+00
3.374000e-04 2.140498e+00
3.376000e-04 2.140498e+00
3.378000e-04 2.140498e+00
3.380000e-04 2.140497e+00
3.382000e-04 2.140497e+00
3.384000e-04 2.140497e+00
3.386000e-04 2.140497e+00
3.388000e-04 2.140497e+00
3.390000e-04 2.140497e+00
3.392000e-04 2.140497e+00
3.394000e-04 2.140497e+00
3.396000e-04 2.140497e+00
3.398000e-04 2.140496e+00
3.400000e-04 2.140496e+00
3.402000e-04 2.140496e+00
3.404000e-04 2.140496e+00
3.406000e-04 2.140496e+00
3.408000e-04 2.140496e+00
3.410000e-04 2.140496e+00
3.412000e-04 2.140496e+00
3.414000e-04 2.140495e+00
3.416000e-04 2.140495e+00
3.418000e-04 2.140495e+00
3.420000e-04 2.140495e+00
3.422000e-04 2.140495e+00
3.424000e-04 2.140495e+00
3.426000e-04 2.140495e+00
3.428000e-04 2.140495e+00
3.430000e-04 2.140495e+00
3.432000e-04 2.140494e+00
3.434000e-04 2.140494e+00
3.436000e-04 2.140494e+00
3.438000e-04 2.140494e+00
3.440000e-04 2.140494e+00
3.442000e-04 2.140494e+00
3.444000e-04 2.140494e+00
3.446000e-04 2.140494e+00
3.448000e-04 2.140494e+00
3.450000e-04 2.140493e+00
3.452000e-04 2.140493e+00
3.454000e-04 2.140493e+00
3.456000e-04 2.140493e+00
3.458000e-04 2.140493e+00
3.460000e-04 2.140493e+00
3.462000e-04 2.140493e+00
3.464000e-04 2.140493e+00
3.466000e-04 2.140492e+00
3.468000e-04 2.140492e+00
3.470000e-04 2.140492e+00
3.472000e-04 2.140492e+00
3.474000e-04 2.140492e+00
3.476000e-04 2.140492e+00
3.478000e-04 2.140492e+00
3.480000e-04 2.140492e+00
3.482000e-04 2.140492e+00
3.484000e-04 2.140491e+00
3.486000e-04 2.140491e+00
3.488000e-04 2.140491e+00
3.490000e-04 2.140491e+00
3.492000e-04 2.140491e+00
3.494000e-04 2.140491e+00
3.496000e-04 2.140491e+00
3.498000e-04 2.140491e+00
3.500000e-04 2.140491e+00
3.502000e-04 2.140490e+00
3.504000e-04 2.140490e+00
3.506000e-04 2.140490e+00
3.508000e-04 2.140490e+00
3.510000e-04 2.140490e+00
3.512000e-04 2.140490e+00
3.514000e-04 2.140490e+00
3.516000e-04 2.140490e+00
3.518000e-04 2.140489e+00
3.520000e-04 2.140489e+00
3.522000e-04 2.140489e+00
3.524000e-04 2.140489e+00
3.526000e-04 2.140489e+00
3.528000e-04 2.140489e+00
3.530000e-04 2.140489e+00
3.532000e-04 2.140489e+00
3.534000e-04 2.140489e+00
3.536000e-04 2.140488e+00
3.538000e-04 2.140488e+00
3.540000e-04 2.140488e+00
3.542000e-04 2.140488e+00
3.544000e-04 2.140488e+00
3.546000e-04 2.140488e+00
3.548000e-04 2.140488e+00
3.550000e-04 2.140488e+00
3.552000e-04 2.140488e+00
3.554000e-04 2.140487e+00
3.556000e-04 2.140487e+00
3.558000e-04 2.140487e+00
3.560000e-04 2.140487e+00
3.562000e-04 2.140487e+00
3.564000e-04 2.140487e+00
3.566000e-04 2.140487e+00
3.568000e-04 2.140487e+00
3.570000e-04 2.140486e+00
3.572000e-04 2.140486e+00
3.574000e-04 2.140486e+00
3.576000e-04 2.140486e+00
3.578000e-04 2.140486e+00
3.580000e-04 2.140486e+00
3.582000e-04 2.140486e+00
3.584000e-04 2.140486e+00
3.586000e-04 2.140486e+00
3.588000e-04 2.140485e+00
3.590000e-04 2.140485e+00
3.592000e-04 2.140485e+00
3.594000e-04 2.140485e+00
3.596000e-04 2.140485e+00
3.598000e-04 2.140485e+00
3.600000e-04 2.140485e+00
3.602000e-04 2.140485e+00
3.604000e-04 2.140485e+00
3.606000e-04 2.140484e+00
3.608000e-04 2.140484e+00
3.610000e-04 2.140484e+00
3.612000e-04 2.140484e+00
3.614000e-04 2.140484e+00
3.616000e-04 2.140484e+00
3.618000e-04 2.140484e+00
3.620000e-04 2.140484e+00
3.622000e-04 2.140483e+00
3.624000e-04 2.140483e+00
3.626000e-04 2.140483e+00
3.628000e-04 2.140483e+00
3.630000e-04 2.140483e+00
3.632000e-04 2.140483e+00
3.634000e-04 2.140483e+00
3.636000e-04 2.140483e+00
3.638000e-04 2.140483e+00
3.640000e-04 2.140482e+00
3.642000e-04 2.140482e+00
3.644000e-04 2.140482e+00
3.646000e-04 2.140482e+00
3.648000e-04 2.140482e+00
3.650000e-04 2.140482e+00
3.652000e-04 2.140482e+00
3.654000e-04 2.140482e+00
3.656000e-04 2.140482e+00
3.658000e-04 2.140481e+00
3.660000e-04 2.140481e+00
3.662000e-04 2.140481e+00
3.664000e-04 2.140481e+00
3.666000e-04 2.140481e+00
3.668000e-04 2.140481e+00
3.670000e-04 2.140481e+00
3.672000e-04 2.140481e+00
3.674000e-04 2.140480e+00
3.676000e-04 2.140480e+00
3.678000e-04 2.140480e+00
3.680000e-04 2.140480e+00
3.682000e-04 2.140480e+00
3.684000e-04 2.140480e+00
3.686000e-04 2.140480e+00
3.688000e-04 2.140480e+00
3.690000e-04 2.140480e+00
3.692000e-04 2.140479e+00
3.694000e-04 2.140479e+00
3.696000e-04 2.140479e+00
3.698000e-04 2.140479e+00
3.700000e-04 2.140479e+00
3.702000e-04 2.140479e+00
3.704000e-04 2.140479e+00
3.706000e-04 2.140479e+00
3.708000e-04 2.140479e+00
3.710000e-04 2.140478e+00
3.712000e-04 2.140478e+00
3.714000e-04 2.140478e+00
3.716000e-04 2.140478e+00
3.718000e-04 2.140478e+00
3.720000e-04 2.140478e+00
3.722000e-04 2.140478e+00
3.724000e-04 2.140478e+00
3.726000e-04 2.140477e+00
3.728000e-04 2.140477e+00
3.730000e-04 2.140477e+00
3.732000e-04 2.140477e+00
3.734000e-04 2.140477e+00
3.736000e-04 2.140477e+00
3.738000e-04 2.140477e+00
3.740000e-04 2.140477e+00
3.741999e-04 2.140477e+00
3.743999e-04 2.140476e+00
3.745999e-04 2.140476e+00
3.747999e-04 2.140476e+00
3.749999e-04 2.140476e+00
3.751999e-04 2.140476e+00
3.753999e-04 2.140476e+00
3.755999e-04 2.140476e+00
3.757999e-04 2.140476e+00
3.759999e-04 2.140476e+00
3.761999e-04 2.140475e+00
3.763999e-04 2.140475e+00
3.765999e-04 2.140475e+00
3.767999e-04 2.140475e+00
3.769999e-04 2.140475e+00
3.771999e-04 2.140475e+00
3.773999e-04 2.140475e+00
3.775999e-04 2.140475e+00
3.777999e-04 2.140475e+00
3.779999e-04 2.140474e+00
3.781999e-04 2.140474e+00
3.783999e-04 2.140474e+00
3.785999e-04 2.140474e+00
3.787999e-04 2.140474e+00
3.789999e-04 2.140474e+00
3.791999e-04 2.140474e+00
3.793999e-04 2.140474e+00
3.795999e-04 2.140473e+00
3.797999e-04 2.140473e+00
3.799999e-04 2.140473e+00
3.801999e-04 2.140473e+00
3.803999e-04 2.140473e+00
3.805999e-04 2.140473e+00
3.807999e-04 2.140473e+00
3.809999e-04 2.140473e+00
3.811999e-04 2.140473e+00
3.813999e-04 2.140472e+00
3.815999e-04 2.140472e+00
3.817999e-04 2.140472e+00
3.819999e-04 2.140472e+00
3.821999e-04 2.140472e+00
3.823999e-04 2.140472e+00
3.825999e-04 2.140472e+00
3.827999e-04 2.140472e+00
3.829999e-04 2.140472e+00
3.831999e-04 2.140471e+00
3.833999e-04 2.140471e+00
3.835999e-04 2.140471e+00
3.837999e-04 2.140471e+00
3.839999e-04 2.140471e+00
3.841999e-04 2.140471e+00
3.843999e-04 2.140471e+00
3.845999e-04 2.140471e+00
3.847999e-04 2.140470e+00
3.849999e-04 2.140470e+00
3.851999e-04 2.140470e+00
3.853999e-04 2.140470e+00
3.855999e-04 2.140470e+00
3.857999e-04 2.140470e+00
3.859999e-04 2.140470e+00
3.861999e-04 2.140470e+00
3.863999e-04 2.140470e+00
3.865999e-04 2.140469e+00
3.867999e-04 2.140469e+00
3.869999e-04 2.140469e+00
3.871999e-04 2.140469e+00
3.873999e-04 2.140469e+00
3.875999e-04 2.140469e+00
3.877999e-04 2.140469e+00
3.879999e-04 2.140469e+00
3.881999e-04 2.140469e+00
3.883999e-04 2.140468e+00
3.885999e-04 2.140468e+00
3.887999e-04 2.140468e+00
3.889999e-04 2.140468e+00
3.891999e-04 2.140468e+00
3.893999e-04 2.140468e+00
3.895999e-04 2.140468e+00
3.897999e-04 2.140468e+00
3.899999e-04 2.140467e+00
3.901999e-04 2.140467e+00
3.903999e-04 2.140467e+00
3.905999e-04 2.140467e+00
3.907999e-04 2.140467e+00
3.909999e-04 2.140467e+00
3.911999e-04 2.140467e+00
3.913999e-04 2.140467e+00
3.915999e-04 2.140467e+00
3.917999e-04 2.140466e+00
3.919999e-04 2.140466e+00
3.921999e-04 2.140466e+00
3.923999e-04 2.140466e+00
3.925999e-04 2.140466e+00
3.927999e-04 2.140466e+00
3.929999e-04 2.140466e+00
3.931999e-04 2.140466e+00
3.933999e-04 2.140466e+00
3.935999e-04 2.140465e+00
3.937999e-04 2.140465e+00
3.939999e-04 2.140465e+00
3.941999e-04 2.140465e+00
3.943999e-04 2.140465e+00
3.945999e-04 2.140465e+00
3.947999e-04 2.140465e+00
3.949999e-04 2.140465e+00
3.951999e-04 2.140464e+00
3.953999e-04 2.140464e+00
3.955999e-04 2.140464e+00
3.957999e-04 2.140464e+00
3.959999e-04 2.140464e+00
3.961999e-04 2.140464e+00
3.963999e-04 2.140464e+00
3.965999e-04 2.140464e+00
3.967999e-04 2.140464e+00
3.969999e-04 2.140463e+00
3.971999e-04 2.140463e+00
3.973999e-04 2.140463e+00
3.975999e-04 2.140463e+00
3.977999e-04 2.140463e+00
3.979999e-04 2.140463e+00
3.981999e-04 2.140463e+00
3.983999e-04 2.140463e+00
3.985999e-04 2.140463e+00
3.987999e-04 2.140462e+00
3.989999e-04 2.140462e+00
3.991999e-04 2.140462e+00
3.993999e-04 2.140462e+00
3.995999e-04 2.140462e+00
3.997999e-04 2.140462e+00
3.999999e-04 2.140462e+00
4.001999e-04 2.140462e+00
4.003999e-04 2.140461e+00
4.005999e-04 2.140461e+00
4.007999e-04 2.140461e+00
4.009999e-04 2.140461e+00
4.011999e-04 2.140461e+00
4.013999e-04 2.140461e+00
4.015999e-04 2.140461e+00
4.017999e-04 2.140461e+00
4.019999e-04 2.140461e+00
4.021999e-04 2.140460e+00
4.023999e-04 2.140460e+00
4.025999e-04 2.140460e+00
4.027999e-04 2.140460e+00
4.029999e-04 2.140460e+00
4.031999e-04 2.140460e+00
4.033999e-04 2.140460e+00
4.035999e-04 2.140460e+00
4.037999e-04 2.140460e+00
4.039999e-04 2.140459e+00
4.041999e-04 2.140459e+00
4.043999e-04 2.140459e+00
4.045999e-04 2.140459e+00
4.047999e-04 2.140459e+00
4.049999e-04 2.140459e+00
4.051999e-04 2.140459e+00
4.053999e-04 2.140459e+00
4.055999e-04 2.140458e+00
4.057999e-04 2.140458e+00
4.059999e-04 2.140458e+00
4.061999e-04 2.140458e+00
4.063999e-04 2.140458e+00
4.065999e-04 2.140458e+00
4.067999e-04 2.140458e+00
4.069999e-04 2.140458e+00
4.071999e-04 2.140458e+00
4.073999e-04 2.140457e+00
4.075999e-04 2.140457e+00
4.077999e-04 2.140457e+00
4.079999e-04 2.140457e+00
4.081999e-04 2.140457e+00
4.083999e-04 2.140457e+00
4.085999e-04 2.140457e+00
4.087999e-04 2.140457e+00
4.089999e-04 2.140457e+00
4.091999e-04 2.140456e+00
4.093999e-04 2.140456e+00
4.095999e-04 2.140456e+00
4.097999e-04 2.140456e+00
4.099999e-04 2.140456e+00
4.101999e-04 2.140456e+00
4.103999e-04 2.140456e+00
4.105999e-04 2.140456e+00
4.107999e-04 2.140455e+00
4.109999e-04 2.140455e+00
4.111999e-04 2.140455e+00
4.113999e-04 2.140455e+00
4.115999e-04 2.140455e+00
4.117999e-04 2.140455e+00
4.119999e-04 2.140455e+00
4.121999e-04 2.140455e+00
4.123999e-04 2.140455e+00
4.125999e-04 2.140454e+00
4.127999e-04 2.140454e+00
4.129999e-04 2.140454e+00
4.131999e-04 2.140454e+00
4.133999e-04 2.140454e+00
4.135999e-04 2.140454e+00
4.137999e-04 2.140454e+00
4.139999e-04 2.140454e+00
4.141999e-04 2.140454e+00
4.143999e-04 2.140453e+00
4.145999e-04 2.140453e+00
4.147999e-04 2.140453e+00
4.149999e-04 2.140453e+00
4.151999e-04 2.140453e+00
4.153999e-04 2.140453e+00
4.155999e-04 2.140453e+00
4.157999e-04 2.140453e+00
4.159999e-04 2.140452e+00
4.161999e-04 2.140452e+00
4.163999e-04 2.140452e+00
4.165999e-04 2.140452e+00
4.167999e-04 2.140452e+00
4.169999e-04 2.140452e+00
4.171999e-04 2.140452e+00
4.173999e-04 2.140452e+00
4.175999e-04 2.140452e+00
4.177999e-04 2.140451e+00
4.179999e-04 2.140451e+00
4.181999e-04 2.140451e+00
4.183999e-04 2.140451e+00
4.185999e-04 2.140451e+00
4.187999e-04 2.140451e+00
4.189999e-04 2.140451e+00
4.191999e-04 2.140451e+00
4.193999e-04 2.140451e+00
4.195999e-04 2.140450e+00
4.197999e-04 2.140450e+00
4.199999e-04 2.140450e+00
4.201999e-04 2.140450e+00
4.203999e-04 2.140450e+00
4.205999e-04 2.140450e+00
4.207999e-04 2.140450e+00
4.209999e-04 2.140450e+00
4.211999e-04 2.140449e+00
4.213999e-04 2.140449e+00
4.215999e-04 2.140449e+00
4.217999e-04 2.140449e+00
4.219999e-04 2.140449e+00
4.221999e-04 2.140449e+00
4.223999e-04 2.140449e+00
4.225999e-04 2.140449e+00
4.227999e-04 2.140449e+00
4.229999e-04 2.140448e+00
4.231999e-04 2.140448e+00
4.233999e-04 2.140448e+00
4.235999e-04 2.140448e+00
4.237999e-04 2.140448e+00
4.239999e-04 2.140448e+00
4.241999e-04 2.140448e+00
4.243999e-04 2.140448e+00
4.245999e-04 2.140448e+00
4.247999e-04 2.140447e+00
4.249999e-04 2.140447e+00
4.251999e-04 2.140447e+00
4.253999e-04 2.140447e+00
4.255999e-04 2.140447e+00
4.257999e-04 2.140447e+00
4.259999e-04 2.140447e+00
4.261999e-04 2.140447e+00
4.263999e-04 2.140446e+00
4.265999e-04 2.140446e+00
4.267999e-04 2.140446e+00
4.269999e-04 2.140446e+00
4.271999e-04 2.140446e+00
4.273999e-04 2.140446e+00
4.275999e-04 2.140446e+00
4.277999e-04 2.140446e+00
4.279999e-04 2.140446e+00
4.281999e-04 2.140445e+00
4.283999e-04 2.140445e+00
4.285999e-04 2.140445e+00
4.287999e-04 2.140445e+00
4.289999e-04 2.140445e+00
4.291999e-04 2.140445e+00
4.293999e-04 2.140445e+00
4.295999e-04 2.140445e+00
4.297999e-04 2.140445e+00
4.299999e-04 2.140444e+00
4.301999e-04 2.140444e+00
4.303999e-04 2.140444e+00
4.305999e-04 2.140444e+00
4.307999e-04 2.140444e+00
4.309999e-04 2.140444e+00
4.311999e-04 2.140444e+00
4.313999e-04 2.140444e+00
4.315999e-04 2.140443e+00
4.317999e-04 2.140443e+00
4.319999e-04 2.140443e+00
4.321999e-04 2.140443e+00
4.323999e-04 2.140443e+00
4.325999e-04 2.140443e+00
4.327999e-04 2.140443e+00
4.329999e-04 2.140443e+00
4.331999e-04 2.140443e+00