4.894000e-04 8.045354e-01
4.895999e-04 8.045313e-01
4.897998e-04 8.045271e-01
4.899997e-04 8.045229e-01
4.901997e-04 8.045187e-01
4.903996e-04 8.045145e-01
4.905995e-04 8.045103e-01
4.907994e-04 8.045061e-01
4.909993e-04 8.045019e-01
4.911993e-04 8.044977e-01
4.913992e-04 8.044935e-01
4.915991e-04 8.044893e-01
4.917990e-04 8.044851e-01
4.919990e-04 8.044809e-01
4.921989e-04 8.044767e-01
4.923988e-04 8.044725e-01
4.925987e-04 8.044683e-01
4.927986e-04 8.044641e-01
4.929986e-04 8.044599e-01
4.931985e-04 8.044557e-01
4.933984e-04 8.044516e-01
4.935983e-04 8.044474e-01
4.937982e-04 8.044432e-01
4.939982e-04 8.044390e-01
4.941981e-04 8.044348e-01
4.943980e-04 8.044306e-01
4.945979e-04 8.044264e-01
4.947979e-04 8.044222e-01
4.949978e-04 8.044180e-01
4.951977e-04 8.044138e-01
4.953976e-04 8.044096e-01
4.955975e-04 8.044055e-01
4.957975e-04 8.044013e-01
4.959974e-04 8.043971e-01
4.961973e-04 8.043929e-01
4.963972e-04 8.043887e-01
4.965972e-04 8.043845e-01
4.967971e-04 8.043803e-01
4.969970e-04 8.043761e-01
4.971969e-04 8.043720e-01
4.973968e-04 8.043678e-01
4.975968e-04 8.043636e-01
4.977967e-04 8.043594e-01
4.979966e-04 8.043552e-01
4.981965e-04 8.043510e-01
4.983964e-04 8.043468e-01
4.985964e-04 8.043427e-01
4.987963e-04 8.043385e-01
4.989962e-04 8.043343e-01
4.991961e-04 8.043301e-01
4.993961e-04 8.043259e-01
4.995960e-04 8.043217e-01
4.997959e-04 8.043175e-01
4.999958e-04 8.043134e-01
5.001957e-04 8.043092e-01
5.003957e-04 8.043050e-01
5.005956e-04 8.043008e-01
5.007955e-04 8.042966e-01
5.009954e-04 8.042925e-01
5.011954e-04 8.042883e-01
5.013953e-04 8.042841e-01
5.015952e-04 8.042799e-01
5.017951e-04 8.042757e-01
5.019950e-04 8.042716e-01
5.021950e-04 8.042674e-01
5.023949e-04 8.042632e-01
5.025948e-04 8.042590e-01
5.027947e-04 8.042548e-01
5.029946e-04 8.042507e-01
5.031946e-04 8.042465e-01
5.033945e-04 8.042423e-01
5.035944e-04 8.042381e-01
5.037943e-04 8.042339e-01
5.039943e-04 8.042298e-01
5.041942e-04 8.042256e-01
5.043941e-04 8.042214e-01
5.045940e-04 8.042172e-01
5.047939e-04 8.042131e-01
5.049939e-04 8.042089e-01
5.051938e-04 8.042047e-01
5.053937e-04 8.042005e-01
5.055936e-04 8.041964e-01
5.057935e-04 8.041922e-01
5.059935e-04 8.041880e-01
5.061934e-04 8.041838e-01
5.063933e-04 8.041797e-01
5.065932e-04 8.041755e-01
5.067932e-04 8.041713e-01
5.069931e-04 8.041671e-01
5.071930e-04 8.041630e-01
5.073929e-04 8.041588e-01
5.075928e-04 8.041546e-01
5.077928e-04 8.041504e-01
5.079927e-04 8.041463e-01
5.081926e-04 8.041421e-01
5.083925e-04 8.041379e-01
5.085925e-04 8.041338e-01
5.087924e-04 8.041296e-01
5.089923e-04 8.041254e-01
5.091922e-04 8.041212e-01
5.093921e-04 8.041171e-01
5.095921e-04 8.041129e-01
5.097920e-04 8.041087e-01
5.099919e-04 8.041046e-01
5.101918e-04 8.041004e-01
5.103917e-04 8.040962e-01
5.105917e-04 8.040921e-01
5.107916e-04 8.040879e-01
5.109915e-04 8.040837e-01
5.111914e-04 8.040796e-01
5.113914e-04 8.040754e-01
5.115913e-04 8.040712e-01
5.117912e-04 8.040671e-01
5.119911e-04 8.040629e-01
5.121910e-04 8.040587e-01
5.123910e-04 8.040546e-01
5.125909e-04 8.040504e-01
5.127908e-04 8.040462e-01
5.129907e-04 8.040421e-01
5.131907e-04 8.040379e-01
5.133906e-04 8.040337e-01
5.135905e-04 8.040296e-01
5.137904e-04 8.040254e-01
5.139903e-04 8.040212e-01
5.141903e-04 8.040171e-01
5.143902e-04 8.040129e-01
5.145901e-04 8.040088e-01
5.147900e-04 8.040046e-01
5.149899e-04 8.040004e-01
5.151899e-04 8.039963e-01
5.153898e-04 8.039921e-01
5.155897e-04 8.039879e-01
5.157896e-04 8.039838e-01
5.159896e-04 8.039796e-01
5.161895e-04 8.039755e-01
5.163894e-04 8.039713e-01
5.165893e-04 8.039671e-01
5.167892e-04 8.039630e-01
5.169892e-04 8.039588e-01
5.171891e-04 8.039547e-01
5.173890e-04 8.039505e-01
5.175889e-04 8.039464e-01
5.177889e-04 8.039422e-01
5.179888e-04 8.039380e-01
5.181887e-04 8.039339e-01
5.183886e-04 8.039297e-01
5.185885e-04 8.039256e-01
5.187885e-04 8.039214e-01
5.189884e-04 8.039172e-01
5.191883e-04 8.039131e-01
5.193882e-04 8.039089e-01
5.195881e-04 8.039048e-01
5.197881e-04 8.039006e-01
5.199880e-04 8.038965e-01
5.201879e-04 8.038923e-01
5.203878e-04 8.038882e-01
5.205878e-04 8.038840e-01
5.207877e-04 8.038799e-01
5.209876e-04 8.038757e-01
5.211875e-04 8.038715e-01
5.213874e-04 8.038674e-01
5.215874e-04 8.038632e-01
5.217873e-04 8.038591e-01
5.219872e-04 8.038549e-01
5.221871e-04 8.038508e-01
5.223871e-04 8.038466e-01
5.225870e-04 8.038425e-01
5.227869e-04 8.038383e-01
5.229868e-04 8.038342e-01
5.231867e-04 8.038300e-01
5.233867e-04 8.038259e-01
5.235866e-04 8.038217e-01
5.237865e-04 8.038176e-01
5.239864e-04 8.038134e-01
5.241863e-04 8.038093e-01
5.243863e-04 8.038051e-01
5.245862e-04 8.038010e-01
5.247861e-04 8.037968e-01
5.249860e-04 8.037927e-01
5.251860e-04 8.037885e-01
5.253859e-04 8.037844e-01
5.255858e-04 8.037802e-01
5.257857e-04 8.037761e-01
5.259856e-04 8.037719e-01
5.261856e-04 8.037678e-01
5.263855e-04 8.037636e-01
5.265854e-04 8.037595e-01
5.267853e-04 8.037554e-01
5.269852e-04 8.037512e-01
5.271852e-04 8.037471e-01
5.273851e-04 8.037429e-01
5.275850e-04 8.037388e-01
5.277849e-04 8.037346e-01
5.279849e-04 8.037305e-01
5.281848e-04 8.037263e-01
5.283847e-04 8.037222e-01
5.285846e-04 8.037181e-01
5.287845e-04 8.037139e-01
5.289845e-04 8.037098e-01
5.291844e-04 8.037056e-01
5.293843e-04 8.037015e-01
5.295842e-04 8.036973e-01
5.297842e-04 8.036932e-01
5.299841e-04 8.036891e-01
5.301840e-04 8.036849e-01
5.303839e-04 8.036808e-01
5.305838e-04 8.036766e-01
5.307838e-04 8.036725e-01
5.309837e-04 8.036684e-01
5.311836e-04 8.036642e-01
5.313835e-04 8.036601e-01
5.315834e-04 8.036559e-01
5.317834e-04 8.036518e-01
5.319833e-04 8.036477e-01
5.321832e-04 8.036435e-01
5.323831e-04 8.036394e-01
5.325831e-04 8.036352e-01
5.327830e-04 8.036311e-01
5.329829e-04 8.036270e-01
5.331828e-04 8.036228e-01
5.333827e-04 8.036187e-01
5.335827e-04 8.036146e-01
5.337826e-04 8.036104e-01
5.339825e-04 8.036063e-01
5.341824e-04 8.036021e-01
5.343824e-04 8.035980e-01
5.345823e-04 8.035939e-01
5.347822e-04 8.035897e-01
5.349821e-04 8.035856e-01
5.351820e-04 8.035815e-01
5.353820e-04 8.035773e-01
5.355819e-04 8.035732e-01
5.357818e-04 8.035691e-01
5.359817e-04 8.035649e-01
5.361816e-04 8.035608e-01
5.363816e-04 8.035567e-01
5.365815e-04 8.035525e-01
5.367814e-04 8.035484e-01
5.369813e-04 8.035443e-01
5.371813e-04 8.035401e-01
5.373812e-04 8.035360e-01
5.375811e-04 8.035319e-01
5.377810e-04 8.035277e-01
5.379809e-04 8.035236e-01
5.381809e-04 8.035195e-01
5.383808e-04 8.035154e-01
5.385807e-04 8.035112e-01
5.387806e-04 8.035071e-01
5.389806e-04 8.035030e-01
5.391805e-04 8.034988e-01
5.393804e-04 8.034947e-01
5.395803e-04 8.034906e-01
5.397802e-04 8.034865e-01
5.399802e-04 8.034823e-01
5.401801e-04 8.034782e-01
5.403800e-04 8.034741e-01
5.405799e-04 8.034699e-01
5.407798e-04 8.034658e-01
5.409798e-04 8.034617e-01
5.411797e-04 8.034576e-01
5.413796e-04 8.034534e-01
5.415795e-04 8.034493e-01
5.417795e-04 8.034452e-01
5.419794e-04 8.034411e-01
5.421793e-04 8.034369e-01
5.423792e-04 8.034328e-01
5.425791e-04 8.034287e-01
5.427791e-04 8.034246e-01
5.429790e-04 8.034204e-01
5.431789e-04 8.034163e-01
5.433788e-04 8.034122e-01
5.435788e-04 8.034081e-01
5.437787e-04 8.034039e-01
5.439786e-04 8.033998e-01
5.441785e-04 8.033957e-01
5.443784e-04 8.033916e-01
5.445784e-04 8.033875e-01
5.447783e-04 8.033833e-01
5.449782e-04 8.033792e-01
5.451781e-04 8.033751e-01
5.453780e-04 8.033710e-01
5.455780e-04 8.033668e-01
5.457779e-04 8.033627e-01
5.459778e-04 8.033586e-01
5.461777e-04 8.033545e-01
5.463777e-04 8.033504e-01
5.465776e-04 8.033463e-01
5.467775e-04 8.033421e-01
5.469774e-04 8.033380e-01
5.471773e-04 8.033339e-01
5.473773e-04 8.033298e-01
5.475772e-04 8.033257e-01
5.477771e-04 8.033215e-01
5.479770e-04 8.033174e-01
5.481770e-04 8.033133e-01
5.483769e-04 8.033092e-01
5.485768e-04 8.033051e-01
5.487767e-04 8.033010e-01
5.489766e-04 8.032968e-01
5.491766e-04 8.032927e-01
5.493765e-04 8.032886e-01
5.495764e-04 8.032845e-01
5.497763e-04 8.032804e-01
5.499762e-04 8.032763e-01
5.501762e-04 8.032722e-01
5.503761e-04 8.032680e-01
5.505760e-04 8.032639e-01
5.507759e-04 8.032598e-01
5.509759e-04 8.032557e-01
5.511758e-04 8.032516e-01
5.513757e-04 8.032475e-01
5.515756e-04 8.032434e-01
5.517755e-04 8.032392e-01
5.519755e-04 8.032351e-01
5.521754e-04 8.032310e-01
5.523753e-04 8.032269e-01
5.525752e-04 8.032228e-01
5.527751e-04 8.032187e-01
5.529751e-04 8.032146e-01
5.531750e-04 8.032105e-01
5.533749e-04 8.032064e-01
5.535748e-04 8.032023e-01
5.537748e-04 8.031981e-01
5.539747e-04 8.031940e-01
5.541746e-04 8.031899e-01
5.543745e-04 8.031858e-01
5.545744e-04 8.031817e-01
5.547744e-04 8.031776e-01
5.549743e-04 8.031735e-01
5.551742e-04 8.031694e-01
5.553741e-04 8.031653e-01
5.555741e-04 8.031612e-01
5.557740e-04 8.031571e-01
5.559739e-04 8.031530e-01
5.561738e-04 8.031488e-01
5.563737e-04 8.031447e-01
5.565737e-04 8.031406e-01
5.567736e-04 8.031365e-01
5.569735e-04 8.031324e-01
5.571734e-04 8.031283e-01
5.573733e-04 8.031242e-01
5.575733e-04 8.031201e-01
5.577732e-04 8.031160e-01
5.579731e-04 8.031119e-01
5.581730e-04 8.031078e-01
5.583730e-04 8.031037e-01
5.585729e-04 8.030996e-01
5.587728e-04 8.030955e-01
5.589727e-04 8.030914e-01
5.591726e-04 8.030873e-01
5.593726e-04 8.030832e-01
5.595725e-04 8.030791e-01
5.597724e-04 8.030750e-01
5.599723e-04 8.030709e-01
5.601723e-04 8.030668e-01
5.603722e-04 8.030627e-01
5.605721e-04 8.030586e-01
5.607720e-04 8.030545e-01
5.609719e-04 8.030504e-01
5.611719e-04 8.030463e-01
5.613718e-04 8.030422e-01
5.615717e-04 8.030381e-01
5.617716e-04 8.030340e-01
5.619715e-04 8.030299e-01
5.621715e-04 8.030258e-01
5.623714e-04 8.030217e-01
5.625713e-04 8.030176e-01
5.627712e-04 8.030135e-01
5.629712e-04 8.030094e-01
5.631711e-04 8.030053e-01
5.633710e-04 8.030012e-01
5.635709e-04 8.029971e-01
5.637708e-04 8.029930e-01
5.639708e-04 8.029889e-01
5.641707e-04 8.029848e-01
5.643706e-04 8.029807e-01
5.645705e-04 8.029766e-01
5.647705e-04 8.029725e-01
5.649704e-04 8.029684e-01
5.651703e-04 8.029643e-01
5.653702e-04 8.029602e-01
5.655701e-04 8.029562e-01
5.657701e-04 8.029521e-01
5.659700e-04 8.029480e-01
5.661699e-04 8.029439e-01
5.663698e-04 8.029398e-01
5.665697e-04 8.029357e-01
5.667697e-04 8.029316e-01
5.669696e-04 8.029275e-01
5.671695e-04 8.029234e-01
5.673694e-04 8.029193e-01
5.675694e-04 8.029152e-01
5.677693e-04 8.029111e-01
5.679692e-04 8.029070e-01
5.681691e-04 8.029030e-01
5.683690e-04 8.028989e-01
5.685690e-04 8.028948e-01
5.687689e-04 8.028907e-01
5.689688e-04 8.028866e-01
5.691687e-04 8.028825e-01
5.693687e-04 8.028784e-01
5.695686e-04 8.028743e-01
5.697685e-04 8.028702e-01
5.699684e-04 8.028662e-01
5.701683e-04 8.028621e-01
5.703683e-04 8.028580e-01
5.705682e-04 8.028539e-01
5.707681e-04 8.028498e-01
5.709680e-04 8.028457e-01
5.711679e-04 8.028416e-01
5.713679e-04 8.028375e-01
5.715678e-04 8.028335e-01
5.717677e-04 8.028294e-01
5.719676e-04 8.028253e-01
5.721676e-04 8.028212e-01
5.723675e-04 8.028171e-01
5.725674e-04 8.028130e-01
5.727673e-04 8.028090e-01
5.729672e-04 8.028049e-01
5.731672e-04 8.028008e-01
5.733671e-04 8.027967e-01
5.735670e-04 8.027926e-01
5.737669e-04 8.027885e-01
5.739669e-04 8.027845e-01
5.741668e-04 8.027804e-01
5.743667e-04 8.027763e-01
5.745666e-04 8.027722e-01
5.747665e-04 8.027681e-01
5.749665e-04 8.027640e-01
5.751664e-04 8.027600e-01
5.753663e-04 8.027559e-01
5.755662e-04 8.027518e-01
5.757661e-04 8.027477e-01
5.759661e-04 8.027436e-01
5.761660e-04 8.027396e-01
5.763659e-04 8.027355e-01
5.765658e-04 8.027314e-01
5.767658e-04 8.027273e-01
5.769657e-04 8.027232e-01
5.771656e-04 8.027192e-01
5.773655e-04 8.027151e-01
5.775654e-04 8.027110e-01
5.777654e-04 8.027069e-01
5.779653e-04 8.027029e-01
5.781652e-04 8.026988e-01
5.783651e-04 8.026947e-01
5.785650e-04 8.026906e-01
5.787650e-04 8.026865e-01
5.789649e-04 8.026825e-01
5.791648e-04 8.026784e-01
5.793647e-04 8.026743e-01
5.795647e-04 8.026702e-01
5.797646e-04 8.026662e-01
5.799645e-04 8.026621e-01
5.801644e-04 8.026580e-01
5.803643e-04 8.026539e-01
5.805643e-04 8.026499e-01
5.807642e-04 8.026458e-01
5.809641e-04 8.026417e-01
5.811640e-04 8.026376e-01
5.813640e-04 8.026336e-01
5.815639e-04 8.026295e-01
5.817638e-04 8.026254e-01
5.819637e-04 8.026214e-01
5.821636e-04 8.026173e-01
5.823636e-04 8.026132e-01
5.825635e-04 8.026091e-01
5.827634e-04 8.026051e-01
5.829633e-04 8.026010e-01
5.831632e-04 8.025969e-01
5.833632e-04 8.025929e-01
5.835631e-04 8.025888e-01
5.837630e-04 8.025847e-01
5.839629e-04 8.025806e-01
5.841629e-04 8.025766e-01
5.843628e-04 8.025725e-01
5.845627e-04 8.025684e-01
5.847626e-04 8.025644e-01
5.849625e-04 8.025603e-01
5.851625e-04 8.025562e-01
5.853624e-04 8.025522e-01
5.855623e-04 8.025481e-01
5.857622e-04 8.025440e-01
5.859622e-04 8.025400e-01
5.861621e-04 8.025359e-01
5.863620e-04 8.025318e-01
5.865619e-04 8.025278e-01
5.867618e-04 8.025237e-01
5.869618e-04 8.025196e-01
5.871617e-04 8.025156e-01
5.873616e-04 8.025115e-01
5.875615e-04 8.025074e-01
5.877614e-04 8.025034e-01
5.879614e-04 8.024993e-01
5.881613e-04 8.024952e-01
5.883612e-04 8.024912e-01
5.885611e-04 8.024871e-01
5.887611e-04 8.024831e-01
5.889610e-04 8.024790e-01
5.891609e-04 8.024749e-01
5.893608e-04 8.024709e-01
5.895607e-04 8.024668e-01
5.897607e-04 8.024627e-01
5.899606e-04 8.024587e-01
5.901605e-04 8.024546e-01
5.903604e-04 8.024506e-01
5.905604e-04 8.024465e-01
5.907603e-04 8.024424e-01
5.909602e-04 8.024384e-01
5.911601e-04 8.024343e-01
5.913600e-04 8.024303e-01
5.915600e-04 8.024262e-01
5.917599e-04 8.024221e-01
5.919598e-04 8.024181e-01
5.921597e-04 8.024140e-01
5.923596e-04 8.024100e-01
5.925596e-04 8.024059e-01
5.927595e-04 8.024018e-01
5.929594e-04 8.023978e-01
5.931593e-04 8.023937e-01
5.933593e-04 8.023897e-01
5.935592e-04 8.023856e-01
5.937591e-04 8.023816e-01
5.939590e-04 8.023775e-01
5.941589e-04 8.023734e-01
5.943589e-04 8.023694e-01
5.945588e-04 8.023653e-01
5.947587e-04 8.023613e-01
5.949586e-04 8.023572e-01
5.951586e-04 8.023532e-01
5.953585e-04 8.023491e-01
5.955584e-04 8.023451e-01
5.957583e-04 8.023410e-01
5.959582e-04 8.023369e-01
5.961582e-04 8.023329e-01
5.963581e-04 8.023288e-01
5.965580e-04 8.023248e-01
5.967579e-04 8.023207e-01
5.969578e-04 8.023167e-01
5.971578e-04 8.023126e-01
5.973577e-04 8.023086e-01
5.975576e-04 8.023045e-01
5.977575e-04 8.023005e-01
5.979575e-04 8.022964e-01
5.981574e-04 8.022924e-01
5.983573e-04 8.022883e-01
5.985572e-04 8.022843e-01
5.987571e-04 8.022802e-01
5.989571e-04 8.022762e-01
5.991570e-04 8.022721e-01
5.993569e-04 8.022681e-01
5.995568e-04 8.022640e-01
5.997567e-04 8.022600e-01
5.999567e-04 8.022559e-01
6.001566e-04 8.022519e-01
6.003565e-04 8.022478e-01
6.005564e-04 8.022438e-01
6.007564e-04 8.022397e-01
6.009563e-04 8.022357e-01
6.011562e-04 8.022316e-01
6.013561e-04 8.022276e-01
6.015560e-04 8.022235e-01
6.017560e-04 8.022195e-01
6.019559e-04 8.022154e-01
6.021558e-04 8.022114e-01
6.023557e-04 8.022073e-01
6.025557e-04 8.022033e-01
6.027556e-04 8.021993e-01
6.029555e-04 8.021952e-01
6.031554e-04 8.021912e-01
6.033553e-04 8.021871e-01
6.035553e-04 8.021831e-01
6.037552e-04 8.021790e-01
6.039551e-04 8.021750e-01
6.041550e-04 8.021709e-01
6.043549e-04 8.021669e-01
6.045549e-04 8.021629e-01
6.047548e-04 8.021588e-01
6.049547e-04 8.021548e-01
6.051546e-04 8.021507e-01
6.053546e-04 8.021467e-01
6.055545e-04 8.021426e-01
6.057544e-04 8.021386e-01
6.059543e-04 8.021346e-01
6.061542e-04 8.021305e-01
6.063542e-04 8.021265e-01
6.065541e-04 8.021224e-01
6.067540e-04 8.021184e-01
6.069539e-04 8.021144e-01
6.071539e-04 8.021103e-01
6.073538e-04 8.021063e-01
6.075537e-04 8.021022e-01
6.077536e-04 8.020982e-01
6.079535e-04 8.020942e-01
6.081535e-04 8.020901e-01
6.083534e-04 8.020861e-01
6.085533e-04 8.020820e-01
6.087532e-04 8.020780e-01
6.089531e-04 8.020740e-01
6.091531e-04 8.020699e-01
6.093530e-04 8.020659e-01
6.095529e-04 8.020619e-01
6.097528e-04 8.020578e-01
6.099528e-04 8.020538e-01
6.101527e-04 8.020498e-01
6.103526e-04 8.020457e-01
6.105525e-04 8.020417e-01
6.107524e-04 8.020376e-01
6.109524e-04 8.020336e-01
6.111523e-04 8.020296e-01
6.113522e-04 8.020255e-01
6.115521e-04 8.020215e-01
6.117521e-04 8.020175e-01
6.119520e-04 8.020134e-01
6.121519e-04 8.020094e-01
6.123518e-04 8.020054e-01
6.125517e-04 8.020013e-01
6.127517e-04 8.019973e-01
6.129516e-04 8.019933e-01
6.131515e-04 8.019892e-01
6.133514e-04 8.019852e-01
6.135513e-04 8.019812e-01
6.137513e-04 8.019772e-01
6.139512e-04 8.019731e-01
6.141511e-04 8.019691e-01
6.143510e-04 8.019651e-01
6.145510e-04 8.019610e-01
6.147509e-04 8.019570e-01
6.149508e-04 8.019530e-01
6.151507e-04 8.019489e-01
6.153506e-04 8.019449e-01
6.155506e-04 8.019409e-01
6.157505e-04 8.019369e-01
6.159504e-04 8.019328e-01
6.161503e-04 8.019288e-01
6.163503e-04 8.019248e-01
6.165502e-04 8.019207e-01
6.167501e-04 8.019167e-01
6.169500e-04 8.019127e-01
6.171499e-04 8.019087e-01
6.173499e-04 8.019046e-01
6.175498e-04 8.019006e-01
6.177497e-04 8.018966e-01
6.179496e-04 8.018926e-01
6.181495e-04 8.018885e-01
6.183495e-04 8.018845e-01
6.185494e-04 8.018805e-01
6.187493e-04 8.018764e-01
6.189492e-04 8.018724e-01
6.191492e-04 8.018684e-01
6.193491e-04 8.018644e-01
6.195490e-04 8.018604e-01
6.197489e-04 8.018563e-01
6.199488e-04 8.018523e-01
6.201488e-04 8.018483e-01
6.203487e-04 8.018443e-01
6.205486e-04 8.018402e-01
6.207485e-04 8.018362e-01
6.209485e-04 8.018322e-01
6.211484e-04 8.018282e-01
6.213483e-04 8.018241e-01
6.215482e-04 8.018201e-01
6.217481e-04 8.018161e-01
6.219481e-04 8.018121e-01
6.221480e-04 8.018081e-01
6.223479e-04 8.018040e-01
6.225478e-04 8.018000e-01
6.227477e-04 8.017960e-01
6.229477e-04 8.017920e-01
6.231476e-04 8.017880e-01
6.233475e-04 8.017839e-01
6.235474e-04 8.017799e-01
6.237474e-04 8.017759e-01
6.239473e-04 8.017719e-01
6.241472e-04 8.017679e-01
6.243471e-04 8.017639e-01
6.245470e-04 8.017598e-01
6.247470e-04 8.017558e-01
6.249469e-04 8.017518e-01
6.251468e-04 8.017478e-01
6.253467e-04 8.017438e-01
6.255466e-04 8.017397e-01
6.257466e-04 8.017357e-01
6.259465e-04 8.017317e-01
6.261464e-04 8.017277e-01
6.263463e-04 8.017237e-01
6.265463e-04 8.017197e-01
6.267462e-04 8.017157e-01
6.269461e-04 8.017116e-01
6.271460e-04 8.017076e-01
6.273459e-04 8.017036e-01
6.275459e-04 8.016996e-01
6.277458e-04 8.016956e-01
6.279457e-04 8.016916e-01
6.281456e-04 8.016876e-01
6.283456e-04 8.016835e-01
6.285455e-04 8.016795e-01
6.287454e-04 8.016755e-01
6.289453e-04 8.016715e-01
6.291452e-04 8.016675e-01
6.293452e-04 8.016635e-01
6.295451e-04 8.016595e-01
6.297450e-04 8.016555e-01
6.299449e-04 8.016515e-01
6.301448e-04 8.016474e-01
6.303448e-04 8.016434e-01
6.305447e-04 8.016394e-01
6.307446e-04 8.016354e-01
6.309445e-04 8.016314e-01
6.311445e-04 8.016274e-01
6.313444e-04 8.016234e-01
6.315443e-04 8.016194e-01
6.317442e-04 8.016154e-01
6.319441e-04 8.016114e-01
6.321441e-04 8.016073e-01
6.323440e-04 8.016033e-01
6.325439e-04 8.015993e-01
6.327438e-04 8.015953e-01
6.329438e-04 8.015913e-01
6.331437e-04 8.015873e-01
6.333436e-04 8.015833e-01
6.335435e-04 8.015793e-01
6.337434e-04 8.015753e-01
6.339434e-04 8.015713e-01
6.341433e-04 8.015673e-01
6.343432e-04 8.015633e-01
6.345431e-04 8.015593e-01
6.347430e-04 8.015553e-01
6.349430e-04 8.015513e-01
6.351429e-04 8.015473e-01
6.353428e-04 8.015433e-01
6.355427e-04 8.015392e-01
6.357427e-04 8.015352e-01
6.359426e-04 8.015312e-01
6.361425e-04 8.015272e-01
6.363424e-04 8.015232e-01
6.365423e-04 8.015192e-01
6.367423e-04 8.015152e-01
6.369422e-04 8.015112e-01
6.371421e-04 8.015072e-01
6.373420e-04 8.015032e-01
6.375420e-04 8.014992e-01
6.377419e-04 8.014952e-01
6.379418e-04 8.014912e-01
6.381417e-04 8.014872e-01
6.383416e-04 8.014832e-01
6.385416e-04 8.014792e-01
6.387415e-04 8.014752e-01
6.389414e-04 8.014712e-01
6.391413e-04 8.014672e-01
6.393412e-04 8.014632e-01
6.395412e-04 8.014592e-01
6.397411e-04 8.014552e-01
6.399410e-04 8.014512e-01
6.401409e-04 8.014472e-01
6.403409e-04 8.014432e-01
6.405408e-04 8.014392e-01
6.407407e-04 8.014352e-01
6.409406e-04 8.014312e-01
6.411405e-04 8.014272e-01
6.413405e-04 8.014232e-01
6.415404e-04 8.014192e-01
6.417403e-04 8.014152e-01
6.419402e-04 8.014113e-01
6.421402e-04 8.014073e-01
6.423401e-04 8.014033e-01
6.425400e-04 8.013993e-01
6.427399e-04 8.013953e-01
6.429398e-04 8.013913e-01
6.431398e-04 8.013873e-01
6.433397e-04 8.013833e-01
6.435396e-04 8.013793e-01
6.437395e-04 8.013753e-01
6.439394e-04 8.013713e-01
6.441394e-04 8.013673e-01
6.443393e-04 8.013633e-01
6.445392e-04 8.013593e-01
6.447391e-04 8.013553e-01
6.449391e-04 8.013513e-01
6.451390e-04 8.013474e-01
6.453389e-04 8.013434e-01
6.455388e-04 8.013394e-01
6.457387e-04 8.013354e-01
6.459387e-04 8.013314e-01
6.461386e-04 8.013274e-01
6.463385e-04 8.013234e-01
6.465384e-04 8.013194e-01
6.467384e-04 8.013154e-01
6.469383e-04 8.013114e-01
6.471382e-04 8.013074e-01
6.473381e-04 8.013035e-01
6.475380e-04 8.012995e-01
6.477380e-04 8.012955e-01
6.479379e-04 8.012915e-01
6.481378e-04 8.012875e-01
6.483377e-04 8.012835e-01
6.485376e-04 8.012795e-01
6.487376e-04 8.012755e-01
6.489375e-04 8.012715e-01
6.491374e-04 8.012676e-01
6.493373e-04 8.012636e-01
6.495373e-04 8.012596e-01
6.497372e-04 8.012556e-01
6.499371e-04 8.012516e-01
6.501370e-04 8.012476e-01
6.503369e-04 8.012436e-01
6.505369e-04 8.012397e-01
6.507368e-04 8.012357e-01
6.509367e-04 8.012317e-01
6.511366e-04 8.012277e-01
6.513365e-04 8.012237e-01
6.515365e-04 8.012197e-01
6.517364e-04 8.012158e-01
6.519363e-04 8.012118e-01
6.521362e-04 8.012078e-01
6.523362e-04 8.012038e-01
6.525361e-04 8.011998e-01
6.527360e-04 8.011958e-01
6.529359e-04 8.011919e-01
6.531358e-04 8.011879e-01
6.533358e-04 8.011839e-01
6.535357e-04 8.011799e-01
6.537356e-04 8.011759e-01
6.539355e-04 8.011719e-01
6.541355e-04 8.011680e-01
6.543354e-04 8.011640e-01
6.545353e-04 8.011600e-01
6.547352e-04 8.011560e-01
6.549351e-04 8.011520e-01
6.551351e-04 8.011481e-01
6.553350e-04 8.011441e-01
6.555349e-04 8.011401e-01
6.557348e-04 8.011361e-01
6.559347e-04 8.011321e-01
6.561347e-04 8.011282e-01
6.563346e-04 8.011242e-01
6.565345e-04 8.011202e-01
6.567344e-04 8.011162e-01
6.569344e-04 8.011123e-01
6.571343e-04 8.011083e-01
6.573342e-04 8.011043e-01
6.575341e-04 8.011003e-01
6.577340e-04 8.010964e-01
6.579340e-04 8.010924e-01
6.581339e-04 8.010884e-01
6.583338e-04 8.010844e-01
6.585337e-04 8.010804e-01
6.587337e-04 8.010765e-01
6.589336e-04 8.010725e-01
6.591335e-04 8.010685e-01
6.593334e-04 8.010645e-01
6.595333e-04 8.010606e-01
6.597333e-04 8.010566e-01
6.599332e-04 8.010526e-01
6.601331e-04 8.010487e-01
6.603330e-04 8.010447e-01
6.605329e-04 8.010407e-01
6.607329e-04 8.010367e-01
6.609328e-04 8.010328e-01
6.611327e-04 8.010288e-01
6.613326e-04 8.010248e-01
6.615326e-04 8.010208e-01
6.617325e-04 8.010169e-01
6.619324e-04 8.010129e-01
6.621323e-04 8.010089e-01
6.623322e-04 8.010050e-01
6.625322e-04 8.010010e-01
6.627321e-04 8.009970e-01
6.629320e-04 8.009930e-01
6.631319e-04 8.009891e-01
6.633319e-04 8.009851e-01
6.635318e-04 8.009811e-01
6.637317e-04 8.009772e-01
6.639316e-04 8.009732e-01
6.641315e-04 8.009692e-01
6.643315e-04 8.009653e-01
6.645314e-04 8.009613e-01
6.647313e-04 8.009573e-01
6.649312e-04 8.009534e-01
6.651311e-04 8.009494e-01
6.653311e-04 8.009454e-01
6.655310e-04 8.009415e-01
6.657309e-04 8.009375e-01
6.659308e-04 8.009335e-01
6.661308e-04 8.009296e-01
6.663307e-04 8.009256e-01
6.665306e-04 8.009216e-01
6.667305e-04 8.009177e-01
6.669304e-04 8.009137e-01
6.671304e-04 8.009097e-01
6.673303e-04 8.009058e-01
6.675302e-04 8.009018e-01
6.677301e-04 8.008978e-01
6.679301e-04 8.008939e-01
6.681300e-04 8.008899e-01
6.683299e-04 8.008859e-01
6.685298e-04 8.008820e-01
6.687297e-04 8.008780e-01
6.689297e-04 8.008741e-01
6.691296e-04 8.008701e-01
6.693295e-04 8.008661e-01
6.695294e-04 8.008622e-01
6.697293e-04 8.008582e-01
6.699293e-04 8.008542e-01
6.701292e-04 8.008503e-01
6.703291e-04 8.008463e-01
6.705290e-04 8.008424e-01
6.707290e-04 8.008384e-01
6.709289e-04 8.008344e-01
6.711288e-04 8.008305e-01
6.713287e-04 8.008265e-01
6.715286e-04 8.008226e-01
6.717286e-04 8.008186e-01
6.719285e-04 8.008146e-01
6.721284e-04 8.008107e-01
6.723283e-04 8.008067e-01
6.725282e-04 8.008028e-01
6.727282e-04 8.007988e-01
6.729281e-04 8.007949e-01
6.731280e-04 8.007909e-01
6.733279e-04 8.007869e-01
6.735279e-04 8.007830e-01
6.737278e-04 8.007790e-01
6.739277e-04 8.007751e-01
6.741276e-04 8.007711e-01
6.743275e-04 8.007672e-01
6.745275e-04 8.007632e-01
6.747274e-04 8.007592e-01
6.749273e-04 8.007553e-01
6.751272e-04 8.007513e-01
6.753272e-04 8.007474e-01
6.755271e-04 8.007434e-01
6.757270e-04 8.007395e-01
6.759269e-04 8.007355e-01
6.761268e-04 8.007316e-01
6.763268e-04 8.007276e-01
6.765267e-04 8.007237e-01
6.767266e-04 8.007197e-01
6.769265e-04 8.007157e-01
6.771264e-04 8.007118e-01
6.773264e-04 8.007078e-01
6.775263e-04 8.007039e-01
6.777262e-04 8.006999e-01
6.779261e-04 8.006960e-01
6.781261e-04 8.006920e-01
6.783260e-04 8.006881e-01
6.785259e-04 8.006841e-01
6.787258e-04 8.006802e-01
6.789257e-04 8.006762e-01
6.791257e-04 8.006723e-01
6.793256e-04 8.006683e-01
6.795255e-04 8.006644e-01
6.797254e-04 8.006604e-01
6.799254e-04 8.006565e-01
6.801253e-04 8.006525e-01
6.803252e-04 8.006486e-01
6.805251e-04 8.006446e-01
6.807250e-04 8.006407e-01
6.809250e-04 8.006367e-01
6.811249e-04 8.006328e-01
6.813248e-04 8.006288e-01
6.815247e-04 8.006249e-01
6.817246e-04 8.006209e-01
6.819246e-04 8.006170e-01
6.821245e-04 8.006130e-01
6.823244e-04 8.006091e-01
6.825243e-04 8.006052e-01
6.827243e-04 8.006012e-01
6.829242e-04 8.005973e-01
6.831241e-04 8.005933e-01
6.833240e-04 8.005894e-01
6.835239e-04 8.005854e-01
6.837239e-04 8.005815e-01
6.839238e-04 8.005775e-01
6.841237e-04 8.005736e-01
6.843236e-04 8.005696e-01
6.845236e-04 8.005657e-01
6.847235e-04 8.005618e-01
6.849234e-04 8.005578e-01
6.851233e-04 8.005539e-01
6.853232e-04 8.005499e-01
6.855232e-04 8.005460e-01
6.857231e-04 8.005420e-01
6.859230e-04 8.005381e-01
6.861229e-04 8.005342e-01
6.863228e-04 8.005302e-01
6.865228e-04 8.005263e-01
6.867227e-04 8.005223e-01
6.869226e-04 8.005184e-01
6.871225e-04 8.005145e-01
6.873225e-04 8.005105e-01
6.875224e-04 8.005066e-01
6.877223e-04 8.005026e-01
6.879222e-04 8.004987e-01
6.881221e-04 8.004948e-01
6.883221e-04 8.004908e-01
6.885220e-04 8.004869e-01
6.887219e-04 8.004829e-01
6.889218e-04 8.004790e-01
6.891218e-04 8.004751e-01
6.893217e-04 8.004711e-01
6.895216e-04 8.004672e-01
6.897215e-04 8.004632e-01
6.899214e-04 8.004593e-01
6.901214e-04 8.004554e-01
6.903213e-04 8.004514e-01
6.905212e-04 8.004475e-01
6.907211e-04 8.004436e-01
6.909210e-04 8.004396e-01
6.911210e-04 8.004357e-01
6.913209e-04 8.004318e-01
6.915208e-04 8.004278e-01
6.917207e-04 8.004239e-01
6.919207e-04 8.004199e-01
6.921206e-04 8.004160e-01
6.923205e-04 8.004121e-01
6.925204e-04 8.004081e-01
6.927203e-04 8.004042e-01
6.929203e-04 8.004003e-01
6.931202e-04 8.003963e-01
6.933201e-04 8.003924e-01
6.935200e-04 8.003885e-01
6.937200e-04 8.003845e-01
6.939199e-04 8.003806e-01
6.941198e-04 8.003767e-01
6.943197e-04 8.003727e-01
6.945196e-04 8.003688e-01
6.947196e-04 8.003649e-01
6.949195e-04 8.003609e-01
6.951194e-04 8.003570e-01
6.953193e-04 8.003531e-01
6.955192e-04 8.003492e-01
6.957192e-04 8.003452e-01
6.959191e-04 8.003413e-01
6.961190e-04 8.003374e-01
6.963189e-04 8.003334e-01
6.965189e-04 8.003295e-01
6.967188e-04 8.003256e-01
6.969187e-04 8.003216e-01
6.971186e-04 8.003177e-01
6.973185e-04 8.003138e-01
6.975185e-04 8.003099e-01
6.977184e-04 8.003059e-01
6.979183e-04 8.003020e-01
6.981182e-04 8.002981e-01
6.983181e-04 8.002941e-01
6.985181e-04 8.002902e-01
6.987180e-04 8.002863e-01
6.989179e-04 8.002824e-01
6.991178e-04 8.002784e-01
6.993178e-04 8.002745e-01
6.995177e-04 8.002706e-01
6.997176e-04 8.002667e-01
6.999175e-04 8.002627e-01
7.001174e-04 8.002588e-01
7.003174e-04 8.002549e-01
7.005173e-04 8.002510e-01
7.007172e-04 8.002470e-01
7.009171e-04 8.002431e-01
7.011171e-04 8.002392e-01
7.013170e-04 8.002353e-01
7.015169e-04 8.002313e-01
7.017168e-04 8.002274e-01
7.019167e-04 8.002235e-01
7.021167e-04 8.002196e-01
7.023166e-04 8.002156e-01
7.025165e-04 8.002117e-01
7.027164e-04 8.002078e-01
7.029163e-04 8.002039e-01
7.031163e-04 8.002000e-01
7.033162e-04 8.001960e-01
7.035161e-04 8.001921e-01
7.037160e-04 8.001882e-01
7.039160e-04 8.001843e-01
7.041159e-04 8.001804e-01
7.043158e-04 8.001764e-01
7.045157e-04 8.001725e-01
7.047156e-04 8.001686e-01
7.049156e-04 8.001647e-01
7.051155e-04 8.001608e-01
7.053154e-04 8.001568e-01
7.055153e-04 8.001529e-01
7.057153e-04 8.001490e-01
7.059152e-04 8.001451e-01
7.061151e-04 8.001412e-01
7.063150e-04 8.001372e-01
7.065149e-04 8.001333e-01
7.067149e-04 8.001294e-01
7.069148e-04 8.001255e-01
7.071147e-04 8.001216e-01
7.073146e-04 8.001177e-01
7.075145e-04 8.001137e-01
7.077145e-04 8.001098e-01
7.079144e-04 8.001059e-01
7.081143e-04 8.001020e-01
7.083142e-04 8.000981e-01
7.085142e-04 8.000942e-01
7.087141e-04 8.000902e-01
7.089140e-04 8.000863e-01
7.091139e-04 8.000824e-01
7.093138e-04 8.000785e-01
7.095138e-04 8.000746e-01
7.097137e-04 8.000707e-01
7.099136e-04 8.000668e-01
7.101135e-04 8.000628e-01
7.103135e-04 8.000589e-01
7.105134e-04 8.000550e-01
7.107133e-04 8.000511e-01
7.109132e-04 8.000472e-01
7.111131e-04 8.000433e-01
7.113131e-04 8.000394e-01
7.115130e-04 8.000355e-01
7.117129e-04 8.000315e-01
7.119128e-04 8.000276e-01
7.121127e-04 8.000237e-01
7.123127e-04 8.000198e-01
7.125126e-04 8.000159e-01
7.127125e-04 8.000120e-01
7.129124e-04 8.000081e-01
7.131124e-04 8.000042e-01
7.133123e-04 8.000003e-01
7.135122e-04 7.999963e-01
7.137121e-04 7.999924e-01
7.139120e-04 7.999885e-01
7.141120e-04 7.999846e-01
7.143119e-04 7.999807e-01
7.145118e-04 7.999768e-01
7.147117e-04 7.999729e-01
7.149117e-04 7.999690e-01
7.151116e-04 7.999651e-01
7.153115e-04 7.999612e-01
7.155114e-04 7.999573e-01
7.157113e-04 7.999534e-01
7.159113e-04 7.999495e-01
7.161112e-04 7.999455e-01
7.163111e-04 7.999416e-01
7.165110e-04 7.999377e-01
7.167109e-04 7.999338e-01
7.169109e-04 7.999299e-01
7.171108e-04 7.999260e-01
7.173107e-04 7.999221e-01
7.175106e-04 7.999182e-01
7.177106e-04 7.999143e-01
7.179105e-04 7.999104e-01
7.181104e-04 7.999065e-01
7.183103e-04 7.999026e-01
7.185102e-04 7.998987e-01
7.187102e-04 7.998948e-01
7.189101e-04 7.998909e-01
7.191100e-04 7.998870e-01
7.193099e-04 7.998831e-01
7.195099e-04 7.998792e-01
7.197098e-04 7.998753e-01
7.199097e-04 7.998714e-01
7.201096e-04 7.998675e-01
7.203095e-04 7.998636e-01
7.205095e-04 7.998597e-01
7.207094e-04 7.998558e-01
7.209093e-04 7.998519e-01
7.211092e-04 7.998480e-01
7.213091e-04 7.998441e-01
7.215091e-04 7.998402e-01
7.217090e-04 7.998363e-01
7.219089e-04 7.998324e-01
7.221088e-04 7.998285e-01
7.223088e-04 7.998246e-01
7.225087e-04 7.998207e-01
7.227086e-04 7.998168e-01
7.229085e-04 7.998129e-01
7.231084e-04 7.998090e-01
7.233084e-04 7.998051e-01
7.235083e-04 7.998012e-01
7.237082e-04 7.997973e-01
7.239081e-04 7.997934e-01
7.241080e-04 7.997895e-01
7.243080e-04 7.997856e-01
7.245079e-04 7.997817e-01
7.247078e-04 7.997778e-01
7.249077e-04 7.997739e-01
7.251077e-04 7.997700e-01
7.253076e-04 7.997661e-01
7.255075e-04 7.997622e-01
7.257074e-04 7.997583e-01
7.259073e-04 7.997544e-01
7.261073e-04 7.997505e-01
7.263072e-04 7.997466e-01
7.265071e-04 7.997427e-01
7.267070e-04 7.997388e-01
7.269070e-04 7.997349e-01
7.271069e-04 7.997310e-01
7.273068e-04 7.997271e-01
7.275067e-04 7.997233e-01
7.277066e-04 7.997194e-01
7.279066e-04 7.997155e-01
7.281065e-04 7.997116e-01
7.283064e-04 7.997077e-01
7.285063e-04 7.997038e-01
7.287062e-04 7.996999e-01
7.289062e-04 7.996960e-01
7.291061e-04 7.996921e-01
7.293060e-04 7.996882e-01
7.295059e-04 7.996843e-01
7.297059e-04 7.996804e-01
7.299058e-04 7.996766e-01
7.301057e-04 7.996727e-01
7.303056e-04 7.996688e-01
7.305055e-04 7.996649e-01
7.307055e-04 7.996610e-01
7.309054e-04 7.996571e-01
7.311053e-04 7.996532e-01
7.313052e-04 7.996493e-01
7.315052e-04 7.996454e-01
7.317051e-04 7.996416e-01
7.319050e-04 7.996377e-01
7.321049e-04 7.996338e-01
7.323048e-04 7.996299e-01
7.325048e-04 7.996260e-01
7.327047e-04 7.996221e-01
7.329046e-04 7.996182e-01
7.331045e-04 7.996143e-01
7.333044e-04 7.996105e-01
7.335044e-04 7.996066e-01
7.337043e-04 7.996027e-01
7.339042e-04 7.995988e-01
7.341041e-04 7.995949e-01
7.343041e-04 7.995910e-01
7.345040e-04 7.995871e-01
7.347039e-04 7.995833e-01
7.349038e-04 7.995794e-01
7.351037e-04 7.995755e-01
7.353037e-04 7.995716e-01
7.355036e-04 7.995677e-01
7.357035e-04 7.995638e-01
7.359034e-04 7.995599e-01
7.361034e-04 7.995561e-01
7.363033e-04 7.995522e-01
7.365032e-04 7.995483e-01
7.367031e-04 7.995444e-01
7.369030e-04 7.995405e-01
7.371030e-04 7.995367e-01
7.373029e-04 7.995328e-01
7.375028e-04 7.995289e-01
7.377027e-04 7.995250e-01
7.379026e-04 7.995211e-01
7.381026e-04 7.995172e-01
7.383025e-04 7.995134e-01
7.385024e-04 7.995095e-01
7.387023e-04 7.995056e-01
7.389023e-04 7.995017e-01
7.391022e-04 7.994978e-01
7.393021e-04 7.994940e-01
7.395020e-04 7.994901e-01
7.397019e-04 7.994862e-01
7.399019e-04 7.994823e-01
7.401018e-04 7.994784e-01
7.403017e-04 7.994746e-01
7.405016e-04 7.994707e-01
7.407016e-04 7.994668e-01
7.409015e-04 7.994629e-01
7.411014e-04 7.994591e-01
7.413013e-04 7.994552e-01
7.415012e-04 7.994513e-01
7.417012e-04 7.994474e-01
7.419011e-04 7.994435e-01
7.421010e-04 7.994397e-01
7.423009e-04 7.994358e-01
7.425008e-04 7.994319e-01
7.427008e-04 7.994280e-01
7.429007e-04 7.994242e-01
7.431006e-04 7.994203e-01
7.433005e-04 7.994164e-01
7.435005e-04 7.994125e-01
7.437004e-04 7.994087e-01
7.439003e-04 7.994048e-01
7.441002e-04 7.994009e-01
7.443001e-04 7.993970e-01
7.445001e-04 7.993932e-01
7.447000e-04 7.993893e-01
7.448999e-04 7.993854e-01
7.450998e-04 7.993816e-01
7.452997e-04 7.993777e-01
7.454997e-04 7.993738e-01
7.456996e-04 7.993699e-01
7.458995e-04 7.993661e-01
7.460994e-04 7.993622e-01
7.462994e-04 7.993583e-01
7.464993e-04 7.993544e-01
7.466992e-04 7.993506e-01
7.468991e-04 7.993467e-01
7.470990e-04 7.993428e-01
7.472990e-04 7.993390e-01
7.474989e-04 7.993351e-01
7.476988e-04 7.993312e-01
7.478987e-04 7.993274e-01
7.480987e-04 7.993235e-01
7.482986e-04 7.993196e-01
7.484985e-04 7.993157e-01
7.486984e-04 7.993119e-01
7.488983e-04 7.993080e-01
7.490983e-04 7.993041e-01
7.492982e-04 7.993003e-01
7.494981e-04 7.992964e-01
7.496980e-04 7.992925e-01
7.498979e-04 7.992887e-01
7.500979e-04 7.992848e-01
7.502978e-04 7.992809e-01
7.504977e-04 7.992771e-01
7.506976e-04 7.992732e-01
7.508976e-04 7.992693e-01
7.510975e-04 7.992655e-01
7.512974e-04 7.992616e-01
7.514973e-04 7.992577e-01
7.516972e-04 7.992539e-01
7.518972e-04 7.992500e-01
7.520971e-04 7.992461e-01
7.522970e-04 7.992423e-01
7.524969e-04 7.992384e-01
7.526969e-04 7.992345e-01
7.528968e-04 7.992307e-01
7.530967e-04 7.992268e-01
7.532966e-04 7.992230e-01
7.534965e-04 7.992191e-01
7.536965e-04 7.992152e-01
7.538964e-04 7.992114e-01
7.540963e-04 7.992075e-01
7.542962e-04 7.992036e-01
7.544961e-04 7.991998e-01
7.546961e-04 7.991959e-01
7.548960e-04 7.991921e-01
7.550959e-04 7.991882e-01
7.552958e-04 7.991843e-01
7.554958e-04 7.991805e-01
7.556957e-04 7.991766e-01
7.558956e-04 7.991727e-01
7.560955e-04 7.991689e-01
7.562954e-04 7.991650e-01
7.564954e-04 7.991612e-01
7.566953e-04 7.991573e-01
7.568952e-04 7.991534e-01
7.570951e-04 7.991496e-01
7.572951e-04 7.991457e-01
7.574950e-04 7.991419e-01
7.576949e-04 7.991380e-01
7.578948e-04 7.991342e-01
7.580947e-04 7.991303e-01
7.582947e-04 7.991264e-01
7.584946e-04 7.991226e-01
7.586945e-04 7.991187e-01
7.588944e-04 7.991149e-01
7.590943e-04 7.991110e-01
7.592943e-04 7.991072e-01
7.594942e-04 7.991033e-01
7.596941e-04 7.990994e-01
7.598940e-04 7.990956e-01
7.600940e-04 7.990917e-01
7.602939e-04 7.990879e-01
7.604938e-04 7.990840e-01
7.606937e-04 7.990802e-01
7.608936e-04 7.990763e-01
7.610936e-04 7.990725e-01
7.612935e-04 7.990686e-01
7.614934e-04 7.990647e-01
7.616933e-04 7.990609e-01
7.618933e-04 7.990570e-01
7.620932e-04 7.990532e-01
7.622931e-04 7.990493e-01
7.624930e-04 7.990455e-01
7.626929e-04 7.990416e-01
7.628929e-04 7.990378e-01
7.630928e-04 7.990339e-01
7.632927e-04 7.990301e-01
7.634926e-04 7.990262e-01
7.636925e-04 7.990224e-01
7.638925e-04 7.990185e-01
7.640924e-04 7.990147e-01
7.642923e-04 7.990108e-01
7.644922e-04 7.990070e-01
7.646922e-04 7.990031e-01
7.648921e-04 7.989993e-01
7.650920e-04 7.989954e-01
7.652919e-04 7.989916e-01
7.654918e-04 7.989877e-01
7.656918e-04 7.989839e-01
7.658917e-04 7.989800e-01
7.660916e-04 7.989762e-01
7.662915e-04 7.989723e-01
7.664915e-04 7.989685e-01
7.666914e-04 7.989646e-01
7.668913e-04 7.989608e-01
7.670912e-04 7.989569e-01
7.672911e-04 7.989531e-01
7.674911e-04 7.989492e-01
7.676910e-04 7.989454e-01
7.678909e-04 7.989415e-01
7.680908e-04 7.989377e-01
7.682907e-04 7.989338e-01
7.684907e-04 7.989300e-01
7.686906e-04 7.989261e-01
7.688905e-04 7.989223e-01
7.690904e-04 7.989184e-01
7.692904e-04 7.989146e-01
7.694903e-04 7.989108e-01
7.696902e-04 7.989069e-01
7.698901e-04 7.989031e-01
7.700900e-04 7.988992e-01
7.702900e-04 7.988954e-01
7.704899e-04 7.988915e-01
7.706898e-04 7.988877e-01
7.708897e-04 7.988838e-01
7.710896e-04 7.988800e-01
7.712896e-04 7.988762e-01
7.714895e-04 7.988723e-01
7.716894e-04 7.988685e-01
7.718893e-04 7.988646e-01
7.720893e-04 7.988608e-01
7.722892e-04 7.988569e-01
7.724891e-04 7.988531e-01
7.726890e-04 7.988493e-01
7.728889e-04 7.988454e-01
7.730889e-04 7.988416e-01
7.732888e-04 7.988377e-01
7.734887e-04 7.988339e-01
7.736886e-04 7.988301e-01
7.738886e-04 7.988262e-01
7.740885e-04 7.988224e-01
7.742884e-04 7.988185e-01
7.744883e-04 7.988147e-01
7.746882e-04 7.988109e-01
7.748882e-04 7.988070e-01
7.750881e-04 7.988032e-01
7.752880e-04 7.987993e-01
7.754879e-04 7.987955e-01
7.756878e-04 7.987917e-01
7.758878e-04 7.987878e-01
7.760877e-04 7.987840e-01
7.762876e-04 7.987801e-01
7.764875e-04 7.987763e-01
7.766875e-04 7.987725e-01
7.768874e-04 7.987686e-01
7.770873e-04 7.987648e-01
7.772872e-04 7.987610e-01
7.774871e-04 7.987571e-01
7.776871e-04 7.987533e-01
7.778870e-04 7.987495e-01
7.780869e-04 7.987456e-01
7.782868e-04 7.987418e-01
7.784868e-04 7.987379e-01
7.786867e-04 7.987341e-01
7.788866e-04 7.987303e-01
7.790865e-04 7.987264e-01
7.792864e-04 7.987226e-01
7.794864e-04 7.987188e-01
7.796863e-04 7.987149e-01
7.798862e-04 7.987111e-01
7.800861e-04 7.987073e-01
7.802860e-04 7.987034e-01
7.804860e-04 7.986996e-01
7.806859e-04 7.986958e-01
7.808858e-04 7.986919e-01
7.810857e-04 7.986881e-01
7.812857e-04 7.986843e-01
7.814856e-04 7.986804e-01
7.816855e-04 7.986766e-01
7.818854e-04 7.986728e-01
7.820853e-04 7.986689e-01
7.822853e-04 7.986651e-01
7.824852e-04 7.986613e-01
7.826851e-04 7.986575e-01
7.828850e-04 7.986536e-01
7.830850e-04 7.986498e-01
7.832849e-04 7.986460e-01
7.834848e-04 7.986421e-01
7.836847e-04 7.986383e-01
7.838846e-04 7.986345e-01
7.840846e-04 7.986306e-01
7.842845e-04 7.986268e-01
7.844844e-04 7.986230e-01
7.846843e-04 7.986192e-01
7.848842e-04 7.986153e-01
7.850842e-04 7.986115e-01
7.852841e-04 7.986077e-01
7.854840e-04 7.986039e-01
7.856839e-04 7.986000e-01
7.858839e-04 7.985962e-01
7.860838e-04 7.985924e-01
7.862837e-04 7.985885e-01
7.864836e-04 7.985847e-01
7.866835e-04 7.985809e-01
7.868835e-04 7.985771e-01
7.870834e-04 7.985732e-01
7.872833e-04 7.985694e-01
7.874832e-04 7.985656e-01
7.876832e-04 7.985618e-01
7.878831e-04 7.985579e-01
7.880830e-04 7.985541e-01
7.882829e-04 7.985503e-01
7.884828e-04 7.985465e-01
7.886828e-04 7.985426e-01
7.888827e-04 7.985388e-01
7.890826e-04 7.985350e-01
7.892825e-04 7.985312e-01
7.894824e-04 7.985273e-01
7.896824e-04 7.985235e-01
7.898823e-04 7.985197e-01
7.900822e-04 7.985159e-01
7.902821e-04 7.985121e-01
7.904821e-04 7.985082e-01
7.906820e-04 7.985044e-01
7.908819e-04 7.985006e-01
7.910818e-04 7.984968e-01
7.912817e-04 7.984930e-01
7.914817e-04 7.984891e-01
7.916816e-04 7.984853e-01
7.918815e-04 7.984815e-01
7.920814e-04 7.984777e-01
7.922814e-04 7.984738e-01
7.924813e-04 7.984700e-01
7.926812e-04 7.984662e-01
7.928811e-04 7.984624e-01
7.930810e-04 7.984586e-01
7.932810e-04 7.984548e-01
7.934809e-04 7.984509e-01
7.936808e-04 7.984471e-01
7.938807e-04 7.984433e-01
7.940806e-04 7.984395e-01
7.942806e-04 7.984357e-01
7.944805e-04 7.984318e-01
7.946804e-04 7.984280e-01
7.948803e-04 7.984242e-01
7.950803e-04 7.984204e-01
7.952802e-04 7.984166e-01
7.954801e-04 7.984128e-01
7.956800e-04 7.984089e-01
7.958799e-04 7.984051e-01
7.960799e-04 7.984013e-01
7.962798e-04 7.983975e-01
7.964797e-04 7.983937e-01
7.966796e-04 7.983899e-01
7.968795e-04 7.983861e-01
7.970795e-04 7.983822e-01
7.972794e-04 7.983784e-01
7.974793e-04 7.983746e-01
7.976792e-04 7.983708e-01
7.978792e-04 7.983670e-01
7.980791e-04 7.983632e-01
7.982790e-04 7.983594e-01
7.984789e-04 7.983555e-01
7.986788e-04 7.983517e-01
7.988788e-04 7.983479e-01
7.990787e-04 7.983441e-01
7.992786e-04 7.983403e-01
7.994785e-04 7.983365e-01
7.996785e-04 7.983327e-01
7.998784e-04 7.983289e-01
8.000783e-04 7.983250e-01
8.002782e-04 7.983212e-01
8.004781e-04 7.983174e-01
8.006781e-04 7.983136e-01
8.008780e-04 7.983098e-01
8.010779e-04 7.983060e-01
8.012778e-04 7.983022e-01
8.014777e-04 7.982984e-01
8.016777e-04 7.982946e-01
8.018776e-04 7.982908e-01
8.020775e-04 7.982869e-01
8.022774e-04 7.982831e-01
8.024774e-04 7.982793e-01
8.026773e-04 7.982755e-01
8.028772e-04 7.982717e-01
8.030771e-04 7.982679e-01
8.032770e-04 7.982641e-01
8.034770e-04 7.982603e-01
8.036769e-04 7.982565e-01
8.038768e-04 7.982527e-01
8.040767e-04 7.982489e-01
8.042767e-04 7.982451e-01
8.044766e-04 7.982412e-01
8.046765e-04 7.982374e-01
8.048764e-04 7.982336e-01
8.050763e-04 7.982298e-01
8.052763e-04 7.982260e-01
8.054762e-04 7.982222e-01
8.056761e-04 7.982184e-01
8.058760e-04 7.982146e-01
8.060759e-04 7.982108e-01
8.062759e-04 7.982070e-01
8.064758e-04 7.982032e-01
8.066757e-04 7.981994e-01
8.068756e-04 7.981956e-01
8.070756e-04 7.981918e-01
8.072755e-04 7.981880e-01
8.074754e-04 7.981842e-01
8.076753e-04 7.981804e-01
8.078752e-04 7.981766e-01
8.080752e-04 7.981728e-01
8.082751e-04 7.981690e-01
8.084750e-04 7.981652e-01
8.086749e-04 7.981614e-01
8.088749e-04 7.981576e-01
8.090748e-04 7.981538e-01
8.092747e-04 7.981500e-01
8.094746e-04 7.981462e-01
8.096745e-04 7.981424e-01
8.098745e-04 7.981386e-01
8.100744e-04 7.981348e-01
8.102743e-04 7.981310e-01
8.104742e-04 7.981272e-01
8.106741e-04 7.981234e-01
8.108741e-04 7.981196e-01
8.110740e-04 7.981158e-01
8.112739e-04 7.981120e-01
8.114738e-04 7.981082e-01
8.116738e-04 7.981044e-01
8.118737e-04 7.981006e-01
8.120736e-04 7.980968e-01
8.122735e-04 7.980930e-01
8.124734e-04 7.980892e-01
8.126734e-04 7.980854e-01
8.128733e-04 7.980816e-01
8.130732e-04 7.980778e-01
8.132731e-04 7.980740e-01
8.134731e-04 7.980702e-01
8.136730e-04 7.980664e-01
8.138729e-04 7.980626e-01
8.140728e-04 7.980588e-01
8.142727e-04 7.980550e-01
8.144727e-04 7.980512e-01
8.146726e-04 7.980474e-01
8.148725e-04 7.980436e-01
8.150724e-04 7.980398e-01
8.152723e-04 7.980360e-01
8.154723e-04 7.980322e-01
8.156722e-04 7.980284e-01
8.158721e-04 7.980246e-01
8.160720e-04 7.980208e-01
8.162720e-04 7.980170e-01
8.164719e-04 7.980133e-01
8.166718e-04 7.980095e-01
8.168717e-04 7.980057e-01
8.170716e-04 7.980019e-01
8.172716e-04 7.979981e-01
8.174715e-04 7.979943e-01
8.176714e-04 7.979905e-01
8.178713e-04 7.979867e-01
8.180712e-04 7.979829e-01
8.182712e-04 7.979791e-01
8.184711e-04 7.979753e-01
8.186710e-04 7.979715e-01
8.188709e-04 7.979677e-01
8.190709e-04 7.979640e-01
8.192708e-04 7.979602e-01
8.194707e-04 7.979564e-01
8.196706e-04 7.979526e-01
8.198705e-04 7.979488e-01
8.200705e-04 7.979450e-01
8.202704e-04 7.979412e-01
8.204703e-04 7.979374e-01
8.206702e-04 7.979336e-01
8.208702e-04 7.979299e-01
8.210701e-04 7.979261e-01
8.212700e-04 7.979223e-01
8.214699e-04 7.979185e-01
8.216698e-04 7.979147e-01
8.218698e-04 7.979109e-01
8.220697e-04 7.979071e-01
8.222696e-04 7.979033e-01
8.224695e-04 7.978996e-01
8.226694e-04 7.978958e-01
8.228694e-04 7.978920e-01
8.230693e-04 7.978882e-01
8.232692e-04 7.978844e-01
8.234691e-04 7.978806e-01
8.236691e-04 7.978768e-01
8.238690e-04 7.978730e-01
8.240689e-04 7.978693e-01
8.242688e-04 7.978655e-01
8.244687e-04 7.978617e-01
8.246687e-04 7.978579e-01
8.248686e-04 7.978541e-01
8.250685e-04 7.978503e-01
8.252684e-04 7.978466e-01
8.254684e-04 7.978428e-01
8.256683e-04 7.978390e-01
8.258682e-04 7.978352e-01
8.260681e-04 7.978314e-01
8.262680e-04 7.978276e-01
8.264680e-04 7.978239e-01
8.266679e-04 7.978201e-01
8.268678e-04 7.978163e-01
8.270677e-04 7.978125e-01
8.272676e-04 7.978087e-01
8.274676e-04 7.978049e-01
8.276675e-04 7.978012e-01
8.278674e-04 7.977974e-01
8.280673e-04 7.977936e-01
8.282673e-04 7.977898e-01
8.284672e-04 7.977860e-01
8.286671e-04 7.977823e-01
8.288670e-04 7.977785e-01
8.290669e-04 7.977747e-01
8.292669e-04 7.977709e-01
8.294668e-04 7.977671e-01
8.296667e-04 7.977634e-01
8.298666e-04 7.977596e-01
8.300666e-04 7.977558e-01
8.302665e-04 7.977520e-01
8.304664e-04 7.977482e-01
8.306663e-04 7.977445e-01
8.308662e-04 7.977407e-01
8.310662e-04 7.977369e-01
8.312661e-04 7.977331e-01
8.314660e-04 7.977294e-01
8.316659e-04 7.977256e-01
8.318658e-04 7.977218e-01
8.320658e-04 7.977180e-01
8.322657e-04 7.977143e-01
8.324656e-04 7.977105e-01
8.326655e-04 7.977067e-01
8.328655e-04 7.977029e-01
8.330654e-04 7.976991e-01
8.332653e-04 7.976954e-01
8.334652e-04 7.976916e-01
8.336651e-04 7.976878e-01
8.338651e-04 7.976840e-01
8.340650e-04 7.976803e-01
8.342649e-04 7.976765e-01
8.344648e-04 7.976727e-01
8.346648e-04 7.976690e-01
8.348647e-04 7.976652e-01
8.350646e-04 7.976614e-01
8.352645e-04 7.976576e-01
8.354644e-04 7.976539e-01
8.356644e-04 7.976501e-01
8.358643e-04 7.976463e-01
8.360642e-04 7.976425e-01
8.362641e-04 7.976388e-01
8.364640e-04 7.976350e-01
8.366640e-04 7.976312e-01
8.368639e-04 7.976275e-01
8.370638e-04 7.976237e-01
8.372637e-04 7.976199e-01
8.374637e-04 7.976161e-01
8.376636e-04 7.976124e-01
8.378635e-04 7.976086e-01
8.380634e-04 7.976048e-01
8.382633e-04 7.976011e-01
8.384633e-04 7.975973e-01
8.386632e-04 7.975935e-01
8.388631e-04 7.975897e-01
8.390630e-04 7.975860e-01
8.392630e-04 7.975822e-01
8.394629e-04 7.975784e-01
8.396628e-04 7.975747e-01
8.398627e-04 7.975709e-01
8.400626e-04 7.975671e-01
8.402626e-04 7.975634e-01
8.404625e-04 7.975596e-01
8.406624e-04 7.975558e-01
8.408623e-04 7.975521e-01
8.410622e-04 7.975483e-01
8.412622e-04 7.975445e-01
8.414621e-04 7.975408e-01
8.416620e-04 7.975370e-01
8.418619e-04 7.975332e-01
8.420619e-04 7.975295e-01
8.422618e-04 7.975257e-01
8.424617e-04 7.975219e-01
8.426616e-04 7.975182e-01
8.428615e-04 7.975144e-01
8.430615e-04 7.975106e-01
8.432614e-04 7.975069e-01
8.434613e-04 7.975031e-01
8.436612e-04 7.974993e-01
8.438611e-04 7.974956e-01
8.440611e-04 7.974918e-01
8.442610e-04 7.974881e-01
8.444609e-04 7.974843e-01
8.446608e-04 7.974805e-01
8.448608e-04 7.974768e-01
8.450607e-04 7.974730e-01
8.452606e-04 7.974692e-01
8.454605e-04 7.974655e-01
8.456604e-04 7.974617e-01
8.458604e-04 7.974580e-01
8.460603e-04 7.974542e-01
8.462602e-04 7.974504e-01
8.464601e-04 7.974467e-01
8.466601e-04 7.974429e-01
8.468600e-04 7.974391e-01
8.470599e-04 7.974354e-01
8.472598e-04 7.974316e-01
8.474597e-04 7.974279e-01
8.476597e-04 7.974241e-01
8.478596e-04 7.974203e-01
8.480595e-04 7.974166e-01
8.482594e-04 7.974128e-01
8.484593e-04 7.974091e-01
8.486593e-04 7.974053e-01
8.488592e-04 7.974016e-01
8.490591e-04 7.973978e-01
8.492590e-04 7.973940e-01
8.494590e-04 7.973903e-01
8.496589e-04 7.973865e-01
8.498588e-04 7.973828e-01
8.500587e-04 7.973790e-01
8.502586e-04 7.973752e-01
8.504586e-04 7.973715e-01
8.506585e-04 7.973677e-01
8.508584e-04 7.973640e-01
8.510583e-04 7.973602e-01
8.512583e-04 7.973565e-01
8.514582e-04 7.973527e-01
8.516581e-04 7.973490e-01
8.518580e-04 7.973452e-01
8.520579e-04 7.973414e-01
8.522579e-04 7.973377e-01
8.524578e-04 7.973339e-01
8.526577e-04 7.973302e-01
8.528576e-04 7.973264e-01
8.530575e-04 7.973227e-01
8.532575e-04 7.973189e-01
8.534574e-04 7.973152e-01
8.536573e-04 7.973114e-01
8.538572e-04 7.973077e-01
8.540572e-04 7.973039e-01
8.542571e-04 7.973001e-01
8.544570e-04 7.972964e-01
8.546569e-04 7.972926e-01
8.548568e-04 7.972889e-01
8.550568e-04 7.972851e-01
8.552567e-04 7.972814e-01
8.554566e-04 7.972776e-01
8.556565e-04 7.972739e-01
8.558565e-04 7.972701e-01
8.560564e-04 7.972664e-01
8.562563e-04 7.972626e-01
8.564562e-04 7.972589e-01
8.566561e-04 7.972551e-01
8.568561e-04 7.972514e-01
8.570560e-04 7.972476e-01
8.572559e-04 7.972439e-01
8.574558e-04 7.972401e-01
8.576557e-04 7.972364e-01
8.578557e-04 7.972326e-01
8.580556e-04 7.972289e-01
8.582555e-04 7.972251e-01
8.584554e-04 7.972214e-01
8.586554e-04 7.972176e-01
8.588553e-04 7.972139e-01
8.590552e-04 7.972101e-01
8.592551e-04 7.972064e-01
8.594550e-04 7.972026e-01
8.596550e-04 7.971989e-01
8.598549e-04 7.971951e-01
8.600548e-04 7.971914e-01
8.602547e-04 7.971876e-01
8.604547e-04 7.971839e-01
8.606546e-04 7.971802e-01
8.608545e-04 7.971764e-01
8.610544e-04 7.971727e-01
8.612543e-04 7.971689e-01
8.614543e-04 7.971652e-01
8.616542e-04 7.971614e-01
8.618541e-04 7.971577e-01
8.620540e-04 7.971539e-01
8.622539e-04 7.971502e-01
8.624539e-04 7.971464e-01
8.626538e-04 7.971427e-01
8.628537e-04 7.971390e-01
8.630536e-04 7.971352e-01
8.632536e-04 7.971315e-01
8.634535e-04 7.971277e-01
8.636534e-04 7.971240e-01
8.638533e-04 7.971202e-01
8.640532e-04 7.971165e-01
8.642532e-04 7.971128e-01
8.644531e-04 7.971090e-01
8.646530e-04 7.971053e-01
8.648529e-04 7.971015e-01
8.650529e-04 7.970978e-01
8.652528e-04 7.970940e-01
8.654527e-04 7.970903e-01
8.656526e-04 7.970866e-01
8.658525e-04 7.970828e-01
8.660525e-04 7.970791e-01
8.662524e-04 7.970753e-01
8.664523e-04 7.970716e-01
8.666522e-04 7.970679e-01
8.668521e-04 7.970641e-01
8.670521e-04 7.970604e-01
8.672520e-04 7.970566e-01
8.674519e-04 7.970529e-01
8.676518e-04 7.970492e-01
8.678518e-04 7.970454e-01
8.680517e-04 7.970417e-01
8.682516e-04 7.970380e-01
8.684515e-04 7.970342e-01
8.686514e-04 7.970305e-01
8.688514e-04 7.970267e-01
8.690513e-04 7.970230e-01
8.692512e-04 7.970193e-01
8.694511e-04 7.970155e-01
8.696510e-04 7.970118e-01
8.698510e-04 7.970081e-01
8.700509e-04 7.970043e-01
8.702508e-04 7.970006e-01
8.704507e-04 7.969968e-01
8.706507e-04 7.969931e-01
8.708506e-04 7.969894e-01
8.710505e-04 7.969856e-01
8.712504e-04 7.969819e-01
8.714503e-04 7.969782e-01
8.716503e-04 7.969744e-01
8.718502e-04 7.969707e-01
8.720501e-04 7.969670e-01
8.722500e-04 7.969632e-01
8.724500e-04 7.969595e-01
8.726499e-04 7.969558e-01
8.728498e-04 7.969520e-01
8.730497e-04 7.969483e-01
8.732496e-04 7.969446e-01
8.734496e-04 7.969408e-01
8.736495e-04 7.969371e-01
8.738494e-04 7.969334e-01
8.740493e-04 7.969296e-01
8.742492e-04 7.969259e-01
8.744492e-04 7.969222e-01
8.746491e-04 7.969184e-01
8.748490e-04 7.969147e-01
8.750489e-04 7.969110e-01
8.752489e-04 7.969072e-01
8.754488e-04 7.969035e-01
8.756487e-04 7.968998e-01
8.758486e-04 7.968960e-01
8.760485e-04 7.968923e-01
8.762485e-04 7.968886e-01
8.764484e-04 7.968849e-01
8.766483e-04 7.968811e-01
8.768482e-04 7.968774e-01
8.770482e-04 7.968737e-01
8.772481e-04 7.968699e-01
8.774480e-04 7.968662e-01
8.776479e-04 7.968625e-01
8.778478e-04 7.968588e-01
8.780478e-04 7.968550e-01
8.782477e-04 7.968513e-01
8.784476e-04 7.968476e-01
8.786475e-04 7.968438e-01
8.788474e-04 7.968401e-01
8.790474e-04 7.968364e-01
8.792473e-04 7.968327e-01
8.794472e-04 7.968289e-01
8.796471e-04 7.968252e-01
8.798471e-04 7.968215e-01
8.800470e-04 7.968178e-01
8.802469e-04 7.968140e-01
8.804468e-04 7.968103e-01
8.806467e-04 7.968066e-01
8.808467e-04 7.968029e-01
8.810466e-04 7.967991e-01
8.812465e-04 7.967954e-01
8.814464e-04 7.967917e-01
8.816464e-04 7.967880e-01
8.818463e-04 7.967842e-01
8.820462e-04 7.967805e-01
8.822461e-04 7.967768e-01
8.824460e-04 7.967731e-01
8.826460e-04 7.967693e-01
8.828459e-04 7.967656e-01
8.830458e-04 7.967619e-01
8.832457e-04 7.967582e-01
8.834456e-04 7.967544e-01
8.836456e-04 7.967507e-01
8.838455e-04 7.967470e-01
8.840454e-04 7.967433e-01
8.842453e-04 7.967396e-01
8.844453e-04 7.967358e-01
8.846452e-04 7.967321e-01
8.848451e-04 7.967284e-01
8.850450e-04 7.967247e-01
8.852449e-04 7.967209e-01
8.854449e-04 7.967172e-01
8.856448e-04 7.967135e-01
8.858447e-04 7.967098e-01
8.860446e-04 7.967061e-01
8.862446e-04 7.967023e-01
8.864445e-04 7.966986e-01
8.866444e-04 7.966949e-01
8.868443e-04 7.966912e-01
8.870442e-04 7.966875e-01
8.872442e-04 7.966838e-01
8.874441e-04 7.966800e-01
8.876440e-04 7.966763e-01
8.878439e-04 7.966726e-01
8.880438e-04 7.966689e-01
8.882438e-04 7.966652e-01
8.884437e-04 7.966614e-01
8.886436e-04 7.966577e-01
8.888435e-04 7.966540e-01
8.890435e-04 7.966503e-01
8.892434e-04 7.966466e-01
8.894433e-04 7.966429e-01
8.896432e-04 7.966391e-01
8.898431e-04 7.966354e-01
8.900431e-04 7.966317e-01
8.902430e-04 7.966280e-01
8.904429e-04 7.966243e-01
8.906428e-04 7.966206e-01
8.908427e-04 7.966169e-01
8.910427e-04 7.966131e-01
8.912426e-04 7.966094e-01
8.914425e-04 7.966057e-01
8.916424e-04 7.966020e-01
8.918424e-04 7.965983e-01
8.920423e-04 7.965946e-01
8.922422e-04 7.965909e-01
8.924421e-04 7.965871e-01
8.926420e-04 7.965834e-01
8.928420e-04 7.965797e-01
8.930419e-04 7.965760e-01
8.932418e-04 7.965723e-01
8.934417e-04 7.965686e-01
8.936417e-04 7.965649e-01
8.938416e-04 7.965612e-01
8.940415e-04 7.965574e-01
8.942414e-04 7.965537e-01
8.944413e-04 7.965500e-01
8.946413e-04 7.965463e-01
8.948412e-04 7.965426e-01
8.950411e-04 7.965389e-01
8.952410e-04 7.965352e-01
8.954409e-04 7.965315e-01
8.956409e-04 7.965278e-01
8.958408e-04 7.965240e-01
8.960407e-04 7.965203e-01
8.962406e-04 7.965166e-01
8.964406e-04 7.965129e-01
8.966405e-04 7.965092e-01
8.968404e-04 7.965055e-01
8.970403e-04 7.965018e-01
8.972402e-04 7.964981e-01
8.974402e-04 7.964944e-01
8.976401e-04 7.964907e-01
8.978400e-04 7.964870e-01
8.980399e-04 7.964832e-01
8.982399e-04 7.964795e-01
8.984398e-04 7.964758e-01
8.986397e-04 7.964721e-01
8.988396e-04 7.964684e-01
8.990395e-04 7.964647e-01
8.992395e-04 7.964610e-01
8.994394e-04 7.964573e-01
8.996393e-04 7.964536e-01
8.998392e-04 7.964499e-01
9.000391e-04 7.964462e-01
9.002391e-04 7.964425e-01
9.004390e-04 7.964388e-01
9.006389e-04 7.964351e-01
9.008388e-04 7.964314e-01
9.010388e-04 7.964277e-01
9.012387e-04 7.964240e-01
9.014386e-04 7.964203e-01
9.016385e-04 7.964165e-01
9.018384e-04 7.964128e-01
9.020384e-04 7.964091e-01
9.022383e-04 7.964054e-01
9.024382e-04 7.964017e-01
9.026381e-04 7.963980e-01
9.028381e-04 7.963943e-01
9.030380e-04 7.963906e-01
9.032379e-04 7.963869e-01
9.034378e-04 7.963832e-01
9.036377e-04 7.963795e-01
9.038377e-04 7.963758e-01
9.040376e-04 7.963721e-01
9.042375e-04 7.963684e-01
9.044374e-04 7.963647e-01
9.046373e-04 7.963610e-01
9.048373e-04 7.963573e-01
9.050372e-04 7.963536e-01
9.052371e-04 7.963499e-01
9.054370e-04 7.963462e-01
9.056370e-04 7.963425e-01
9.058369e-04 7.963388e-01
9.060368e-04 7.963351e-01
9.062367e-04 7.963314e-01
9.064366e-04 7.963277e-01
9.066366e-04 7.963240e-01
9.068365e-04 7.963203e-01
9.070364e-04 7.963166e-01
9.072363e-04 7.963129e-01
9.074363e-04 7.963092e-01
9.076362e-04 7.963055e-01
9.078361e-04 7.963018e-01
9.080360e-04 7.962981e-01
9.082359e-04 7.962944e-01
9.084359e-04 7.962907e-01
9.086358e-04 7.962870e-01
9.088357e-04 7.962833e-01
9.090356e-04 7.962796e-01
9.092355e-04 7.962759e-01
9.094355e-04 7.962723e-01
9.096354e-04 7.962686e-01
9.098353e-04 7.962649e-01
9.100352e-04 7.962612e-01
9.102352e-04 7.962575e-01
9.104351e-04 7.962538e-01
9.106350e-04 7.962501e-01
9.108349e-04 7.962464e-01
9.110348e-04 7.962427e-01
9.112348e-04 7.962390e-01
9.114347e-04 7.962353e-01
9.116346e-04 7.962316e-01
9.118345e-04 7.962279e-01
9.120345e-04 7.962242e-01
9.122344e-04 7.962205e-01
9.124343e-04 7.962168e-01
9.126342e-04 7.962131e-01
9.128341e-04 7.962095e-01
9.130341e-04 7.962058e-01
9.132340e-04 7.962021e-01
9.134339e-04 7.961984e-01
9.136338e-04 7.961947e-01
9.138337e-04 7.961910e-01
9.140337e-04 7.961873e-01
9.142336e-04 7.961836e-01
9.144335e-04 7.961799e-01
9.146334e-04 7.961762e-01
9.148334e-04 7.961725e-01
9.150333e-04 7.961688e-01
9.152332e-04 7.961652e-01
9.154331e-04 7.961615e-01
9.156330e-04 7.961578e-01
9.158330e-04 7.961541e-01
9.160329e-04 7.961504e-01
9.162328e-04 7.961467e-01
9.164327e-04 7.961430e-01
9.166326e-04 7.961393e-01
9.168326e-04 7.961356e-01
9.170325e-04 7.961320e-01
9.172324e-04 7.961283e-01
9.174323e-04 7.961246e-01
9.176323e-04 7.961209e-01
9.178322e-04 7.961172e-01
9.180321e-04 7.961135e-01
9.182320e-04 7.961098e-01
9.184319e-04 7.961061e-01
9.186319e-04 7.961025e-01
9.188318e-04 7.960988e-01
9.190317e-04 7.960951e-01
9.192316e-04 7.960914e-01
9.194316e-04 7.960877e-01
9.196315e-04 7.960840e-01
9.198314e-04 7.960803e-01
9.200313e-04 7.960767e-01
9.202312e-04 7.960730e-01
9.204312e-04 7.960693e-01
9.206311e-04 7.960656e-01
9.208310e-04 7.960619e-01
9.210309e-04 7.960582e-01
9.212308e-04 7.960545e-01
9.214308e-04 7.960509e-01
9.216307e-04 7.960472e-01
9.218306e-04 7.960435e-01
9.220305e-04 7.960398e-01
9.222305e-04 7.960361e-01
9.224304e-04 7.960324e-01
9.226303e-04 7.960288e-01
9.228302e-04 7.960251e-01
9.230301e-04 7.960214e-01
9.232301e-04 7.960177e-01
9.234300e-04 7.960140e-01
9.236299e-04 7.960104e-01
9.238298e-04 7.960067e-01
9.240298e-04 7.960030e-01
9.242297e-04 7.959993e-01
9.244296e-04 7.959956e-01
9.246295e-04 7.959919e-01
9.248294e-04 7.959883e-01
9.250294e-04 7.959846e-01
9.252293e-04 7.959809e-01
9.254292e-04 7.959772e-01
9.256291e-04 7.959735e-01
9.258290e-04 7.959699e-01
9.260290e-04 7.959662e-01
9.262289e-04 7.959625e-01
9.264288e-04 7.959588e-01
9.266287e-04 7.959552e-01
9.268287e-04 7.959515e-01
9.270286e-04 7.959478e-01
9.272285e-04 7.959441e-01
9.274284e-04 7.959404e-01
9.276283e-04 7.959368e-01
9.278283e-04 7.959331e-01
9.280282e-04 7.959294e-01
9.282281e-04 7.959257e-01
9.284280e-04 7.959221e-01
9.286280e-04 7.959184e-01
9.288279e-04 7.959147e-01
9.290278e-04 7.959110e-01
9.292277e-04 7.959073e-01
9.294276e-04 7.959037e-01
9.296276e-04 7.959000e-01
9.298275e-04 7.958963e-01
9.300274e-04 7.958926e-01
9.302273e-04 7.958890e-01
9.304272e-04 7.958853e-01
9.306272e-04 7.958816e-01
9.308271e-04 7.958779e-01
9.310270e-04 7.958743e-01
9.312269e-04 7.958706e-01
9.314269e-04 7.958669e-01
9.316268e-04 7.958632e-01
9.318267e-04 7.958596e-01
9.320266e-04 7.958559e-01
9.322265e-04 7.958522e-01
9.324265e-04 7.958486e-01
9.326264e-04 7.958449e-01
9.328263e-04 7.958412e-01
9.330262e-04 7.958375e-01
9.332262e-04 7.958339e-01
9.334261e-04 7.958302e-01
9.336260e-04 7.958265e-01
9.338259e-04 7.958229e-01
9.340258e-04 7.958192e-01
9.342258e-04 7.958155e-01
9.344257e-04 7.958118e-01
9.346256e-04 7.958082e-01
9.348255e-04 7.958045e-01
9.350254e-04 7.958008e-01
9.352254e-04 7.957972e-01
9.354253e-04 7.957935e-01
9.356252e-04 7.957898e-01
9.358251e-04 7.957861e-01
9.360251e-04 7.957825e-01
9.362250e-04 7.957788e-01
9.364249e-04 7.957751e-01
9.366248e-04 7.957715e-01
9.368247e-04 7.957678e-01
9.370247e-04 7.957641e-01
9.372246e-04 7.957605e-01
9.374245e-04 7.957568e-01
9.376244e-04 7.957531e-01
9.378244e-04 7.957495e-01
9.380243e-04 7.957458e-01
9.382242e-04 7.957421e-01
9.384241e-04 7.957385e-01
9.386240e-04 7.957348e-01
9.388240e-04 7.957311e-01
9.390239e-04 7.957275e-01
9.392238e-04 7.957238e-01
9.394237e-04 7.957201e-01
9.396236e-04 7.957165e-01
9.398236e-04 7.957128e-01
9.400235e-04 7.957091e-01
9.402234e-04 7.957055e-01
9.404233e-04 7.957018e-01
9.406233e-04 7.956981e-01
9.408232e-04 7.956945e-01
9.410231e-04 7.956908e-01
9.412230e-04 7.956871e-01
9.414229e-04 7.956835e-01
9.416229e-04 7.956798e-01
9.418228e-04 7.956762e-01
9.420227e-04 7.956725e-01
9.422226e-04 7.956688e-01
9.424225e-04 7.956652e-01
9.426225e-04 7.956615e-01
9.428224e-04 7.956578e-01
9.430223e-04 7.956542e-01
9.432222e-04 7.956505e-01
9.434222e-04 7.956469e-01
9.436221e-04 7.956432e-01
9.438220e-04 7.956395e-01
9.440219e-04 7.956359e-01
9.442218e-04 7.956322e-01
9.444218e-04 7.956285e-01
9.446217e-04 7.956249e-01
9.448216e-04 7.956212e-01
9.450215e-04 7.956176e-01
9.452215e-04 7.956139e-01
9.454214e-04 7.956102e-01
9.456213e-04 7.956066e-01
9.458212e-04 7.956029e-01
9.460211e-04 7.955993e-01
9.462211e-04 7.955956e-01
9.464210e-04 7.955919e-01
9.466209e-04 7.955883e-01
9.468208e-04 7.955846e-01
9.470207e-04 7.955810e-01
9.472207e-04 7.955773e-01
9.474206e-04 7.955737e-01
9.476205e-04 7.955700e-01
9.478204e-04 7.955663e-01
9.480204e-04 7.955627e-01
9.482203e-04 7.955590e-01
9.484202e-04 7.955554e-01
9.486201e-04 7.955517e-01
9.488200e-04 7.955481e-01
9.490200e-04 7.955444e-01
9.492199e-04 7.955407e-01
9.494198e-04 7.955371e-01
9.496197e-04 7.955334e-01
9.498197e-04 7.955298e-01
9.500196e-04 7.955261e-01
9.502195e-04 7.955225e-01
9.504194e-04 7.955188e-01
9.506193e-04 7.955152e-01
9.508193e-04 7.955115e-01
9.510192e-04 7.955078e-01
9.512191e-04 7.955042e-01
9.514190e-04 7.955005e-01
9.516189e-04 7.954969e-01
9.518189e-04 7.954932e-01
9.520188e-04 7.954896e-01
9.522187e-04 7.954859e-01
9.524186e-04 7.954823e-01
9.526186e-04 7.954786e-01
9.528185e-04 7.954750e-01
9.530184e-04 7.954713e-01
9.532183e-04 7.954677e-01
9.534182e-04 7.954640e-01
9.536182e-04 7.954604e-01
9.538181e-04 7.954567e-01
9.540180e-04 7.954531e-01
9.542179e-04 7.954494e-01
9.544179e-04 7.954458e-01
9.546178e-04 7.954421e-01
9.548177e-04 7.954384e-01
9.550176e-04 7.954348e-01
9.552175e-04 7.954311e-01
9.554175e-04 7.954275e-01
9.556174e-04 7.954238e-01
9.558173e-04 7.954202e-01
9.560172e-04 7.954165e-01
9.562171e-04 7.954129e-01
9.564171e-04 7.954093e-01
9.566170e-04 7.954056e-01
9.568169e-04 7.954020e-01
9.570168e-04 7.953983e-01
9.572168e-04 7.953947e-01
9.574167e-04 7.953910e-01
9.576166e-04 7.953874e-01
9.578165e-04 7.953837e-01
9.580164e-04 7.953801e-01
9.582164e-04 7.953764e-01
9.584163e-04 7.953728e-01
9.586162e-04 7.953691e-01
9.588161e-04 7.953655e-01
9.590161e-04 7.953618e-01
9.592160e-04 7.953582e-01
9.594159e-04 7.953545e-01
9.596158e-04 7.953509e-01
9.598157e-04 7.953472e-01
9.600157e-04 7.953436e-01
9.602156e-04 7.953400e-01
9.604155e-04 7.953363e-01
9.606154e-04 7.953327e-01
9.608153e-04 7.953290e-01
9.610153e-04 7.953254e-01
9.612152e-04 7.953217e-01
9.614151e-04 7.953181e-01
9.616150e-04 7.953144e-01
9.618150e-04 7.953108e-01
9.620149e-04 7.953072e-01
9.622148e-04 7.953035e-01
9.624147e-04 7.952999e-01
9.626146e-04 7.952962e-01
9.628146e-04 7.952926e-01
9.630145e-04 7.952889e-01
9.632144e-04 7.952853e-01
9.634143e-04 7.952817e-01
9.636142e-04 7.952780e-01
9.638142e-04 7.952744e-01
9.640141e-04 7.952707e-01
9.642140e-04 7.952671e-01
9.644139e-04 7.952634e-01
9.646139e-04 7.952598e-01
9.648138e-04 7.952562e-01
9.650137e-04 7.952525e-01
9.652136e-04 7.952489e-01
9.654135e-04 7.952452e-01
9.656135e-04 7.952416e-01
9.658134e-04 7.952380e-01
9.660133e-04 7.952343e-01
9.662132e-04 7.952307e-01
9.664132e-04 7.952270e-01
9.666131e-04 7.952234e-01
9.668130e-04 7.952198e-01
9.670129e-04 7.952161e-01
9.672128e-04 7.952125e-01
9.674128e-04 7.952088e-01
9.676127e-04 7.952052e-01
9.678126e-04 7.952016e-01
9.680125e-04 7.951979e-01
9.682124e-04 7.951943e-01
9.684124e-04 7.951907e-01
9.686123e-04 7.951870e-01
9.688122e-04 7.951834e-01
9.690121e-04 7.951797e-01
9.692121e-04 7.951761e-01
9.694120e-04 7.951725e-01
9.696119e-04 7.951688e-01
9.698118e-04 7.951652e-01
9.700117e-04 7.951616e-01
9.702117e-04 7.951579e-01
9.704116e-04 7.951543e-01
9.706115e-04 7.951507e-01
9.708114e-04 7.951470e-01
9.710114e-04 7.951434e-01
9.712113e-04 7.951398e-01
9.714112e-04 7.951361e-01
9.716111e-04 7.951325e-01
9.718110e-04 7.951289e-01
9.720110e-04 7.951252e-01
9.722109e-04 7.951216e-01
9.724108e-04 7.951180e-01
9.726107e-04 7.951143e-01
9.728106e-04 7.951107e-01
9.730106e-04 7.951071e-01
9.732105e-04 7.951034e-01
9.734104e-04 7.950998e-01
9.736103e-04 7.950962e-01
9.738103e-04 7.950925e-01
9.740102e-04 7.950889e-01
9.742101e-04 7.950853e-01
9.744100e-04 7.950816e-01
9.746099e-04 7.950780e-01
9.748099e-04 7.950744e-01
9.750098e-04 7.950707e-01
9.752097e-04 7.950671e-01
9.754096e-04 7.950635e-01
9.756096e-04 7.950598e-01
9.758095e-04 7.950562e-01
9.760094e-04 7.950526e-01
9.762093e-04 7.950489e-01
9.764092e-04 7.950453e-01
9.766092e-04 7.950417e-01
9.768091e-04 7.950381e-01
9.770090e-04 7.950344e-01
9.772089e-04 7.950308e-01
9.774088e-04 7.950272e-01
9.776088e-04 7.950235e-01
9.778087e-04 7.950199e-01
9.780086e-04 7.950163e-01
9.782085e-04 7.950127e-01
9.784085e-04 7.950090e-01
9.786084e-04 7.950054e-01
9.788083e-04 7.950018e-01
9.790082e-04 7.949982e-01
9.792081e-04 7.949945e-01
9.794081e-04 7.949909e-01
9.796080e-04 7.949873e-01
9.798079e-04 7.949836e-01
9.800078e-04 7.949800e-01
9.802078e-04 7.949764e-01
9.804077e-04 7.949728e-01
9.806076e-04 7.949691e-01
9.808075e-04 7.949655e-01
9.810074e-04 7.949619e-01
9.812074e-04 7.949583e-01
9.814073e-04 7.949546e-01
9.816072e-04 7.949510e-01
9.818071e-04 7.949474e-01
9.820070e-04 7.949438e-01
9.822070e-04 7.949401e-01
9.824069e-04 7.949365e-01
9.826068e-04 7.949329e-01
9.828067e-04 7.949293e-01
9.830067e-04 7.949256e-01
9.832066e-04 7.949220e-01
9.834065e-04 7.949184e-01
9.836064e-04 7.949148e-01
9.838063e-04 7.949112e-01
9.840063e-04 7.949075e-01
9.842062e-04 7.949039e-01
9.844061e-04 7.949003e-01
9.846060e-04 7.948967e-01
9.848060e-04 7.948930e-01
9.850059e-04 7.948894e-01
9.852058e-04 7.948858e-01
9.854057e-04 7.948822e-01
9.856056e-04 7.948786e-01
9.858056e-04 7.948749e-01
9.860055e-04 7.948713e-01
9.862054e-04 7.948677e-01
9.864053e-04 7.948641e-01
9.866052e-04 7.948605e-01
9.868052e-04 7.948568e-01
9.870051e-04 7.948532e-01
9.872050e-04 7.948496e-01
9.874049e-04 7.948460e-01
9.876049e-04 7.948424e-01
9.878048e-04 7.948387e-01
9.880047e-04 7.948351e-01
9.882046e-04 7.948315e-01
9.884045e-04 7.948279e-01
9.886045e-04 7.948243e-01
9.888044e-04 7.948207e-01
9.890043e-04 7.948170e-01
9.892042e-04 7.948134e-01
9.894041e-04 7.948098e-01
9.896041e-04 7.948062e-01
9.898040e-04 7.948026e-01
9.900039e-04 7.947990e-01
9.902038e-04 7.947953e-01
9.904038e-04 7.947917e-01
9.906037e-04 7.947881e-01
9.908036e-04 7.947845e-01
9.910035e-04 7.947809e-01
9.912034e-04 7.947773e-01
9.914034e-04 7.947736e-01
9.916033e-04 7.947700e-01
9.918032e-04 7.947664e-01
9.920031e-04 7.947628e-01
9.922031e-04 7.947592e-01
9.924030e-04 7.947556e-01
9.926029e-04 7.947520e-01
9.928028e-04 7.947483e-01
9.930027e-04 7.947447e-01
9.932027e-04 7.947411e-01
9.934026e-04 7.947375e-01
9.936025e-04 7.947339e-01
9.938024e-04 7.947303e-01
9.940023e-04 7.947267e-01
9.942023e-04 7.947230e-01
9.944022e-04 7.947194e-01
9.946021e-04 7.947158e-01
9.948020e-04 7.947122e-01
9.950020e-04 7.947086e-01
9.952019e-04 7.947050e-01
9.954018e-04 7.947014e-01
9.956017e-04 7.946978e-01
9.958016e-04 7.946942e-01
9.960016e-04 7.946905e-01
9.962015e-04 7.946869e-01
9.964014e-04 7.946833e-01
9.966013e-04 7.946797e-01
9.968013e-04 7.946761e-01
9.970012e-04 7.946725e-01
9.972011e-04 7.946689e-01
9.974010e-04 7.946653e-01
9.976009e-04 7.946617e-01
9.978009e-04 7.946581e-01
9.980008e-04 7.946544e-01
9.982007e-04 7.946508e-01
9.984006e-04 7.946472e-01
9.986005e-04 7.946436e-01
9.988005e-04 7.946400e-01
9.990004e-04 7.946364e-01
9.992003e-04 7.946328e-01
9.994002e-04 7.946292e-01
9.996002e-04 7.946256e-01
9.998001e-04 7.946220e-01
1.000000e-03 7.946184e-01