0.101158
0.101158
0.101157
0.101157
0.101156
0.101156
0.101155
0.101154
0.101153
0.101152
0.101151
0.10115
0.101149
0.101147
0.101146
0.101145
0.101144
0.101142
0.101141
0.10114
0.101138
0.101137
0.101136
0.101134
0.101133
0.101132
0.10113
0.101129
0.101128
0.101126
0.101125
0.101124
0.101122
0.101121
0.101119
0.101118
0.101117
0.101115
0.101114
0.101113
0.101111
0.10111
0.101108
0.101107
0.101106
0.101104
0.101103
0.101102
0.1011
0.101099
0.101097
0.101096
0.101095
0.101093
0.101092
0.101091
0.101089
0.101088
0.101086
0.101085
0.101084
0.101082
0.101081
0.101079
0.101078
0.101077
0.101075
0.101074
0.101073
0.101071
0.10107
0.101068
0.101067
0.101066
0.101064
0.101063
0.101061
0.10106
0.101059
0.101057
0.101056
0.101055
0.101053
0.101052
0.10105
0.101049
0.101048
0.101046
0.101045
0.101043
0.101042
0.101041
0.101039
0.101038
0.101036
0.101035
0.101034
0.101032
0.101031
0.101029
0.101028
0.101027
0.101025
0.101024
0.101022
0.101021
0.10102
0.101018
0.101017
0.101016
0.101014
0.101013
0.101011
0.10101
0.101009
0.101007
0.101006
0.101004
0.101003
0.101002
0.101
0.100999
0.100997
0.100996
0.100995
0.100993
0.100992
0.10099
0.100989
0.100987
0.100986
0.100985
0.100983
0.100982
0.10098
0.100979
0.100978
0.100976
0.100975
0.100973
0.100972
0.100971
0.100969
0.100968
0.100966
0.100965
0.100964
0.100962
0.100961
0.100959
0.100958
0.100956
0.100955
0.100954
0.100952
0.100951
0.100949
0.100948
0.100947
0.100945
0.100944
0.100942
0.100941
0.10094
0.100938
0.100937
0.100935
0.100934
0.100932
0.100931
0.10093
0.100928
0.100927
0.100925
0.100924
0.100923
0.100921
0.10092
0.100918
0.100917
0.100915
0.100914
0.100913
0.100911
0.10091
0.100908
0.100907
0.100905
0.100904
0.100903
0.100901
0.1009
0.100898
0.100897
0.100895
0.100894
0.100893
0.100891
0.10089
0.100888
0.100887
0.100885
0.100884
0.100883
0.100881
0.10088
0.100878
0.100877
0.100875
0.100874
0.100873
0.100871
0.10087
0.100868
0.100867
0.100865
0.100864
0.100863
0.100861
0.10086
0.100858
0.100857
0.100855
0.100854
0.100853
0.100851
0.10085
0.100848
0.100847
0.100845
0.100844
0.100842
0.100841
0.10084
0.100838
0.100837
0.100835
0.100834
0.100832
0.100831
0.10083
0.100828
0.100827
0.100825
0.100824
0.100822
0.100821
0.100819
0.100818
0.100817
0.100815
0.100814
0.100812
0.100811
0.100809
0.100808
0.100806
0.100805
0.100804
0.100802
0.100801
0.100799
0.100798
0.100796
0.100795
0.100793
0.100792
0.10079
0.100789
0.100788
0.100786
0.100785
0.100783
0.100782
0.10078
0.100779
0.100777
0.100776
0.100774
0.100773
0.100772
0.10077
0.100769
0.100767
0.100766
0.100764
0.100763
0.100761
0.10076
0.100758
0.100757
0.100756
0.100754
0.100753
0.100751
0.10075
0.100748
0.100747
0.100745
0.100744
0.100742
0.100741
0.100739
0.100738
0.100737
0.100735
0.100734
0.100732
0.100731
0.100729
0.100728
0.100726
0.100725
0.100723
0.100722
0.10072
0.100719
0.100717
0.100716
0.100715
0.100713
0.100712
0.10071
0.100709
0.100707
0.100706
0.100704
0.100703
0.100701
0.1007
0.100698
0.100697
0.100695
0.100694
0.100692
0.100691
0.100689
0.100688
0.100687
0.100685
0.100684
0.100682
0.100681
0.100679
0.100678
0.100676
0.100675
0.100673
0.100672
0.10067
0.100669
0.100667
0.100666
0.100664
0.100663
0.100661
0.10066
0.100658
0.100657
0.100655
0.100654
0.100652
0.100651
0.100649
0.100648
0.100647
0.100645
0.100644
0.100642
0.100641
0.100639
0.100638
0.100636
0.100635
0.100633
0.100632
0.10063
0.100629
0.100627
0.100626
0.100624
0.100623
0.100621
0.10062
0.100618
0.100617
0.100615
0.100614
0.100612
0.100611
0.100609
0.100608
0.100606
0.100605
0.100603
0.100602
0.1006
0.100599
0.100597
0.100596
0.100594
0.100593
0.100591
0.10059
0.100588
0.100587
0.100585
0.100584
0.100582
0.100581
0.100579
0.100578
0.100576
0.100575
0.100573
0.100572
0.10057
0.100569
0.100567
0.100566
0.100564
0.100563
0.100561
0.10056
0.100558
0.100557
0.100555
0.100554
0.100552
0.100551
0.100549
0.100548
0.100546
0.100545
0.100543
0.100541
0.10054
0.100538
0.100537
0.100535
0.100534
0.100532
0.100531
0.100529
0.100528
0.100526
0.100525
0.100523
0.100522
0.10052
0.100519
0.100517
0.100516
0.100514
0.100513
0.100511
0.10051
0.100508
0.100507
0.100505
0.100504
0.100502
0.1005
0.100499
0.100497
0.100496
0.100494
0.100493
0.100491
0.10049
0.100488
0.100487
0.100485
0.100484
0.100482
0.100481
0.100479
0.100478
0.100476
0.100474
0.100473
0.100471
0.10047
0.100468
0.100467
0.100465
0.100464
0.100462
0.100461
0.100459
0.100458
0.100456
0.100455
0.100453
0.100451
0.10045
0.100448
0.100447
0.100445
0.100444
0.100442
0.100441
0.100439
0.100438
0.100436
0.100434
0.100433
0.100431
0.10043
0.100428
0.100427
0.100425
0.100423
0.100422
0.10042
0.100419
0.100417
0.100415
0.100414
0.100412
0.10041
0.100408
0.100407
0.100405
0.100403
0.100401
0.100399
0.100397
0.100395
0.100393
0.10039
0.100388
0.100385
0.100382
0.100379
0.100376
0.100372
0.100368
0.100364
0.100359
0.100353
0.100347
0.100341
0.100333
0.100324
0.100314
0.100303
0.10029
0.100275
0.100258
0.100239
0.100216
0.10019
0.10016
0.100125
0.100085
0.100039
0.0999849
0.0999226
0.0998505
0.0997671
0.0996706
0.0995591
0.0994303
0.0992817
0.0991106
0.0989139
0.098688
0.0984293
0.0981338
0.0977972
0.0974152
0.0969833
0.0964972
0.0959526
0.095346
0.0946743
0.0939356
0.0931289
0.092255
0.0913163
0.0903167
0.0892624
0.0881612
0.0870225
0.0858569
0.0846761
0.0834921
0.0823167
0.0811615
0.0800369
0.0789519
0.0779144
0.0769301
0.0760035
0.0751374
0.0743331
0.0735905
0.0729087
0.0722858
0.0717191
0.0712057
0.0707423
0.0703252
0.069951
0.069616
0.0693169
0.0690502
0.068813
0.0686022
0.0684151
0.0682494
0.0681026
0.0679727
0.0678579
0.0677565
0.0676669
0.0675878
0.0675179
0.0674563
0.0674019
0.0673539
0.0673115
0.0672741
0.067241
0.0672118
0.0671859
0.067163
0.0671428
0.0671248
0.0671089
0.0670947
0.0670821
0.0670708
0.0670608
0.0670518
0.0670437
0.0670365
0.0670299
0.067024
0.0670187
0.0670138
0.0670093
0.0670052
0.0670015
0.066998
0.0669948
0.0669918
0.0669889
0.0669863
0.0669838
0.0669814
0.0669792
0.066977
0.066975
0.066973
0.0669711
0.0669692
0.0669674
0.0669657
0.0669639
0.0669623
0.0669606
0.066959
0.0669574
0.0669558
0.0669542
0.0669527
0.0669512
0.0669496
0.0669481
0.0669466
0.0669452
0.0669437
0.0669422
0.0669407
0.0669393
0.0669378
0.0669363
0.0669349
0.0669334
0.066932
0.0669306
0.0669291
0.0669277
0.0669262
0.0669248
0.0669234
0.0669219
0.0669205
0.0669191
0.0669177
0.0669162
0.0669148
0.0669134
0.066912
0.0669105
0.0669091
0.0669077
0.0669063
0.0669048
0.0669034
0.066902
0.0669006
0.0668992
0.0668977
0.0668963
0.0668949
0.0668935
0.0668921
0.0668907
0.0668892
0.0668878
0.0668864
0.066885
0.0668836
0.0668822
0.0668808
0.0668793
0.0668779
0.0668765
0.0668751
0.0668737
0.0668723
0.0668709
0.0668695
0.0668681
0.0668666
0.0668652
0.0668638
0.0668624
0.066861
0.0668596
0.0668582
0.0668568
0.0668554
0.066854
0.0668526
0.0668512
0.0668498
0.0668483
0.0668469
0.0668455
0.0668441
0.0668427
0.0668413
0.0668399
0.0668385
0.0668371
0.0668357
0.0668343
0.0668329
0.0668315
0.0668301
0.0668287
0.0668273
0.0668259
0.0668245
0.0668231
0.0668217
0.0668203
0.0668189
0.0668175
0.0668161
0.0668147
0.0668133
0.066812
0.0668106
0.0668092
0.0668078
0.0668064
0.066805
0.0668036
0.0668022
0.0668008
0.0667994
0.066798
0.0667966
0.0667952
0.0667938
0.0667925
0.0667911
0.0667897
0.0667883
0.0667869
0.0667855
0.0667841
0.0667827
0.0667813
0.06678
0.0667786
0.0667772
0.0667758
0.0667744
0.066773
0.0667716
0.0667703
0.0667689
0.0667675
0.0667661
0.0667647
0.0667633
0.066762
0.0667606
0.0667592
0.0667578
0.0667564
0.0667551
0.0667537
0.0667523
0.0667509
0.0667495
0.0667482
0.0667468
0.0667454
0.066744
0.0667426
0.0667413
0.0667399
0.0667385
0.0667371
0.0667358
0.0667344
0.066733
0.0667316
0.0667303
0.0667289
0.0667275
0.0667261
0.0667248
0.0667234
0.066722
0.0667207
0.0667193
0.0667179
0.0667165
0.0667152
0.0667138
0.0667124
0.0667111
0.0667097
0.0667083
0.066707
0.0667056
0.0667042
0.0667029
0.0667015
0.0667001
0.0666988
0.0666974
0.066696
0.0666947
0.0666933
0.0666919
0.0666906
0.0666892
0.0666878
0.0666865
0.0666851
0.0666838
0.0666824
0.066681
0.0666797
0.0666783
0.0666769
0.0666756
0.0666742
0.0666729
0.0666715
0.0666701
0.0666688
0.0666674
0.0666661
0.0666647
0.0666634
0.066662
0.0666606
0.0666593
0.0666579
0.0666566
0.0666552
0.0666539
0.0666525
0.0666512
0.0666498
0.0666484
0.0666471
0.0666457
0.0666444
0.066643
0.0666417
0.0666403
0.066639
0.0666376
0.0666363
0.0666349
0.0666336
0.0666322
0.0666309
0.0666295
0.0666282
0.0666268
0.0666255
0.0666241
0.0666228
0.0666214
0.0666201
0.0666188
0.0666174
0.0666161
0.0666147
0.0666134
0.066612
0.0666107
0.0666093
0.066608
0.0666067
0.0666053
0.066604
0.0666026
0.0666013
0.0665999
0.0665986
0.0665973
0.0665959
0.0665946
0.0665932
0.0665919
0.0665906
0.0665892
0.0665879
0.0665865
0.0665852
0.0665839
0.0665825
0.0665812
0.0665799
0.0665785
0.0665772
0.0665758
0.0665745
0.0665732
0.0665718
0.0665705
0.0665692
0.0665678
0.0665665
0.0665652
0.0665638
0.0665625
0.0665612
0.0665598
0.0665585
0.0665572
0.0665558
0.0665545
0.0665532
0.0665519
0.0665505
0.0665492
0.0665479
0.0665465
0.0665452
0.0665439
0.0665426
0.0665412
0.0665399
0.0665386
0.0665372
0.0665359
0.0665346
0.0665333
0.0665319
0.0665306
0.0665293
0.066528
0.0665266
0.0665253
0.066524
0.0665227
0.0665214
0.06652
0.0665187
0.0665174
0.0665161
0.0665147
0.0665134
0.0665121
0.0665108
0.0665095
0.0665081
0.0665068
0.0665055
0.0665042
0.0665029
0.0665016
0.0665002
0.0664989
0.0664976
0.0664963
0.066495
0.0664937
0.0664923
0.066491
0.0664897
0.0664884
0.0664871
0.0664858
0.0664845
0.0664831
0.0664818
0.0664805
0.0664792
0.0664779
0.0664766
0.0664753
0.066474
0.0664726
0.0664713
0.06647
0.0664687
0.0664674
0.0664661
0.0664648
0.0664635
0.0664622
0.0664609
0.0664596
0.0664582
0.0664569
0.0664556
0.0664543
0.066453
0.0664517
0.0664504
0.0664491
0.0664478
0.0664465
0.0664452
0.0664439
0.0664426
0.0664413
0.06644
0.0664387
0.0664374
0.0664361
0.0664348
0.0664335
0.0664322
0.0664309
0.0664296
0.0664283
0.066427
0.0664257
0.0664244
0.0664231
0.0664218
0.0664205
0.0664192
0.0664179
0.0664166
0.0664153
0.066414
0.0664127
0.0664114
0.0664101
0.0664088
0.0664075
0.0664062
0.0664049
0.0664036
0.0664023
0.066401
0.0663997
0.0663984
0.0663971
0.0663958
0.0663945
0.0663933
0.066392
0.0663907
0.0663894
0.0663881
0.0663868
0.0663855
0.0663842
0.0663829
0.0663816
0.0663803
0.0663791
0.0663778
0.0663765
0.0663752
0.0663739
0.0663726
0.0663713
0.06637
0.0663688
0.0663675
0.0663662
0.0663649
0.0663636
0.0663623
0.066361
0.0663598
0.0663585
0.0663572
0.0663559
0.0663546
0.0663533
0.0663521
0.0663508
0.0663495
0.0663482
0.0663469
0.0663456
0.0663444
0.0663431
0.0663418
0.0663405
0.0663392
0.066338
0.0663367
0.0663354
0.0663341
0.0663328
0.0663316
0.0663303
0.066329
0.0663277
0.0663265
0.0663252
0.0663239
0.0663226
0.0663213
0.0663201
0.0663188
0.0663175
0.0663162
0.066315
0.0663137
0.0663124
0.0663112
0.0663099
0.0663086
0.0663073
0.0663061
0.0663048
0.0663035
0.0663022
0.066301
0.0662997
0.0662984
0.0662972
0.0662959
0.0662946
0.0662934
0.0662921
0.0662908
0.0662896
0.0662883
0.066287
0.0662858
0.0662845
0.0662833
0.066282
0.0662807
0.0662795
0.0662782
0.066277
0.0662757
0.0662745
0.0662733
0.066272
0.0662708
0.0662696
0.0662683
0.0662671
0.0662659
0.0662647
0.0662635
0.0662623
0.0662612
0.06626
0.0662589
0.0662578
0.0662567
0.0662556
0.0662545
0.0662535
0.0662526
0.0662516
0.0662508
0.0662499
0.0662492
0.0662485
0.0662479
0.0662474
0.0662471
0.0662468
0.0662467
