0.101161
0.101161
0.101161
0.101161
0.101161
0.10116
0.10116
0.101159
0.101159
0.101158
0.101158
0.101157
0.101157
0.101156
0.101156
0.101155
0.101154
0.101154
0.101153
0.101152
0.101152
0.101151
0.10115
0.10115
0.101149
0.101148
0.101148
0.101147
0.101146
0.101146
0.101145
0.101144
0.101144
0.101143
0.101142
0.101142
0.101141
0.10114
0.10114
0.101139
0.101138
0.101137
0.101137
0.101136
0.101135
0.101135
0.101134
0.101133
0.101133
0.101132
0.101131
0.101131
0.10113
0.101129
0.101129
0.101128
0.101127
0.101126
0.101126
0.101125
0.101124
0.101124
0.101123
0.101122
0.101122
0.101121
0.10112
0.10112
0.101119
0.101118
0.101118
0.101117
0.101116
0.101115
0.101115
0.101114
0.101113
0.101113
0.101112
0.101111
0.101111
0.10111
0.101109
0.101109
0.101108
0.101107
0.101107
0.101106
0.101105
0.101104
0.101104
0.101103
0.101102
0.101102
0.101101
0.1011
0.1011
0.101099
0.101098
0.101098
0.101097
0.101096
0.101096
0.101095
0.101094
0.101093
0.101093
0.101092
0.101091
0.101091
0.10109
0.101089
0.101089
0.101088
0.101087
0.101087
0.101086
0.101085
0.101084
0.101084
0.101083
0.101082
0.101082
0.101081
0.10108
0.10108
0.101079
0.101078
0.101078
0.101077
0.101076
0.101075
0.101075
0.101074
0.101073
0.101073
0.101072
0.101071
0.101071
0.10107
0.101069
0.101069
0.101068
0.101067
0.101066
0.101066
0.101065
0.101064
0.101064
0.101063
0.101062
0.101062
0.101061
0.10106
0.10106
0.101059
0.101058
0.101057
0.101057
0.101056
0.101055
0.101055
0.101054
0.101053
0.101053
0.101052
0.101051
0.10105
0.10105
0.101049
0.101048
0.101048
0.101047
0.101046
0.101046
0.101045
0.101044
0.101044
0.101043
0.101042
0.101041
0.101041
0.10104
0.101039
0.101039
0.101038
0.101037
0.101037
0.101036
0.101035
0.101034
0.101034
0.101033
0.101032
0.101032
0.101031
0.10103
0.10103
0.101029
0.101028
0.101027
0.101027
0.101026
0.101025
0.101025
0.101024
0.101023
0.101023
0.101022
0.101021
0.101021
0.10102
0.101019
0.101018
0.101018
0.101017
0.101016
0.101016
0.101015
0.101014
0.101014
0.101013
0.101012
0.101011
0.101011
0.10101
0.101009
0.101009
0.101008
0.101007
0.101007
0.101006
0.101005
0.101004
0.101004
0.101003
0.101002
0.101002
0.101001
0.101
0.101
0.100999
0.100998
0.100997
0.100997
0.100996
0.100995
0.100995
0.100994
0.100993
0.100993
0.100992
0.100991
0.10099
0.10099
0.100989
0.100988
0.100988
0.100987
0.100986
0.100985
0.100985
0.100984
0.100983
0.100983
0.100982
0.100981
0.100981
0.10098
0.100979
0.100978
0.100978
0.100977
0.100976
0.100976
0.100975
0.100974
0.100974
0.100973
0.100972
0.100971
0.100971
0.10097
0.100969
0.100969
0.100968
0.100967
0.100966
0.100966
0.100965
0.100964
0.100964
0.100963
0.100962
0.100962
0.100961
0.10096
0.100959
0.100959
0.100958
0.100957
0.100957
0.100956
0.100955
0.100954
0.100954
0.100953
0.100952
0.100952
0.100951
0.10095
0.10095
0.100949
0.100948
0.100947
0.100947
0.100946
0.100945
0.100945
0.100944
0.100943
0.100942
0.100942
0.100941
0.10094
0.10094
0.100939
0.100938
0.100938
0.100937
0.100936
0.100935
0.100935
0.100934
0.100933
0.100933
0.100932
0.100931
0.10093
0.10093
0.100929
0.100928
0.100928
0.100927
0.100926
0.100925
0.100925
0.100924
0.100923
0.100923
0.100922
0.100921
0.10092
0.10092
0.100919
0.100918
0.100918
0.100917
0.100916
0.100916
0.100915
0.100914
0.100913
0.100913
0.100912
0.100911
0.100911
0.10091
0.100909
0.100908
0.100908
0.100907
0.100906
0.100906
0.100905
0.100904
0.100903
0.100903
0.100902
0.100901
0.100901
0.1009
0.100899
0.100898
0.100898
0.100897
0.100896
0.100896
0.100895
0.100894
0.100893
0.100893
0.100892
0.100891
0.100891
0.10089
0.100889
0.100888
0.100888
0.100887
0.100886
0.100886
0.100885
0.100884
0.100883
0.100883
0.100882
0.100881
0.100881
0.10088
0.100879
0.100878
0.100878
0.100877
0.100876
0.100876
0.100875
0.100874
0.100873
0.100873
0.100872
0.100871
0.100871
0.10087
0.100869
0.100868
0.100868
0.100867
0.100866
0.100866
0.100865
0.100864
0.100863
0.100863
0.100862
0.100861
0.100861
0.10086
0.100859
0.100858
0.100858
0.100857
0.100856
0.100855
0.100855
0.100854
0.100853
0.100853
0.100852
0.100851
0.10085
0.10085
0.100849
0.100848
0.100848
0.100847
0.100846
0.100845
0.100845
0.100844
0.100843
0.100843
0.100842
0.100841
0.10084
0.10084
0.100839
0.100838
0.100838
0.100837
0.100836
0.100835
0.100835
0.100834
0.100833
0.100832
0.100832
0.100831
0.10083
0.10083
0.100829
0.100828
0.100827
0.100827
0.100826
0.100825
0.100825
0.100824
0.100823
0.100822
0.100822
0.100821
0.10082
0.100819
0.100819
0.100818
0.100817
0.100817
0.100816
0.100815
0.100814
0.100814
0.100813
0.100812
0.100812
0.100811
0.10081
0.100809
0.100809
0.100808
0.100807
0.100806
0.100806
0.100805
0.100804
0.100804
0.100803
0.100802
0.100801
0.100801
0.1008
0.100799
0.100799
0.100798
0.100797
0.100796
0.100796
0.100795
0.100794
0.100793
0.100793
0.100792
0.100791
0.100791
0.10079
0.100789
0.100788
0.100788
0.100787
0.100786
0.100785
0.100785
0.100784
0.100783
0.100783
0.100782
0.100781
0.10078
0.10078
0.100779
0.100778
0.100777
0.100777
0.100776
0.100775
0.100775
0.100774
0.100773
0.100772
0.100772
0.100771
0.10077
0.100769
0.100769
0.100768
0.100767
0.100767
0.100766
0.100765
0.100764
0.100764
0.100763
0.100762
0.100761
0.100761
0.10076
0.100759
0.100759
0.100758
0.100757
0.100756
0.100756
0.100755
0.100754
0.100753
0.100753
0.100752
0.100751
0.10075
0.10075
0.100749
0.100748
0.100748
0.100747
0.100746
0.100745
0.100745
0.100744
0.100743
0.100742
0.100742
0.100741
0.10074
0.100739
0.100739
0.100738
0.100737
0.100737
0.100736
0.100735
0.100734
0.100734
0.100733
0.100732
0.100731
0.100731
0.10073
0.100729
0.100729
0.100728
0.100727
0.100726
0.100726
0.100725
0.100724
0.100723
0.100723
0.100722
0.100721
0.10072
0.10072
0.100719
0.100718
0.100717
0.100717
0.100716
0.100715
0.100715
0.100714
0.100713
0.100712
0.100712
0.100711
0.10071
0.100709
0.100709
0.100708
0.100707
0.100706
0.100706
0.100705
0.100704
0.100704
0.100703
0.100702
0.100701
0.100701
0.1007
0.100699
0.100698
0.100698
0.100697
0.100696
0.100695
0.100695
0.100694
0.100693
0.100692
0.100692
0.100691
0.10069
0.10069
0.100689
0.100688
0.100687
0.100687
0.100686
0.100685
0.100684
0.100684
0.100683
0.100682
0.100681
0.100681
0.10068
0.100679
0.100678
0.100678
0.100677
0.100676
0.100675
0.100675
0.100674
0.100673
0.100673
0.100672
0.100671
0.10067
0.10067
0.100669
0.100668
0.100667
0.100667
0.100666
0.100665
0.100664
0.100664
0.100663
0.100662
0.100661
0.100661
0.10066
0.100659
0.100658
0.100658
0.100657
0.100656
0.100655
0.100655
0.100654
0.100653
0.100652
0.100652
0.100651
0.10065
0.10065
0.100649
0.100648
0.100647
0.100647
0.100646
0.100645
0.100644
0.100644
0.100643
0.100642
0.100641
0.100641
0.10064
0.100639
0.100638
0.100638
0.100637
0.100636
0.100635
0.100635
0.100634
0.100633
0.100632
0.100632
0.100631
0.10063
0.100629
0.100629
0.100628
0.100627
0.100626
0.100626
0.100625
0.100624
0.100623
0.100623
0.100622
0.100621
0.10062
0.10062
0.100619
0.100618
0.100617
0.100617
0.100616
0.100615
0.100614
0.100614
0.100613
0.100612
0.100611
0.100611
0.10061
0.100609
0.100608
0.100608
0.100607
0.100606
0.100605
0.100605
0.100604
0.100603
0.100602
0.100602
0.100601
0.1006
0.100599
0.100599
0.100598
0.100597
0.100596
0.100596
0.100595
0.100594
0.100593
0.100593
0.100592
0.100591
0.10059
0.10059
0.100589
0.100588
0.100587
0.100587
0.100586
0.100585
0.100584
0.100584
0.100583
0.100582
0.100581
0.100581
0.10058
0.100579
0.100578
0.100578
0.100577
0.100576
0.100575
0.100575
0.100574
0.100573
0.100572
0.100572
0.100571
0.10057
0.100569
0.100569
0.100568
0.100567
0.100566
0.100566
0.100565
0.100564
0.100563
0.100563
0.100562
0.100561
0.10056
0.10056
0.100559
0.100558
0.100557
0.100557
0.100556
0.100555
0.100554
0.100554
0.100553
0.100552
0.100551
0.100551
0.10055
0.100549
0.100548
0.100548
0.100547
0.100546
0.100545
0.100545
0.100544
0.100543
0.100542
0.100541
0.100541
0.10054
0.100539
0.100538
0.100538
0.100537
0.100536
0.100535
0.100535
0.100534
0.100533
0.100532
0.100532
0.100531
0.10053
0.100529
0.100529
0.100528
0.100527
0.100526
0.100526
0.100525
0.100524
0.100523
0.100523
0.100522
0.100521
0.10052
0.100519
0.100519
0.100518
0.100517
0.100516
0.100516
0.100515
0.100514
0.100513
0.100513
0.100512
0.100511
0.10051
0.10051
0.100509
0.100508
0.100507
0.100507
0.100506
0.100505
0.100504
0.100503
0.100503
0.100502
0.100501
0.1005
0.1005
0.100499
0.100498
0.100497
0.100497
0.100496
0.100495
0.100494
0.100494
0.100493
0.100492
0.100491
0.100491
0.10049
0.100489
0.100488
0.100487
0.100487
0.100486
0.100485
0.100484
0.100484
0.100483
0.100482
0.100481
0.100481
0.10048
0.100479
0.100478
0.100478
0.100477
0.100476
0.100475
0.100474
0.100474
0.100473
0.100472
0.100471
0.100471
0.10047
0.100469
0.100468
0.100468
0.100467
0.100466
0.100465
0.100465
0.100464
0.100463
0.100462
0.100461
0.100461
0.10046
0.100459
0.100458
0.100458
0.100457
0.100456
0.100455
0.100455
0.100454
0.100453
0.100452
0.100451
0.100451
0.10045
0.100449
0.100448
0.100448
0.100447
0.100446
0.100445
0.100445
0.100444
0.100443
0.100442
0.100441
0.100441
0.10044
0.100439
0.100438
0.100438
0.100437
0.100436
0.100435
0.100435
0.100434
0.100433
0.100432
0.100431
0.100431
0.10043
0.100429
0.100428
0.100428
0.100427
0.100426
0.100425
0.100424
0.100424
0.100423
0.100422
0.100421
0.100421
0.10042
0.100419
0.100418
0.100418
0.100417
0.100416
0.100415
0.100414
0.100414
0.100413
0.100412
0.100411
0.100411
0.10041
0.100409
0.100408
0.100407
0.100407
0.100406
0.100405
0.100404
0.100404
0.100403
0.100402
0.100401
0.1004
0.1004
0.100399
0.100398
0.100397
0.100397
0.100396
0.100395
0.100394
0.100393
0.100393
0.100392
0.100391
0.10039
0.10039
0.100389
0.100388
0.100387
0.100386
0.100386
0.100385
0.100384
0.100383
0.100383
0.100382
0.100381
0.10038
0.100379
0.100379
0.100378
0.100377
0.100376
0.100376
0.100375
0.100374
0.100373
0.100372
0.100372
0.100371
0.10037
0.100369
0.100368
0.100368
0.100367
0.100366
0.100365
0.100364
0.100363
0.100363
0.100362
0.100361
0.10036
0.100359
0.100358
0.100357
0.100356
0.100355
0.100354
0.100353
0.100352
0.100351
0.100349
0.100348
0.100346
0.100345
0.100343
0.100341
0.100339
0.100336
0.100334
0.100331
0.100327
0.100324
0.10032
0.100315
0.100309
0.100303
0.100296
0.100288
0.100278
0.100267
0.100255
0.10024
0.100224
0.100204
0.100182
0.100156
0.100125
0.10009
0.10005
0.100003
0.0999481
0.0998847
0.0998113
0.0997262
0.0996278
0.0995139
0.0993824
0.0992306
0.0990557
0.0988545
0.0986237
0.0983594
0.0980576
0.097714
0.0973243
0.0968839
0.0963887
0.0958345
0.0952178
0.0945357
0.0937864
0.0929695
0.0920857
0.0911377
0.0901301
0.089069
0.0879627
0.0868206
0.0856537
0.0844737
0.0832924
0.0821218
0.0809731
0.0798565
0.0787808
0.0777536
0.0767803
0.0758652
0.0750107
0.0742179
0.0734867
0.0728158
0.0722033
0.0716465
0.0711424
0.0706875
0.0702784
0.0699114
0.0695831
0.0692901
0.069029
0.0687967
0.0685905
0.0684076
0.0682455
0.0681021
0.0679753
0.0678633
0.0677643
0.067677
0.0676
0.0675321
0.0674722
0.0674195
0.067373
0.067332
0.0672959
0.067264
0.067236
0.0672112
0.0671894
0.0671702
0.0671532
0.0671381
0.0671249
0.0671131
0.0671027
0.0670935
0.0670854
0.0670781
0.0670716
0.0670659
0.0670608
0.0670562
0.067052
0.0670483
0.067045
0.067042
0.0670392
0.0670367
0.0670345
0.0670324
0.0670305
0.0670287
0.0670271
0.0670255
0.0670241
0.0670228
0.0670215
0.0670203
0.0670192
0.0670181
0.067017
0.067016
0.0670151
0.0670141
0.0670132
0.0670123
0.0670115
0.0670106
0.0670098
0.067009
0.0670082
0.0670074
0.0670066
0.0670058
0.0670051
0.0670043
0.0670035
0.0670028
0.067002
0.0670013
0.0670006
0.0669998
0.0669991
0.0669984
0.0669976
0.0669969
0.0669962
0.0669954
0.0669947
0.066994
0.0669933
0.0669926
0.0669918
0.0669911
0.0669904
0.0669897
0.066989
0.0669882
0.0669875
0.0669868
0.0669861
0.0669854
0.0669847
0.066984
0.0669832
0.0669825
0.0669818
0.0669811
0.0669804
0.0669797
0.066979
0.0669782
0.0669775
0.0669768
0.0669761
0.0669754
0.0669747
0.066974
0.0669732
0.0669725
0.0669718
0.0669711
0.0669704
0.0669697
0.066969
0.0669683
0.0669676
0.0669668
0.0669661
0.0669654
0.0669647
0.066964
0.0669633
0.0669626
0.0669619
0.0669611
0.0669604
0.0669597
0.066959
0.0669583
0.0669576
0.0669569
0.0669562
0.0669555
0.0669548
0.066954
0.0669533
0.0669526
0.0669519
0.0669512
0.0669505
0.0669498
0.0669491
0.0669484
0.0669477
0.066947
0.0669462
0.0669455
0.0669448
0.0669441
0.0669434
0.0669427
0.066942
0.0669413
0.0669406
0.0669399
0.0669392
0.0669385
0.0669377
0.066937
0.0669363
0.0669356
0.0669349
0.0669342
0.0669335
0.0669328
0.0669321
0.0669314
0.0669307
0.06693
0.0669293
0.0669286
0.0669278
0.0669271
0.0669264
0.0669257
0.066925
0.0669243
0.0669236
0.0669229
0.0669222
0.0669215
0.0669208
0.0669201
0.0669194
0.0669187
0.066918
0.0669173
0.0669166
0.0669159
0.0669151
0.0669144
0.0669137
0.066913
0.0669123
0.0669116
0.0669109
0.0669102
0.0669095
0.0669088
0.0669081
0.0669074
0.0669067
0.066906
0.0669053
0.0669046
0.0669039
0.0669032
0.0669025
0.0669018
0.0669011
0.0669004
0.0668997
0.066899
0.0668983
0.0668976
0.0668969
0.0668962
0.0668955
0.0668947
0.066894
0.0668933
0.0668926
0.0668919
0.0668912
0.0668905
0.0668898
0.0668891
0.0668884
0.0668877
0.066887
0.0668863
0.0668856
0.0668849
0.0668842
0.0668835
0.0668828
0.0668821
0.0668814
0.0668807
0.06688
0.0668793
0.0668786
0.0668779
0.0668772
0.0668765
0.0668758
0.0668751
0.0668744
0.0668737
0.066873
0.0668723
0.0668716
0.0668709
0.0668702
0.0668695
0.0668688
0.0668681
0.0668674
0.0668667
0.066866
0.0668653
0.0668646
0.0668639
0.0668632
0.0668626
0.0668619
0.0668612
0.0668605
0.0668598
0.0668591
0.0668584
0.0668577
0.066857
0.0668563
0.0668556
0.0668549
0.0668542
0.0668535
0.0668528
0.0668521
0.0668514
0.0668507
0.06685
0.0668493
0.0668486
0.0668479
0.0668472
0.0668465
0.0668458
0.0668451
0.0668444
0.0668437
0.066843
0.0668423
0.0668417
0.066841
0.0668403
0.0668396
0.0668389
0.0668382
0.0668375
0.0668368
0.0668361
0.0668354
0.0668347
0.066834
0.0668333
0.0668326
0.0668319
0.0668312
0.0668305
0.0668298
0.0668292
0.0668285
0.0668278
0.0668271
0.0668264
0.0668257
0.066825
0.0668243
0.0668236
0.0668229
0.0668222
0.0668215
0.0668208
0.0668201
0.0668195
0.0668188
0.0668181
0.0668174
0.0668167
0.066816
0.0668153
0.0668146
0.0668139
0.0668132
0.0668125
0.0668118
0.0668111
0.0668105
0.0668098
0.0668091
0.0668084
0.0668077
0.066807
0.0668063
0.0668056
0.0668049
0.0668042
0.0668035
0.0668029
0.0668022
0.0668015
0.0668008
0.0668001
0.0667994
0.0667987
0.066798
0.0667973
0.0667966
0.066796
0.0667953
0.0667946
0.0667939
0.0667932
0.0667925
0.0667918
0.0667911
0.0667904
0.0667898
0.0667891
0.0667884
0.0667877
0.066787
0.0667863
0.0667856
0.0667849
0.0667842
0.0667836
0.0667829
0.0667822
0.0667815
0.0667808
0.0667801
0.0667794
0.0667787
0.0667781
0.0667774
0.0667767
0.066776
0.0667753
0.0667746
0.0667739
0.0667732
0.0667726
0.0667719
0.0667712
0.0667705
0.0667698
0.0667691
0.0667684
0.0667678
0.0667671
0.0667664
0.0667657
0.066765
0.0667643
0.0667636
0.066763
0.0667623
0.0667616
0.0667609
0.0667602
0.0667595
0.0667588
0.0667582
0.0667575
0.0667568
0.0667561
0.0667554
0.0667547
0.0667541
0.0667534
0.0667527
0.066752
0.0667513
0.0667506
0.0667499
0.0667493
0.0667486
0.0667479
0.0667472
0.0667465
0.0667458
0.0667452
0.0667445
0.0667438
0.0667431
0.0667424
0.0667417
0.0667411
0.0667404
0.0667397
0.066739
0.0667383
0.0667377
0.066737
0.0667363
0.0667356
0.0667349
0.0667342
0.0667336
0.0667329
0.0667322
0.0667315
0.0667308
0.0667301
0.0667295
0.0667288
0.0667281
0.0667274
0.0667267
0.0667261
0.0667254
0.0667247
0.066724
0.0667233
0.0667227
0.066722
0.0667213
0.0667206
0.0667199
0.0667193
0.0667186
0.0667179
0.0667172
0.0667165
0.0667159
0.0667152
0.0667145
0.0667138
0.0667131
0.0667125
0.0667118
0.0667111
0.0667104
0.0667097
0.0667091
0.0667084
0.0667077
0.066707
0.0667063
0.0667057
0.066705
0.0667043
0.0667036
0.066703
0.0667023
0.0667016
0.0667009
0.0667002
0.0666996
0.0666989
0.0666982
0.0666975
0.0666969
0.0666962
0.0666955
0.0666948
0.0666941
0.0666935
0.0666928
0.0666921
0.0666914
0.0666908
0.0666901
0.0666894
0.0666887
0.066688
0.0666874
0.0666867
0.066686
0.0666853
0.0666847
0.066684
0.0666833
0.0666826
0.066682
0.0666813
0.0666806
0.0666799
0.0666793
0.0666786
0.0666779
0.0666772
0.0666766
0.0666759
0.0666752
0.0666745
0.0666739
0.0666732
0.0666725
0.0666718
0.0666712
0.0666705
0.0666698
0.0666691
0.0666685
0.0666678
0.0666671
0.0666664
0.0666658
0.0666651
0.0666644
0.0666637
0.0666631
0.0666624
0.0666617
0.066661
0.0666604
0.0666597
0.066659
0.0666584
0.0666577
0.066657
0.0666563
0.0666557
0.066655
0.0666543
0.0666536
0.066653
0.0666523
0.0666516
0.066651
0.0666503
0.0666496
0.0666489
0.0666483
0.0666476
0.0666469
0.0666463
0.0666456
0.0666449
0.0666442
0.0666436
0.0666429
0.0666422
0.0666416
0.0666409
0.0666402
0.0666395
0.0666389
0.0666382
0.0666375
0.0666369
0.0666362
0.0666355
0.0666348
0.0666342
0.0666335
0.0666328
0.0666322
0.0666315
0.0666308
0.0666302
0.0666295
0.0666288
0.0666281
0.0666275
0.0666268
0.0666261
0.0666255
0.0666248
0.0666241
0.0666235
0.0666228
0.0666221
0.0666215
0.0666208
0.0666201
0.0666194
0.0666188
0.0666181
0.0666174
0.0666168
0.0666161
0.0666154
0.0666148
0.0666141
0.0666134
0.0666128
0.0666121
0.0666114
0.0666108
0.0666101
0.0666094
0.0666088
0.0666081
0.0666074
0.0666068
0.0666061
0.0666054
0.0666048
0.0666041
0.0666034
0.0666028
0.0666021
0.0666014
0.0666008
0.0666001
0.0665994
0.0665988
0.0665981
0.0665974
0.0665968
0.0665961
0.0665954
0.0665948
0.0665941
0.0665934
0.0665928
0.0665921
0.0665914
0.0665908
0.0665901
0.0665894
0.0665888
0.0665881
0.0665874
0.0665868
0.0665861
0.0665854
0.0665848
0.0665841
0.0665834
0.0665828
0.0665821
0.0665815
0.0665808
0.0665801
0.0665795
0.0665788
0.0665781
0.0665775
0.0665768
0.0665761
0.0665755
0.0665748
0.0665742
0.0665735
0.0665728
0.0665722
0.0665715
0.0665708
0.0665702
0.0665695
0.0665688
0.0665682
0.0665675
0.0665669
0.0665662
0.0665655
0.0665649
0.0665642
0.0665635
0.0665629
0.0665622
0.0665616
0.0665609
0.0665602
0.0665596
0.0665589
0.0665582
0.0665576
0.0665569
0.0665563
0.0665556
0.0665549
0.0665543
0.0665536
0.066553
0.0665523
0.0665516
0.066551
0.0665503
0.0665496
0.066549
0.0665483
0.0665477
0.066547
0.0665463
0.0665457
0.066545
0.0665444
0.0665437
0.066543
0.0665424
0.0665417
0.0665411
0.0665404
0.0665397
0.0665391
0.0665384
0.0665378
0.0665371
0.0665364
0.0665358
0.0665351
0.0665345
0.0665338
0.0665331
0.0665325
0.0665318
0.0665312
0.0665305
0.0665299
0.0665292
0.0665285
0.0665279
0.0665272
0.0665266
0.0665259
0.0665252
0.0665246
0.0665239
0.0665233
0.0665226
0.066522
0.0665213
0.0665206
0.06652
0.0665193
0.0665187
0.066518
0.0665174
0.0665167
0.066516
0.0665154
0.0665147
0.0665141
0.0665134
0.0665128
0.0665121
0.0665114
0.0665108
0.0665101
0.0665095
0.0665088
0.0665082
0.0665075
0.0665068
0.0665062
0.0665055
0.0665049
0.0665042
0.0665036
0.0665029
0.0665023
0.0665016
0.0665009
0.0665003
0.0664996
0.066499
0.0664983
0.0664977
0.066497
0.0664964
0.0664957
0.066495
0.0664944
0.0664937
0.0664931
0.0664924
0.0664918
0.0664911
0.0664905
0.0664898
0.0664892
0.0664885
0.0664878
0.0664872
0.0664865
0.0664859
0.0664852
0.0664846
0.0664839
0.0664833
0.0664826
0.066482
0.0664813
0.0664807
0.06648
0.0664793
0.0664787
0.066478
0.0664774
0.0664767
0.0664761
0.0664754
0.0664748
0.0664741
0.0664735
0.0664728
0.0664722
0.0664715
0.0664709
0.0664702
0.0664696
0.0664689
0.0664682
0.0664676
0.0664669
0.0664663
0.0664656
0.066465
0.0664643
0.0664637
0.066463
0.0664624
0.0664617
0.0664611
0.0664604
0.0664598
0.0664591
0.0664585
0.0664578
0.0664572
0.0664565
0.0664559
0.0664552
0.0664546
0.0664539
0.0664533
0.0664526
0.066452
0.0664513
0.0664507
0.06645
0.0664494
0.0664487
0.0664481
0.0664474
0.0664468
0.0664461
0.0664455
0.0664448
0.0664442
0.0664435
0.0664429
0.0664422
0.0664416
0.0664409
0.0664403
0.0664396
0.066439
0.0664383
0.0664377
0.066437
0.0664364
0.0664357
0.0664351
0.0664344
0.0664338
0.0664331
0.0664325
0.0664318
0.0664312
0.0664305
0.0664299
0.0664292
0.0664286
0.066428
0.0664273
0.0664267
0.066426
0.0664254
0.0664247
0.0664241
0.0664234
0.0664228
0.0664221
0.0664215
0.0664208
0.0664202
0.0664195
0.0664189
0.0664182
0.0664176
0.0664169
0.0664163
0.0664157
0.066415
0.0664144
0.0664137
0.0664131
0.0664124
0.0664118
0.0664111
0.0664105
0.0664098
0.0664092
0.0664085
0.0664079
0.0664073
0.0664066
0.066406
0.0664053
0.0664047
0.066404
0.0664034
0.0664027
0.0664021
0.0664014
0.0664008
0.0664002
0.0663995
0.0663989
0.0663982
0.0663976
0.0663969
0.0663963
0.0663956
0.066395
0.0663944
0.0663937
0.0663931
0.0663924
0.0663918
0.0663911
0.0663905
0.0663898
0.0663892
0.0663886
0.0663879
0.0663873
0.0663866
0.066386
0.0663853
0.0663847
0.0663841
0.0663834
0.0663828
0.0663821
0.0663815
0.0663808
0.0663802
0.0663796
0.0663789
0.0663783
0.0663776
0.066377
0.0663763
0.0663757
0.0663751
0.0663744
0.0663738
0.0663731
0.0663725
0.0663718
0.0663712
0.0663706
0.0663699
0.0663693
0.0663686
0.066368
0.0663673
0.0663667
0.0663661
0.0663654
0.0663648
0.0663641
0.0663635
0.0663629
0.0663622
0.0663616
0.0663609
0.0663603
0.0663597
0.066359
0.0663584
0.0663577
0.0663571
0.0663565
0.0663558
0.0663552
0.0663545
0.0663539
0.0663533
0.0663526
0.066352
0.0663513
0.0663507
0.0663501
0.0663494
0.0663488
0.0663481
0.0663475
0.0663469
0.0663462
0.0663456
0.0663449
0.0663443
0.0663437
0.066343
0.0663424
0.0663417
0.0663411
0.0663405
0.0663398
0.0663392
0.0663385
0.0663379
0.0663373
0.0663366
0.066336
0.0663354
0.0663347
0.0663341
0.0663334
0.0663328
0.0663322
0.0663315
0.0663309
0.0663302
0.0663296
0.066329
0.0663283
0.0663277
0.0663271
0.0663264
0.0663258
0.0663251
0.0663245
0.0663239
0.0663232
0.0663226
0.066322
0.0663213
0.0663207
0.06632
0.0663194
0.0663188
0.0663181
0.0663175
0.0663169
0.0663162
0.0663156
0.066315
0.0663143
0.0663137
0.066313
0.0663124
0.0663118
0.0663111
0.0663105
0.0663099
0.0663092
0.0663086
0.066308
0.0663073
0.0663067
0.0663061
0.0663054
0.0663048
0.0663042
0.0663035
0.0663029
0.0663022
0.0663016
0.066301
0.0663003
0.0662997
0.0662991
0.0662984
0.0662978
0.0662972
0.0662965
0.0662959
0.0662953
0.0662946
0.066294
0.0662934
0.0662927
0.0662921
0.0662915
0.0662908
0.0662902
0.0662896
0.0662889
0.0662883
0.0662877
0.066287
0.0662864
0.0662858
0.0662851
0.0662845
0.0662839
0.0662832
0.0662826
0.066282
0.0662813
0.0662807
0.0662801
0.0662794
0.0662788
0.0662782
0.0662775
0.0662769
0.0662763
0.0662756
0.066275
0.0662744
0.0662737
0.0662731
0.0662725
0.0662718
0.0662712
0.0662706
0.0662699
0.0662693
0.0662687
0.0662681
0.0662674
0.0662668
0.0662662
0.0662655
0.0662649
0.0662643
0.0662637
0.066263
0.0662624
0.0662618
0.0662612
0.0662605
0.0662599
0.0662593
0.0662587
0.0662581
0.0662575
0.0662568
0.0662562
0.0662556
0.066255
0.0662544
0.0662539
0.0662533
0.0662527
0.0662521
0.0662516
0.066251
0.0662505
0.06625
0.0662495
0.066249
0.0662485
0.0662481
0.0662477
0.0662473
0.066247
0.0662467
0.0662464
0.0662462
0.0662461
0.0662461
