903
0.101133
0.101133
0.101133
0.101132
0.101132
0.101132
0.101131
0.101131
0.101131
0.101129
0.101129
0.101129
0.101127
0.101127
0.101127
0.101124
0.101124
0.101124
0.101121
0.101121
0.101121
0.101117
0.101117
0.101117
0.101113
0.101113
0.101113
0.101109
0.101109
0.101109
0.101105
0.101105
0.101105
0.1011
0.1011
0.1011
0.101095
0.101095
0.101095
0.10109
0.10109
0.10109
0.101086
0.101086
0.101086
0.10108
0.10108
0.10108
0.101075
0.101075
0.101075
0.10107
0.10107
0.10107
0.101065
0.101065
0.101065
0.10106
0.10106
0.10106
0.101054
0.101054
0.101054
0.101049
0.101049
0.101049
0.101044
0.101044
0.101044
0.101038
0.101038
0.101038
0.101033
0.101033
0.101033
0.101027
0.101027
0.101027
0.101022
0.101022
0.101022
0.101016
0.101016
0.101016
0.101011
0.101011
0.101011
0.101005
0.101005
0.101005
0.100999
0.100999
0.100999
0.100994
0.100994
0.100994
0.100988
0.100988
0.100988
0.100983
0.100983
0.100983
0.100977
0.100977
0.100977
0.100971
0.100971
0.100971
0.100966
0.100966
0.100966
0.10096
0.10096
0.10096
0.100955
0.100955
0.100955
0.100949
0.100949
0.100949
0.100943
0.100943
0.100943
0.100938
0.100938
0.100938
0.100932
0.100932
0.100932
0.100926
0.100926
0.100926
0.100921
0.100921
0.100921
0.100915
0.100915
0.100915
0.100909
0.100909
0.100909
0.100904
0.100904
0.100904
0.100898
0.100898
0.100898
0.100892
0.100892
0.100892
0.100886
0.100886
0.100886
0.100881
0.100881
0.100881
0.100875
0.100875
0.100875
0.100869
0.100869
0.100869
0.100864
0.100864
0.100864
0.100858
0.100858
0.100858
0.100852
0.100852
0.100852
0.100846
0.100846
0.100846
0.100841
0.100841
0.100841
0.100835
0.100835
0.100835
0.100829
0.100829
0.100829
0.100823
0.100823
0.100823
0.100817
0.100817
0.100817
0.100812
0.100812
0.100812
0.100806
0.100806
0.100806
0.1008
0.1008
0.1008
0.100794
0.100794
0.100794
0.100788
0.100788
0.100788
0.100783
0.100783
0.100783
0.100777
0.100777
0.100777
0.100771
0.100771
0.100771
0.100765
0.100765
0.100765
0.100759
0.100759
0.100759
0.100753
0.100753
0.100753
0.100747
0.100747
0.100747
0.100741
0.100741
0.100741
0.100735
0.100735
0.100735
0.10073
0.10073
0.10073
0.100724
0.100724
0.100724
0.100718
0.100718
0.100718
0.100711
0.100711
0.100711
0.100705
0.100705
0.100705
0.100699
0.100699
0.100699
0.100693
0.100693
0.100693
0.100687
0.100687
0.100687
0.100681
0.100681
0.100681
0.100674
0.100674
0.100674
0.100668
0.100668
0.100668
0.100661
0.100661
0.100661
0.100655
0.100655
0.100655
0.100648
0.100648
0.100648
0.100641
0.100641
0.100641
0.100634
0.100634
0.100634
0.100627
0.100627
0.100627
0.100619
0.100619
0.100619
0.100612
0.100612
0.100612
0.100604
0.100604
0.100604
0.100595
0.100595
0.100595
0.100586
0.100586
0.100586
0.100577
0.100577
0.100577
0.100567
0.100567
0.100567
0.100557
0.100557
0.100557
0.100545
0.100545
0.100545
0.100533
0.100533
0.100533
0.10052
0.10052
0.10052
0.100505
0.100505
0.100505
0.100489
0.100489
0.100489
0.100471
0.100471
0.100471
0.100452
0.100452
0.100452
0.10043
0.10043
0.10043
0.100405
0.100405
0.100405
0.100377
0.100377
0.100377
0.100346
0.100346
0.100346
0.10031
0.10031
0.10031
0.10027
0.10027
0.10027
0.100223
0.100223
0.100223
0.10017
0.10017
0.10017
0.100109
0.100109
0.100109
0.100039
0.100039
0.100039
0.0999592
0.0999592
0.0999592
0.099867
0.099867
0.099867
0.0997609
0.0997609
0.0997609
0.0996387
0.0996387
0.0996387
0.0994983
0.0994983
0.0994983
0.0993368
0.0993368
0.0993368
0.0991513
0.0991513
0.0991513
0.0989386
0.0989386
0.0989386
0.0986949
0.0986949
0.0986949
0.0984164
0.0984164
0.0984164
0.098099
0.098099
0.098099
0.0977382
0.0977382
0.0977382
0.0973295
0.0973295
0.0973295
0.0968684
0.0968684
0.0968684
0.0963505
0.0963505
0.0963505
0.0957717
0.0957717
0.0957717
0.0951286
0.0951286
0.0951286
0.0944186
0.0944186
0.0944186
0.0936401
0.0936401
0.0936401
0.0927928
0.0927928
0.0927928
0.0918783
0.0918783
0.0918783
0.0908997
0.0908997
0.0908997
0.0898622
0.0898622
0.0898622
0.0887728
0.0887728
0.0887728
0.0876402
0.0876402
0.0876402
0.0864746
0.0864746
0.0864746
0.0852876
0.0852876
0.0852876
0.0840911
0.0840911
0.0840911
0.0828975
0.0828975
0.0828975
0.0817186
0.0817186
0.0817186
0.0805656
0.0805656
0.0805656
0.0794486
0.0794486
0.0794486
0.078376
0.078376
0.078376
0.0773549
0.0773549
0.0773549
0.0763903
0.0763903
0.0763903
0.0754858
0.0754858
0.0754858
0.0746435
0.0746435
0.0746435
0.073864
0.073864
0.073864
0.0731466
0.0731466
0.0731466
0.0724897
0.0724897
0.0724897
0.0718911
0.0718911
0.0718911
0.0713479
0.0713479
0.0713479
0.0708567
0.0708567
0.0708567
0.070414
0.070414
0.070414
0.0700162
0.0700162
0.0700162
0.0696596
0.0696596
0.0696596
0.0693408
0.0693408
0.0693408
0.0690561
0.0690561
0.0690561
0.0688025
0.0688025
0.0688025
0.0685767
0.0685767
0.0685767
0.0683761
0.0683761
0.0683761
0.0681979
0.0681979
0.0681979
0.0680397
0.0680397
0.0680397
0.0678995
0.0678995
0.0678995
0.0677751
0.0677751
0.0677751
0.0676648
0.0676648
0.0676648
0.067567
0.067567
0.067567
0.0674802
0.0674802
0.0674802
0.0674033
0.0674033
0.0674033
0.067335
0.067335
0.067335
0.0672743
0.0672743
0.0672743
0.0672202
0.0672202
0.0672202
0.0671722
0.0671722
0.0671722
0.0671293
0.0671293
0.0671293
0.0670909
0.0670909
0.0670909
0.0670567
0.0670567
0.0670567
0.0670259
0.0670259
0.0670259
0.0669982
0.0669982
0.0669982
0.0669733
0.0669733
0.0669733
0.0669508
0.0669508
0.0669508
0.0669304
0.0669304
0.0669304
0.0669118
0.0669118
0.0669118
0.0668948
0.0668948
0.0668948
0.0668793
0.0668793
0.0668793
0.066865
0.066865
0.066865
0.0668518
0.0668518
0.0668518
0.0668395
0.0668395
0.0668395
0.0668281
0.0668281
0.0668281
0.0668174
0.0668174
0.0668174
0.0668074
0.0668074
0.0668074
0.0667979
0.0667979
0.0667979
0.0667889
0.0667889
0.0667889
0.0667804
0.0667804
0.0667804
0.0667723
0.0667723
0.0667723
0.0667644
0.0667644
0.0667644
0.0667569
0.0667569
0.0667569
0.0667496
0.0667496
0.0667496
0.0667426
0.0667426
0.0667426
0.0667358
0.0667358
0.0667358
0.0667291
0.0667291
0.0667291
0.0667226
0.0667226
0.0667226
0.0667162
0.0667162
0.0667162
0.0667099
0.0667099
0.0667099
0.0667038
0.0667038
0.0667038
0.0666977
0.0666977
0.0666977
0.0666917
0.0666917
0.0666917
0.0666858
0.0666858
0.0666858
0.06668
0.06668
0.06668
0.0666742
0.0666742
0.0666742
0.0666684
0.0666684
0.0666684
0.0666628
0.0666628
0.0666628
0.0666571
0.0666571
0.0666571
0.0666515
0.0666515
0.0666515
0.0666459
0.0666459
0.0666459
0.0666403
0.0666403
0.0666403
0.0666348
0.0666348
0.0666348
0.0666293
0.0666293
0.0666293
0.0666238
0.0666238
0.0666238
0.0666183
0.0666183
0.0666183
0.0666128
0.0666128
0.0666128
0.0666074
0.0666074
0.0666074
0.0666019
0.0666019
0.0666019
0.0665965
0.0665965
0.0665965
0.0665911
0.0665911
0.0665911
0.0665857
0.0665857
0.0665857
0.0665803
0.0665803
0.0665803
0.066575
0.066575
0.066575
0.0665696
0.0665696
0.0665696
0.0665642
0.0665642
0.0665642
0.0665589
0.0665589
0.0665589
0.0665536
0.0665536
0.0665536
0.0665482
0.0665482
0.0665482
0.0665429
0.0665429
0.0665429
0.0665376
0.0665376
0.0665376
0.0665323
0.0665323
0.0665323
0.066527
0.066527
0.066527
0.0665217
0.0665217
0.0665217
0.0665164
0.0665164
0.0665164
0.0665111
0.0665111
0.0665111
0.0665058
0.0665058
0.0665058
0.0665005
0.0665005
0.0665005
0.0664953
0.0664953
0.0664953
0.06649
0.06649
0.06649
0.0664848
0.0664848
0.0664848
0.0664795
0.0664795
0.0664795
0.0664743
0.0664743
0.0664743
0.066469
0.066469
0.066469
0.0664638
0.0664638
0.0664638
0.0664586
0.0664586
0.0664586
0.0664534
0.0664534
0.0664534
0.0664482
0.0664482
0.0664482
0.0664429
0.0664429
0.0664429
0.0664378
0.0664378
0.0664378
0.0664326
0.0664326
0.0664326
0.0664274
0.0664274
0.0664274
0.0664222
0.0664222
0.0664222
0.0664171
0.0664171
0.0664171
0.0664119
0.0664119
0.0664119
0.0664068
0.0664068
0.0664068
0.0664017
0.0664017
0.0664017
0.0663965
0.0663965
0.0663965
0.0663914
0.0663914
0.0663914
0.0663864
0.0663864
0.0663864
0.0663813
0.0663813
0.0663813
0.0663763
0.0663763
0.0663763
0.0663712
0.0663712
0.0663712
0.0663662
0.0663662
0.0663662
0.0663612
0.0663612
0.0663612
0.0663563
0.0663563
0.0663563
0.0663514
0.0663514
0.0663514
0.0663465
0.0663465
0.0663465
0.0663417
0.0663417
0.0663417
0.0663369
0.0663369
0.0663369
0.0663322
0.0663322
0.0663322
0.0663275
0.0663275
0.0663275
0.0663229
0.0663229
0.0663229
0.0663184
0.0663184
0.0663184
0.0663139
0.0663139
0.0663139
0.0663096
0.0663096
0.0663096
0.0663054
0.0663054
0.0663054
0.0663013
0.0663013
0.0663013
0.0662974
0.0662974
0.0662974
0.0662937
0.0662937
0.0662937
0.0662901
0.0662901
0.0662901
0.0662868
0.0662868
0.0662868
0.0662838
0.0662838
0.0662838
0.0662811
0.0662811
0.0662811
0.0662787
0.0662787
0.0662787
0.0662768
0.0662768
0.0662768
0.0662753
0.0662753
0.0662753
0.0662743
0.0662743
0.0662743
0.066274
0.0662739
0.066274
