0.101149
0.101149
0.101148
0.101148
0.101146
0.101145
0.101143
0.101141
0.101139
0.101137
0.101135
0.101133
0.101131
0.101128
0.101126
0.101123
0.101121
0.101118
0.101116
0.101113
0.10111
0.101108
0.101105
0.101102
0.1011
0.101097
0.101094
0.101091
0.101089
0.101086
0.101083
0.10108
0.101078
0.101075
0.101072
0.101069
0.101067
0.101064
0.101061
0.101058
0.101056
0.101053
0.10105
0.101047
0.101044
0.101042
0.101039
0.101036
0.101033
0.10103
0.101028
0.101025
0.101022
0.101019
0.101017
0.101014
0.101011
0.101008
0.101005
0.101003
0.101
0.100997
0.100994
0.100991
0.100988
0.100986
0.100983
0.10098
0.100977
0.100974
0.100972
0.100969
0.100966
0.100963
0.10096
0.100958
0.100955
0.100952
0.100949
0.100946
0.100943
0.100941
0.100938
0.100935
0.100932
0.100929
0.100926
0.100924
0.100921
0.100918
0.100915
0.100912
0.100909
0.100906
0.100904
0.100901
0.100898
0.100895
0.100892
0.100889
0.100887
0.100884
0.100881
0.100878
0.100875
0.100872
0.100869
0.100866
0.100864
0.100861
0.100858
0.100855
0.100852
0.100849
0.100846
0.100844
0.100841
0.100838
0.100835
0.100832
0.100829
0.100826
0.100823
0.10082
0.100818
0.100815
0.100812
0.100809
0.100806
0.100803
0.1008
0.100797
0.100794
0.100792
0.100789
0.100786
0.100783
0.10078
0.100777
0.100774
0.100771
0.100768
0.100765
0.100762
0.10076
0.100757
0.100754
0.100751
0.100748
0.100745
0.100742
0.100739
0.100736
0.100733
0.10073
0.100727
0.100724
0.100721
0.100719
0.100716
0.100713
0.10071
0.100707
0.100704
0.100701
0.100698
0.100695
0.100692
0.100689
0.100686
0.100683
0.10068
0.100677
0.100674
0.100671
0.100668
0.100665
0.100662
0.100659
0.100656
0.100654
0.100651
0.100648
0.100645
0.100642
0.100639
0.100636
0.100633
0.10063
0.100627
0.100624
0.100621
0.100618
0.100615
0.100612
0.100609
0.100606
0.100603
0.1006
0.100597
0.100594
0.100591
0.100588
0.100585
0.100582
0.100579
0.100576
0.100573
0.10057
0.100567
0.100564
0.100561
0.100558
0.100555
0.100551
0.100548
0.100545
0.100542
0.100539
0.100536
0.100533
0.10053
0.100527
0.100524
0.100521
0.100517
0.100514
0.100511
0.100508
0.100504
0.100501
0.100498
0.100494
0.100491
0.100487
0.100483
0.100479
0.100476
0.100471
0.100467
0.100463
0.100458
0.100453
0.100448
0.100442
0.100436
0.100429
0.100422
0.100414
0.100405
0.100395
0.100384
0.100372
0.100358
0.100342
0.100324
0.100304
0.100281
0.100255
0.100225
0.10019
0.10015
0.100104
0.100051
0.0999899
0.0999193
0.0998379
0.0997438
0.0996352
0.09951
0.0993657
0.0991995
0.0990085
0.0987892
0.098538
0.0982509
0.0979238
0.0975523
0.0971318
0.096658
0.0961265
0.0955336
0.0948761
0.0941516
0.093359
0.0924985
0.0915721
0.0905834
0.0895381
0.0884436
0.0873089
0.0861446
0.0849622
0.0837736
0.082591
0.0814259
0.0802892
0.0791904
0.0781376
0.0771371
0.0761937
0.0753105
0.0744892
0.0737301
0.0730322
0.072394
0.0718129
0.071286
0.07081
0.0703813
0.0699964
0.0696517
0.0693436
0.0690688
0.0688242
0.0686067
0.0684136
0.0682422
0.0680904
0.067956
0.067837
0.0677317
0.0676386
0.0675563
0.0674834
0.067419
0.067362
0.0673116
0.0672669
0.0672273
0.0671922
0.067161
0.0671333
0.0671086
0.0670866
0.0670669
0.0670493
0.0670335
0.0670193
0.0670065
0.0669949
0.0669844
0.0669749
0.0669662
0.0669582
0.0669508
0.066944
0.0669377
0.0669318
0.0669263
0.0669211
0.0669162
0.0669116
0.0669072
0.066903
0.0668989
0.0668951
0.0668913
0.0668877
0.0668841
0.0668807
0.0668773
0.066874
0.0668708
0.0668676
0.0668645
0.0668614
0.0668583
0.0668553
0.0668523
0.0668493
0.0668463
0.0668434
0.0668405
0.0668376
0.0668347
0.0668318
0.066829
0.0668261
0.0668233
0.0668204
0.0668176
0.0668148
0.0668119
0.0668091
0.0668063
0.0668035
0.0668007
0.0667979
0.0667951
0.0667923
0.0667895
0.0667868
0.066784
0.0667812
0.0667784
0.0667756
0.0667729
0.0667701
0.0667673
0.0667645
0.0667618
0.066759
0.0667562
0.0667535
0.0667507
0.066748
0.0667452
0.0667424
0.0667397
0.0667369
0.0667342
0.0667314
0.0667287
0.0667259
0.0667232
0.0667205
0.0667177
0.066715
0.0667122
0.0667095
0.0667068
0.066704
0.0667013
0.0666985
0.0666958
0.0666931
0.0666904
0.0666876
0.0666849
0.0666822
0.0666795
0.0666767
0.066674
0.0666713
0.0666686
0.0666659
0.0666631
0.0666604
0.0666577
0.066655
0.0666523
0.0666496
0.0666469
0.0666442
0.0666415
0.0666388
0.0666361
0.0666334
0.0666307
0.066628
0.0666253
0.0666226
0.0666199
0.0666172
0.0666145
0.0666118
0.0666091
0.0666064
0.0666038
0.0666011
0.0665984
0.0665957
0.066593
0.0665904
0.0665877
0.066585
0.0665823
0.0665796
0.066577
0.0665743
0.0665716
0.066569
0.0665663
0.0665636
0.066561
0.0665583
0.0665556
0.066553
0.0665503
0.0665477
0.066545
0.0665424
0.0665397
0.066537
0.0665344
0.0665317
0.0665291
0.0665264
0.0665238
0.0665212
0.0665185
0.0665159
0.0665132
0.0665106
0.0665079
0.0665053
0.0665027
0.0665
0.0664974
0.0664948
0.0664921
0.0664895
0.0664869
0.0664842
0.0664816
0.066479
0.0664764
0.0664738
0.0664711
0.0664685
0.0664659
0.0664633
0.0664607
0.066458
0.0664554
0.0664528
0.0664502
0.0664476
0.066445
0.0664424
0.0664398
0.0664372
0.0664346
0.066432
0.0664294
0.0664268
0.0664242
0.0664216
0.066419
0.0664164
0.0664138
0.0664112
0.0664086
0.066406
0.0664034
0.0664008
0.0663982
0.0663956
0.0663931
0.0663905
0.0663879
0.0663853
0.0663827
0.0663801
0.0663776
0.066375
0.0663724
0.0663699
0.0663673
0.0663647
0.0663621
0.0663596
0.066357
0.0663544
0.0663519
0.0663493
0.0663468
0.0663442
0.0663417
0.0663391
0.0663366
0.066334
0.0663315
0.0663289
0.0663264
0.0663239
0.0663213
0.0663188
0.0663163
0.0663138
0.0663113
0.0663088
0.0663063
0.0663038
0.0663013
0.0662989
0.0662964
0.066294
0.0662916
0.0662892
0.0662868
0.0662845
0.0662821
0.0662799
0.0662776
0.0662754
0.0662733
0.0662712
0.0662692
0.0662672
0.0662653
0.0662636
0.0662619
0.0662604
0.0662591
0.0662579
0.0662569
0.0662562
0.0662557
0.0662555
