0   0.16421
1   0.1642
2   0.16419
3   0.16418
4   0.16417
5   0.16415
6   0.16414
7   0.16413
8   0.16411
9   0.1641
10   0.16409
11   0.16408
12   0.16406
13   0.16405
14   0.16404
15   0.16402
16   0.16401
17   0.164
18   0.16399
19   0.16397
20   0.16396
21   0.16395
22   0.16394
23   0.16392
24   0.16391
25   0.1639
26   0.16388
27   0.16387
28   0.16386
29   0.16384
30   0.16383
31   0.16382
32   0.1638
33   0.16379
34   0.16378
35   0.16377
36   0.16375
37   0.16374
38   0.16373
39   0.16371
40   0.1637
41   0.16369
42   0.16367
43   0.16366
44   0.16365
45   0.16364
46   0.16362
47   0.16361
48   0.1636
49   0.16358
50   0.16357
51   0.16356
52   0.16354
53   0.16353
54   0.16352
55   0.16351
56   0.16349
57   0.16348
58   0.16347
59   0.16345
60   0.16344
61   0.16343
62   0.16341
63   0.1634
64   0.16339
65   0.16338
66   0.16336
67   0.16335
68   0.16334
69   0.16332
70   0.16331
71   0.1633
72   0.16328
73   0.16327
74   0.16326
75   0.16324
76   0.16323
77   0.16322
78   0.1632
79   0.16319
80   0.16318
81   0.16317
82   0.16315
83   0.16314
84   0.16313
85   0.16311
86   0.1631
87   0.16309
88   0.16307
89   0.16306
90   0.16305
91   0.16303
92   0.16302
93   0.16301
94   0.16299
95   0.16298
96   0.16297
97   0.16296
98   0.16294
99   0.16293
100   0.16292
101   0.1629
102   0.16289
103   0.16287
104   0.16286
105   0.16285
106   0.16284
107   0.16282
108   0.16281
109   0.1628
110   0.16278
111   0.16277
112   0.16276
113   0.16274
114   0.16273
115   0.16272
116   0.1627
117   0.16269
118   0.16268
119   0.16266
120   0.16265
121   0.16264
122   0.16262
123   0.16261
124   0.1626
125   0.16258
126   0.16257
127   0.16256
128   0.16254
129   0.16253
130   0.16252
131   0.1625
132   0.16249
133   0.16248
134   0.16246
135   0.16245
136   0.16244
137   0.16242
138   0.16241
139   0.1624
140   0.16238
141   0.16237
142   0.16236
143   0.16234
144   0.16233
145   0.16232
146   0.1623
147   0.16229
148   0.16228
149   0.16226
150   0.16225
151   0.16224
152   0.16222
153   0.16221
154   0.1622
155   0.16218
156   0.16217
157   0.16216
158   0.16214
159   0.16213
160   0.16212
161   0.1621
162   0.16209
163   0.16208
164   0.16206
165   0.16205
166   0.16204
167   0.16202
168   0.16201
169   0.16199
170   0.16198
171   0.16197
172   0.16195
173   0.16194
174   0.16193
175   0.16191
176   0.1619
177   0.16189
178   0.16187
179   0.16186
180   0.16185
181   0.16183
182   0.16182
183   0.16181
184   0.16179
185   0.16178
186   0.16176
187   0.16175
188   0.16174
189   0.16172
190   0.16171
191   0.1617
192   0.16168
193   0.16167
194   0.16166
195   0.16164
196   0.16163
197   0.16162
198   0.1616
199   0.16159
200   0.16158
201   0.16156
202   0.16155
203   0.16153
204   0.16152
205   0.16151
206   0.16149
207   0.16148
208   0.16147
209   0.16145
210   0.16144
211   0.16143
212   0.16141
213   0.1614
214   0.16138
215   0.16137
216   0.16136
217   0.16134
218   0.16133
219   0.16132
220   0.1613
221   0.16129
222   0.16128
223   0.16126
224   0.16125
225   0.16124
226   0.16122
227   0.16121
228   0.16119
229   0.16118
230   0.16117
231   0.16115
232   0.16114
233   0.16113
234   0.16111
235   0.1611
236   0.16108
237   0.16107
238   0.16106
239   0.16104
240   0.16103
241   0.16102
242   0.161
243   0.16099
244   0.16097
245   0.16096
246   0.16095
247   0.16093
248   0.16092
249   0.16091
250   0.16089
251   0.16088
252   0.16086
253   0.16085
254   0.16084
255   0.16082
256   0.16081
257   0.1608
258   0.16078
259   0.16077
260   0.16075
261   0.16074
262   0.16072
263   0.16071
264   0.1607
265   0.16068
266   0.16067
267   0.16066
268   0.16064
269   0.16063
270   0.16061
271   0.1606
272   0.16059
273   0.16057
274   0.16056
275   0.16055
276   0.16053
277   0.16052
278   0.1605
279   0.16049
280   0.16048
281   0.16046
282   0.16045
283   0.16043
284   0.16042
285   0.16041
286   0.16039
287   0.16038
288   0.16036
289   0.16035
290   0.16034
291   0.16032
292   0.16031
293   0.16029
294   0.16028
295   0.16027
296   0.16025
297   0.16024
298   0.16023
299   0.16021
300   0.1602
301   0.16018
302   0.16017
303   0.16015
304   0.16014
305   0.16013
306   0.16011
307   0.1601
308   0.16008
309   0.16007
310   0.16006
311   0.16004
312   0.16003
313   0.16001
314   0.16
315   0.15999
316   0.15997
317   0.15996
318   0.15994
319   0.15993
320   0.15992
321   0.1599
322   0.15989
323   0.15987
324   0.15986
325   0.15984
326   0.15983
327   0.15982
328   0.1598
329   0.15979
330   0.15978
331   0.15976
332   0.15975
333   0.15973
334   0.15972
335   0.1597
336   0.15969
337   0.15968
338   0.15966
339   0.15965
340   0.15963
341   0.15962
342   0.1596
343   0.15959
344   0.15958
345   0.15956
346   0.15955
347   0.15953
348   0.15952
349   0.15951
350   0.15949
351   0.15948
352   0.15946
353   0.15945
354   0.15943
355   0.15942
356   0.15941
357   0.15939
358   0.15938
359   0.15936
360   0.15935
361   0.15934
362   0.15932
363   0.15931
364   0.15929
365   0.15928
366   0.15926
367   0.15925
368   0.15924
369   0.15922
370   0.15921
371   0.15919
372   0.15918
373   0.15916
374   0.15915
375   0.15913
376   0.15912
377   0.15911
378   0.15909
379   0.15908
380   0.15906
381   0.15905
382   0.15903
383   0.15902
384   0.15901
385   0.15899
386   0.15898
387   0.15896
388   0.15895
389   0.15893
390   0.15892
391   0.1589
392   0.15889
393   0.15888
394   0.15886
395   0.15885
396   0.15883
397   0.15882
398   0.1588
399   0.15879
400   0.15878
401   0.15876
402   0.15875
403   0.15873
404   0.15872
405   0.1587
406   0.15869
407   0.15867
408   0.15866
409   0.15865
410   0.15863
411   0.15862
412   0.1586
413   0.15859
414   0.15857
415   0.15856
416   0.15854
417   0.15853
418   0.15851
419   0.1585
420   0.15848
421   0.15847
422   0.15846
423   0.15844
424   0.15843
425   0.15841
426   0.1584
427   0.15838
428   0.15837
429   0.15835
430   0.15834
431   0.15833
432   0.15831
433   0.1583
434   0.15828
435   0.15827
436   0.15825
437   0.15824
438   0.15822
439   0.15821
440   0.15819
441   0.15818
442   0.15816
443   0.15815
444   0.15813
445   0.15812
446   0.15811
447   0.15809
448   0.15808
449   0.15806
450   0.15805
451   0.15803
452   0.15802
453   0.158
454   0.15799
455   0.15797
456   0.15796
457   0.15794
458   0.15793
459   0.15791
460   0.1579
461   0.15789
462   0.15787
463   0.15786
464   0.15784
465   0.15783
466   0.15781
467   0.1578
468   0.15778
469   0.15777
470   0.15775
471   0.15774
472   0.15772
473   0.15771
474   0.15769
475   0.15768
476   0.15766
477   0.15765
478   0.15763
479   0.15762
480   0.1576
481   0.15759
482   0.15757
483   0.15756
484   0.15754
485   0.15753
486   0.15752
487   0.1575
488   0.15748
489   0.15747
490   0.15745
491   0.15744
492   0.15743
493   0.15741
494   0.1574
495   0.15738
496   0.15737
497   0.15735
498   0.15734
499   0.15732
500   0.15731
501   0.15729
502   0.15728
503   0.15726
504   0.15725
505   0.15723
506   0.15722
507   0.1572
508   0.15719
509   0.15717
510   0.15716
511   0.15714
512   0.15713
513   0.15711
514   0.1571
515   0.15708
516   0.15707
517   0.15705
518   0.15704
519   0.15702
520   0.15701
521   0.15699
522   0.15698
523   0.15696
524   0.15695
525   0.15693
526   0.15692
527   0.1569
528   0.15689
529   0.15687
530   0.15686
531   0.15684
532   0.15683
533   0.15681
534   0.15679
535   0.15678
536   0.15676
537   0.15675
538   0.15673
539   0.15672
540   0.1567
541   0.15669
542   0.15667
543   0.15666
544   0.15664
545   0.15663
546   0.15661
547   0.1566
548   0.15658
549   0.15657
550   0.15655
551   0.15654
552   0.15652
553   0.15651
554   0.15649
555   0.15648
556   0.15646
557   0.15645
558   0.15643
559   0.15642
560   0.1564
561   0.15639
562   0.15637
563   0.15635
564   0.15634
565   0.15632
566   0.15631
567   0.15629
568   0.15628
569   0.15626
570   0.15625
571   0.15623
572   0.15622
573   0.1562
574   0.15619
575   0.15617
576   0.15616
577   0.15614
578   0.15612
579   0.15611
580   0.15609
581   0.15608
582   0.15606
583   0.15605
584   0.15603
585   0.15602
586   0.156
587   0.15599
588   0.15597
589   0.15596
590   0.15594
591   0.15592
592   0.15591
593   0.15589
594   0.15588
595   0.15586
596   0.15585
597   0.15583
598   0.15582
599   0.1558
600   0.15578
601   0.15577
602   0.15575
603   0.15574
604   0.15572
605   0.15571
606   0.15569
607   0.15568
608   0.15566
609   0.15565
610   0.15563
611   0.15561
612   0.1556
613   0.15558
614   0.15557
615   0.15555
616   0.15554
617   0.15552
618   0.15551
619   0.15549
620   0.15547
621   0.15546
622   0.15544
623   0.15543
624   0.15541
625   0.1554
626   0.15538
627   0.15537
628   0.15535
629   0.15533
630   0.15532
631   0.1553
632   0.15529
633   0.15527
634   0.15526
635   0.15524
636   0.15522
637   0.15521
638   0.15519
639   0.15518
640   0.15516
641   0.15515
642   0.15513
643   0.15511
644   0.1551
645   0.15508
646   0.15507
647   0.15505
648   0.15504
649   0.15502
650   0.155
651   0.15499
652   0.15497
653   0.15496
654   0.15494
655   0.15493
656   0.15491
657   0.15489
658   0.15488
659   0.15486
660   0.15485
661   0.15483
662   0.15481
663   0.1548
664   0.15478
665   0.15477
666   0.15475
667   0.15473
668   0.15472
669   0.1547
670   0.15469
671   0.15467
672   0.15465
673   0.15464
674   0.15462
675   0.15461
676   0.15459
677   0.15458
678   0.15456
679   0.15454
680   0.15453
681   0.15451
682   0.1545
683   0.15448
684   0.15446
685   0.15445
686   0.15443
687   0.15441
688   0.1544
689   0.15438
690   0.15437
691   0.15435
692   0.15434
693   0.15432
694   0.1543
695   0.15429
696   0.15427
697   0.15426
698   0.15424
699   0.15422
700   0.15421
701   0.15419
702   0.15417
703   0.15416
704   0.15414
705   0.15413
706   0.15411
707   0.15409
708   0.15408
709   0.15406
710   0.15405
711   0.15403
712   0.15401
713   0.154
714   0.15398
715   0.15396
716   0.15395
717   0.15393
718   0.15392
719   0.1539
720   0.15388
721   0.15387
722   0.15385
723   0.15383
724   0.15382
725   0.1538
726   0.15379
727   0.15377
728   0.15375
729   0.15374
730   0.15372
731   0.15371
732   0.15369
733   0.15367
734   0.15366
735   0.15364
736   0.15362
737   0.15361
738   0.15359
739   0.15357
740   0.15356
741   0.15354
742   0.15352
743   0.15351
744   0.15349
745   0.15348
746   0.15346
747   0.15344
748   0.15343
749   0.15341
750   0.15339
751   0.15338
752   0.15336
753   0.15334
754   0.15333
755   0.15331
756   0.15329
757   0.15328
758   0.15326
759   0.15325
760   0.15323
761   0.15321
762   0.1532
763   0.15318
764   0.15316
765   0.15315
766   0.15313
767   0.15311
768   0.1531
769   0.15308
770   0.15306
771   0.15305
772   0.15303
773   0.15301
774   0.153
775   0.15298
776   0.15296
777   0.15295
778   0.15293
779   0.15292
780   0.1529
781   0.15288
782   0.15286
783   0.15285
784   0.15283
785   0.15281
786   0.1528
787   0.15278
788   0.15277
789   0.15275
790   0.15273
791   0.15271
792   0.1527
793   0.15268
794   0.15266
795   0.15265
796   0.15263
797   0.15261
798   0.1526
799   0.15258
800   0.15256
801   0.15255
802   0.15253
803   0.15251
804   0.1525
805   0.15248
806   0.15246
807   0.15245
808   0.15243
809   0.15241
810   0.1524
811   0.15238
812   0.15236
813   0.15235
814   0.15233
815   0.15231
816   0.15229
817   0.15228
818   0.15226
819   0.15224
820   0.15223
821   0.15221
822   0.15219
823   0.15218
824   0.15216
825   0.15214
826   0.15213
827   0.15211
828   0.15209
829   0.15207
830   0.15206
831   0.15204
832   0.15202
833   0.15201
834   0.15199
835   0.15197
836   0.15195
837   0.15194
838   0.15192
839   0.1519
840   0.15189
841   0.15187
842   0.15185
843   0.15183
844   0.15182
845   0.1518
846   0.15178
847   0.15177
848   0.15175
849   0.15173
850   0.15172
851   0.1517
852   0.15168
853   0.15166
854   0.15165
855   0.15163
856   0.15161
857   0.15159
858   0.15158
859   0.15156
860   0.15154
861   0.15153
862   0.15151
863   0.15149
864   0.15147
865   0.15146
866   0.15144
867   0.15142
868   0.15141
869   0.15139
870   0.15137
871   0.15135
872   0.15134
873   0.15132
874   0.1513
875   0.15128
876   0.15127
877   0.15125
878   0.15123
879   0.15122
880   0.1512
881   0.15118
882   0.15116
883   0.15114
884   0.15113
885   0.15111
886   0.15109
887   0.15108
888   0.15106
889   0.15104
890   0.15102
891   0.15101
892   0.15099
893   0.15097
894   0.15095
895   0.15094
896   0.15092
897   0.1509
898   0.15088
899   0.15087
900   0.15085
901   0.15083
902   0.15081
903   0.15079
904   0.15078
905   0.15076
906   0.15074
907   0.15073
908   0.15071
909   0.15069
910   0.15067
911   0.15065
912   0.15064
913   0.15062
914   0.1506
915   0.15058
916   0.15057
917   0.15055
918   0.15053
919   0.15051
920   0.15049
921   0.15048
922   0.15046
923   0.15044
924   0.15042
925   0.15041
926   0.15039
927   0.15037
928   0.15035
929   0.15033
930   0.15032
931   0.1503
932   0.15028
933   0.15026
934   0.15025
935   0.15023
936   0.15021
937   0.15019
938   0.15018
939   0.15016
940   0.15014
941   0.15012
942   0.1501
943   0.15009
944   0.15007
945   0.15005
946   0.15003
947   0.15001
948   0.14999
949   0.14998
950   0.14996
951   0.14994
952   0.14992
953   0.14991
954   0.14989
955   0.14987
956   0.14985
957   0.14983
958   0.14981
959   0.1498
960   0.14978
961   0.14976
962   0.14974
963   0.14973
964   0.14971
965   0.14969
966   0.14967
967   0.14965
968   0.14963
969   0.14962
970   0.1496
971   0.14958
972   0.14956
973   0.14954
974   0.14953
975   0.14951
976   0.14949
977   0.14947
978   0.14945
979   0.14943
980   0.14942
981   0.1494
982   0.14938
983   0.14936
984   0.14934
985   0.14932
986   0.14931
987   0.14929
988   0.14927
989   0.14925
990   0.14923
991   0.14921
992   0.1492
993   0.14918
994   0.14916
995   0.14914
996   0.14912
997   0.1491
998   0.14909
999   0.14907
1000   0.14905
1001   0.14903
1002   0.14901
1003   0.14899
1004   0.14897
1005   0.14896
1006   0.14894
1007   0.14892
1008   0.1489
1009   0.14888
1010   0.14886
1011   0.14885
1012   0.14883
1013   0.14881
1014   0.14879
1015   0.14877
1016   0.14875
1017   0.14873
1018   0.14872
1019   0.1487
1020   0.14868
1021   0.14866
1022   0.14864
1023   0.14862
1024   0.1486
1025   0.14859
1026   0.14857
1027   0.14855
1028   0.14853
1029   0.14851
1030   0.14849
1031   0.14847
1032   0.14845
1033   0.14843
1034   0.14842
1035   0.1484
1036   0.14838
1037   0.14836
1038   0.14834
1039   0.14832
1040   0.1483
1041   0.14828
1042   0.14827
1043   0.14825
1044   0.14823
1045   0.14821
1046   0.14819
1047   0.14817
1048   0.14815
1049   0.14813
1050   0.14811
1051   0.14809
1052   0.14808
1053   0.14806
1054   0.14804
1055   0.14802
1056   0.148
1057   0.14798
1058   0.14796
1059   0.14794
1060   0.14792
1061   0.14791
1062   0.14789
1063   0.14787
1064   0.14785
1065   0.14783
1066   0.14781
1067   0.14779
1068   0.14777
1069   0.14775
1070   0.14773
1071   0.14771
1072   0.1477
1073   0.14768
1074   0.14766
1075   0.14764
1076   0.14762
1077   0.1476
1078   0.14758
1079   0.14756
1080   0.14754
1081   0.14752
1082   0.1475
1083   0.14748
1084   0.14746
1085   0.14744
1086   0.14742
1087   0.14741
1088   0.14739
1089   0.14737
1090   0.14735
1091   0.14733
1092   0.14731
1093   0.14729
1094   0.14727
1095   0.14725
1096   0.14723
1097   0.14721
1098   0.14719
1099   0.14717
1100   0.14715
1101   0.14713
1102   0.14712
1103   0.14709
1104   0.14708
1105   0.14706
1106   0.14704
1107   0.14702
1108   0.147
1109   0.14698
1110   0.14696
1111   0.14694
1112   0.14692
1113   0.1469
1114   0.14688
1115   0.14686
1116   0.14684
1117   0.14682
1118   0.1468
1119   0.14678
1120   0.14676
1121   0.14674
1122   0.14672
1123   0.1467
1124   0.14668
1125   0.14666
1126   0.14664
1127   0.14662
1128   0.1466
1129   0.14658
1130   0.14656
1131   0.14654
1132   0.14652
1133   0.1465
1134   0.14649
1135   0.14647
1136   0.14645
1137   0.14642
1138   0.1464
1139   0.14638
1140   0.14637
1141   0.14635
1142   0.14633
1143   0.1463
1144   0.14628
1145   0.14627
1146   0.14625
1147   0.14623
1148   0.1462
1149   0.14618
1150   0.14616
1151   0.14615
1152   0.14613
1153   0.14611
1154   0.14608
1155   0.14606
1156   0.14604
1157   0.14602
1158   0.146
1159   0.14598
1160   0.14596
1161   0.14594
1162   0.14592
1163   0.1459
1164   0.14588
1165   0.14586
1166   0.14584
1167   0.14582
1168   0.1458
1169   0.14578
1170   0.14576
1171   0.14574
1172   0.14572
1173   0.1457
1174   0.14568
1175   0.14566
1176   0.14564
1177   0.14562
1178   0.1456
1179   0.14558
1180   0.14556
1181   0.14554
1182   0.14552
1183   0.1455
1184   0.14548
1185   0.14546
1186   0.14543
1187   0.14541
1188   0.14539
1189   0.14537
1190   0.14535
1191   0.14533
1192   0.14531
1193   0.14529
1194   0.14527
1195   0.14525
1196   0.14523
1197   0.14521
1198   0.14519
1199   0.14517
1200   0.14515
1201   0.14513
1202   0.1451
1203   0.14508
1204   0.14506
1205   0.14504
1206   0.14502
1207   0.145
1208   0.14498
1209   0.14496
1210   0.14494
1211   0.14492
1212   0.1449
1213   0.14488
1214   0.14485
1215   0.14483
1216   0.14481
1217   0.14479
1218   0.14477
1219   0.14475
1220   0.14473
1221   0.14471
1222   0.14469
1223   0.14467
1224   0.14465
1225   0.14462
1226   0.1446
1227   0.14458
1228   0.14456
1229   0.14454
1230   0.14452
1231   0.1445
1232   0.14448
1233   0.14446
1234   0.14443
1235   0.14441
1236   0.14439
1237   0.14437
1238   0.14435
1239   0.14433
1240   0.14431
1241   0.14428
1242   0.14426
1243   0.14424
1244   0.14422
1245   0.1442
1246   0.14418
1247   0.14416
1248   0.14413
1249   0.14411
1250   0.14409
1251   0.14407
1252   0.14405
1253   0.14403
1254   0.14401
1255   0.14399
1256   0.14396
1257   0.14394
1258   0.14392
1259   0.1439
1260   0.14388
1261   0.14386
1262   0.14383
1263   0.14381
1264   0.14379
1265   0.14377
1266   0.14375
1267   0.14373
1268   0.1437
1269   0.14368
1270   0.14366
1271   0.14364
1272   0.14362
1273   0.1436
1274   0.14357
1275   0.14355
1276   0.14353
1277   0.14351
1278   0.14349
1279   0.14346
1280   0.14344
1281   0.14342
1282   0.1434
1283   0.14338
1284   0.14336
1285   0.14333
1286   0.14331
1287   0.14329
1288   0.14327
1289   0.14325
1290   0.14322
1291   0.1432
1292   0.14318
1293   0.14316
1294   0.14313
1295   0.14311
1296   0.14309
1297   0.14307
1298   0.14305
1299   0.14302
1300   0.143
1301   0.14297
1302   0.14294
1303   0.14289
1304   0.14283
1305   0.14273
1306   0.14254
1307   0.14221
1308   0.14159
1309   0.14043
1310   0.1383
1311   0.13453
1312   0.12831
1313   0.11903
1314   0.10688
1315   0.093061
1316   0.079386
1317   0.067358
1318   0.057685
1319   0.050367
1320   0.045036
1321   0.041239
1322   0.038565
1323   0.036694
1324   0.035388
1325   0.034477
1326   0.033842
1327   0.033398
1328   0.033087
1329   0.032868
1330   0.032714
1331   0.032605
1332   0.032526
1333   0.032469
1334   0.032428
1335   0.032396
1336   0.032371
1337   0.032352
1338   0.032336
1339   0.032323
1340   0.032311
1341   0.0323
1342   0.03229
1343   0.032281
1344   0.032272
1345   0.032264
1346   0.032255
1347   0.032247
1348   0.032239
1349   0.032231
1350   0.032223
1351   0.032215
1352   0.032207
1353   0.032199
1354   0.032191
1355   0.032183
1356   0.032175
1357   0.032167
1358   0.032159
1359   0.032152
1360   0.032144
1361   0.032136
1362   0.032128
1363   0.03212
1364   0.032112
1365   0.032105
1366   0.032097
1367   0.032089
1368   0.032081
1369   0.032073
1370   0.032066
1371   0.032058
1372   0.03205
1373   0.032042
1374   0.032035
1375   0.032027
1376   0.032019
1377   0.032011
1378   0.032004
1379   0.031996
1380   0.031988
1381   0.031981
1382   0.031973
1383   0.031965
1384   0.031957
1385   0.03195
1386   0.031942
1387   0.031934
1388   0.031927
1389   0.031919
1390   0.031912
1391   0.031904
1392   0.031896
1393   0.031889
1394   0.031881
1395   0.031874
1396   0.031866
1397   0.031858
1398   0.031851
1399   0.031843
1400   0.031836
1401   0.031828
1402   0.031821
1403   0.031813
1404   0.031806
1405   0.031798
1406   0.03179
1407   0.031783
1408   0.031776
1409   0.031768
1410   0.03176
1411   0.031753
1412   0.031746
1413   0.031738
1414   0.031731
1415   0.031723
1416   0.031716
1417   0.031708
1418   0.031701
1419   0.031693
1420   0.031686
1421   0.031679
1422   0.031671
1423   0.031664
1424   0.031656
1425   0.031649
1426   0.031642
1427   0.031634
1428   0.031627
1429   0.03162
1430   0.031612
1431   0.031605
1432   0.031597
1433   0.03159
1434   0.031583
1435   0.031576
1436   0.031568
1437   0.031561
1438   0.031554
1439   0.031546
1440   0.031539
1441   0.031532
1442   0.031525
1443   0.031517
1444   0.03151
1445   0.031503
1446   0.031496
1447   0.031488
1448   0.031481
1449   0.031474
1450   0.031467
1451   0.031459
1452   0.031452
1453   0.031445
1454   0.031438
1455   0.031431
1456   0.031423
1457   0.031416
1458   0.031409
1459   0.031402
1460   0.031395
1461   0.031388
1462   0.031381
1463   0.031373
1464   0.031366
1465   0.031359
1466   0.031352
1467   0.031345
1468   0.031338
1469   0.031331
1470   0.031324
1471   0.031317
1472   0.031309
1473   0.031302
1474   0.031295
1475   0.031288
1476   0.031281
1477   0.031274
1478   0.031267
1479   0.03126
1480   0.031253
1481   0.031246
1482   0.031239
1483   0.031232
1484   0.031225
1485   0.031218
1486   0.031211
1487   0.031204
1488   0.031197
1489   0.03119
1490   0.031183
1491   0.031176
1492   0.031169
1493   0.031162
1494   0.031155
1495   0.031148
1496   0.031141
1497   0.031134
1498   0.031127
1499   0.03112
1500   0.031114
1501   0.031107
1502   0.0311
1503   0.031093
1504   0.031086
1505   0.031079
1506   0.031072
1507   0.031065
1508   0.031059
1509   0.031052
1510   0.031045
1511   0.031038
1512   0.031031
1513   0.031024
1514   0.031018
1515   0.031011
1516   0.031004
1517   0.030997
1518   0.03099
1519   0.030983
1520   0.030977
1521   0.03097
1522   0.030963
1523   0.030956
1524   0.030949
1525   0.030943
1526   0.030936
1527   0.030929
1528   0.030923
1529   0.030916
1530   0.030909
1531   0.030902
1532   0.030895
1533   0.030889
1534   0.030882
1535   0.030875
1536   0.030869
1537   0.030862
1538   0.030855
1539   0.030849
1540   0.030842
1541   0.030835
1542   0.030829
1543   0.030822
1544   0.030815
1545   0.030809
1546   0.030802
1547   0.030795
1548   0.030789
1549   0.030782
1550   0.030775
1551   0.030769
1552   0.030762
1553   0.030756
1554   0.030749
1555   0.030742
1556   0.030736
1557   0.030729
1558   0.030723
1559   0.030716
1560   0.030709
1561   0.030703
1562   0.030696
1563   0.03069
1564   0.030683
1565   0.030677
1566   0.03067
1567   0.030663
1568   0.030657
1569   0.03065
1570   0.030644
1571   0.030637
1572   0.030631
1573   0.030624
1574   0.030618
1575   0.030611
1576   0.030605
1577   0.030598
1578   0.030592
1579   0.030585
1580   0.030579
1581   0.030573
1582   0.030566
1583   0.03056
1584   0.030553
1585   0.030547
1586   0.03054
1587   0.030534
1588   0.030527
1589   0.030521
1590   0.030515
1591   0.030508
1592   0.030502
1593   0.030495
1594   0.030489
1595   0.030483
1596   0.030476
1597   0.03047
1598   0.030463
1599   0.030457
1600   0.030451
1601   0.030444
1602   0.030438
1603   0.030431
1604   0.030425
1605   0.030419
1606   0.030413
1607   0.030406
1608   0.0304
1609   0.030393
1610   0.030387
1611   0.030381
1612   0.030375
1613   0.030368
1614   0.030362
1615   0.030356
1616   0.030349
1617   0.030343
1618   0.030337
1619   0.03033
1620   0.030324
1621   0.030318
1622   0.030312
1623   0.030305
1624   0.030299
1625   0.030293
1626   0.030287
1627   0.030281
1628   0.030274
1629   0.030268
1630   0.030262
1631   0.030256
1632   0.030249
1633   0.030243
1634   0.030237
1635   0.030231
1636   0.030225
1637   0.030218
1638   0.030212
1639   0.030206
1640   0.0302
1641   0.030194
1642   0.030187
1643   0.030181
1644   0.030175
1645   0.030169
1646   0.030163
1647   0.030157
1648   0.03015
1649   0.030144
1650   0.030138
1651   0.030132
1652   0.030126
1653   0.03012
1654   0.030114
1655   0.030108
1656   0.030102
1657   0.030096
1658   0.030089
1659   0.030083
1660   0.030077
1661   0.030071
1662   0.030065
1663   0.030059
1664   0.030053
1665   0.030047
1666   0.030041
1667   0.030035
1668   0.030029
1669   0.030023
1670   0.030017
1671   0.030011
1672   0.030004
1673   0.029998
1674   0.029992
1675   0.029986
1676   0.02998
1677   0.029974
1678   0.029968
1679   0.029962
1680   0.029956
1681   0.02995
1682   0.029944
1683   0.029938
1684   0.029932
1685   0.029926
1686   0.02992
1687   0.029915
1688   0.029909
1689   0.029903
1690   0.029897
1691   0.029891
1692   0.029885
1693   0.029879
1694   0.029873
1695   0.029867
1696   0.029861
1697   0.029855
1698   0.029849
1699   0.029843
1700   0.029837
1701   0.029831
1702   0.029825
1703   0.02982
1704   0.029814
1705   0.029808
1706   0.029802
1707   0.029796
1708   0.02979
1709   0.029784
1710   0.029778
1711   0.029772
1712   0.029767
1713   0.029761
1714   0.029755
1715   0.029749
1716   0.029743
1717   0.029737
1718   0.029732
1719   0.029726
1720   0.02972
1721   0.029714
1722   0.029708
1723   0.029702
1724   0.029697
1725   0.029691
1726   0.029685
1727   0.029679
1728   0.029673
1729   0.029668
1730   0.029662
1731   0.029656
1732   0.02965
1733   0.029645
1734   0.029639
1735   0.029633
1736   0.029627
1737   0.029622
1738   0.029616
1739   0.02961
1740   0.029604
1741   0.029599
1742   0.029593
1743   0.029587
1744   0.029581
1745   0.029576
1746   0.02957
1747   0.029564
1748   0.029558
1749   0.029553
1750   0.029547
1751   0.029541
1752   0.029536
1753   0.02953
1754   0.029524
1755   0.029518
1756   0.029513
1757   0.029507
1758   0.029501
1759   0.029496
1760   0.02949
1761   0.029484
1762   0.029479
1763   0.029473
1764   0.029467
1765   0.029462
1766   0.029456
1767   0.029451
1768   0.029445
1769   0.029439
1770   0.029434
1771   0.029428
1772   0.029422
1773   0.029417
1774   0.029411
1775   0.029406
1776   0.0294
1777   0.029394
1778   0.029389
1779   0.029383
1780   0.029377
1781   0.029372
1782   0.029366
1783   0.029361
1784   0.029355
1785   0.02935
1786   0.029344
1787   0.029338
1788   0.029333
1789   0.029327
1790   0.029322
1791   0.029316
1792   0.029311
1793   0.029305
1794   0.0293
1795   0.029294
1796   0.029289
1797   0.029283
1798   0.029277
1799   0.029272
1800   0.029266
1801   0.029261
1802   0.029255
1803   0.02925
1804   0.029244
1805   0.029239
1806   0.029233
1807   0.029228
1808   0.029222
1809   0.029217
1810   0.029211
1811   0.029206
1812   0.0292
1813   0.029195
1814   0.029189
1815   0.029184
1816   0.029179
1817   0.029173
1818   0.029168
1819   0.029162
1820   0.029157
1821   0.029151
1822   0.029146
1823   0.029141
1824   0.029135
1825   0.02913
1826   0.029124
1827   0.029119
1828   0.029113
1829   0.029108
1830   0.029103
1831   0.029097
1832   0.029092
1833   0.029086
1834   0.029081
1835   0.029075
1836   0.02907
1837   0.029065
1838   0.029059
1839   0.029054
1840   0.029049
1841   0.029043
1842   0.029038
1843   0.029033
1844   0.029027
1845   0.029022
1846   0.029016
1847   0.029011
1848   0.029006
1849   0.029
1850   0.028995
1851   0.02899
1852   0.028984
1853   0.028979
1854   0.028974
1855   0.028968
1856   0.028963
1857   0.028958
1858   0.028952
1859   0.028947
1860   0.028942
1861   0.028936
1862   0.028931
1863   0.028926
1864   0.028921
1865   0.028915
1866   0.02891
1867   0.028905
1868   0.0289
1869   0.028894
1870   0.028889
1871   0.028884
1872   0.028878
1873   0.028873
1874   0.028868
1875   0.028863
1876   0.028857
1877   0.028852
1878   0.028847
1879   0.028842
1880   0.028836
1881   0.028831
1882   0.028826
1883   0.028821
1884   0.028815
1885   0.02881
1886   0.028805
1887   0.0288
1888   0.028795
1889   0.028789
1890   0.028784
1891   0.028779
1892   0.028774
1893   0.028769
1894   0.028763
1895   0.028758
1896   0.028753
1897   0.028748
1898   0.028743
1899   0.028737
1900   0.028732
1901   0.028727
1902   0.028722
1903   0.028717
1904   0.028712
1905   0.028706
1906   0.028701
1907   0.028696
1908   0.028691
1909   0.028686
1910   0.028681
1911   0.028676
1912   0.02867
1913   0.028665
1914   0.02866
1915   0.028655
1916   0.02865
1917   0.028645
1918   0.02864
1919   0.028634
1920   0.028629
1921   0.028624
1922   0.028619
1923   0.028614
1924   0.028609
1925   0.028604
1926   0.028599
1927   0.028594
1928   0.028589
1929   0.028584
1930   0.028578
1931   0.028573
1932   0.028568
1933   0.028563
1934   0.028558
1935   0.028553
1936   0.028548
1937   0.028543
1938   0.028538
1939   0.028533
1940   0.028528
1941   0.028523
1942   0.028518
1943   0.028513
1944   0.028508
1945   0.028503
1946   0.028498
1947   0.028493
1948   0.028487
1949   0.028483
1950   0.028477
1951   0.028472
1952   0.028467
1953   0.028462
1954   0.028457
1955   0.028452
1956   0.028447
1957   0.028442
1958   0.028437
1959   0.028432
1960   0.028427
1961   0.028422
1962   0.028417
1963   0.028413
1964   0.028407
1965   0.028402
1966   0.028398
1967   0.028393
1968   0.028388
1969   0.028383
1970   0.028378
1971   0.028373
1972   0.028368
1973   0.028363
1974   0.028358
1975   0.028353
1976   0.028348
1977   0.028343
1978   0.028338
1979   0.028333
1980   0.028328
1981   0.028323
1982   0.028318
1983   0.028314
1984   0.028309
1985   0.028304
1986   0.028299
1987   0.028294
1988   0.028289
1989   0.028284
1990   0.028279
1991   0.028274
1992   0.028269
1993   0.028264
1994   0.02826
1995   0.028255
1996   0.02825
1997   0.028245
1998   0.02824
1999   0.028235
2000   0.02823
2001   0.028225
2002   0.028221
2003   0.028216
2004   0.028211
2005   0.028206
2006   0.028201
2007   0.028196
2008   0.028191
2009   0.028187
2010   0.028182
2011   0.028177
2012   0.028172
2013   0.028167
2014   0.028162
2015   0.028158
2016   0.028153
2017   0.028148
2018   0.028143
2019   0.028138
2020   0.028133
2021   0.028128
2022   0.028124
2023   0.028119
2024   0.028114
2025   0.028109
2026   0.028105
2027   0.0281
2028   0.028095
2029   0.02809
2030   0.028085
2031   0.028081
2032   0.028076
2033   0.028071
2034   0.028066
2035   0.028061
2036   0.028057
2037   0.028052
2038   0.028047
2039   0.028042
2040   0.028038
2041   0.028033
2042   0.028028
2043   0.028023
2044   0.028019
2045   0.028014
2046   0.028009
2047   0.028004
2048   0.027999
2049   0.027995
2050   0.02799
2051   0.027985
2052   0.027981
2053   0.027976
2054   0.027971
2055   0.027966
2056   0.027962
2057   0.027957
2058   0.027952
2059   0.027948
2060   0.027943
2061   0.027938
2062   0.027934
2063   0.027929
2064   0.027924
2065   0.027919
2066   0.027915
2067   0.02791
2068   0.027905
2069   0.027901
2070   0.027896
2071   0.027891
2072   0.027887
2073   0.027882
2074   0.027877
2075   0.027872
2076   0.027868
2077   0.027863
2078   0.027858
2079   0.027854
2080   0.027849
2081   0.027844
2082   0.02784
2083   0.027835
2084   0.027831
2085   0.027826
2086   0.027821
2087   0.027817
2088   0.027812
2089   0.027807
2090   0.027803
2091   0.027798
2092   0.027794
2093   0.027789
2094   0.027784
2095   0.02778
2096   0.027775
2097   0.02777
2098   0.027766
2099   0.027761
2100   0.027757
2101   0.027752
2102   0.027747
2103   0.027743
2104   0.027738
2105   0.027734
2106   0.027729
2107   0.027724
2108   0.02772
2109   0.027715
2110   0.027711
2111   0.027706
2112   0.027702
2113   0.027697
2114   0.027692
2115   0.027688
2116   0.027683
2117   0.027679
2118   0.027674
2119   0.02767
2120   0.027665
2121   0.027661
2122   0.027656
2123   0.027651
2124   0.027647
2125   0.027642
2126   0.027638
2127   0.027633
2128   0.027629
2129   0.027624
2130   0.02762
2131   0.027615
2132   0.02761
2133   0.027606
2134   0.027601
2135   0.027597
2136   0.027592
2137   0.027588
2138   0.027583
2139   0.027579
2140   0.027574
2141   0.02757
2142   0.027565
2143   0.027561
2144   0.027556
2145   0.027552
2146   0.027547
2147   0.027543
2148   0.027538
2149   0.027534
2150   0.027529
2151   0.027525
2152   0.027521
2153   0.027516
2154   0.027512
2155   0.027507
2156   0.027503
2157   0.027498
2158   0.027494
2159   0.027489
2160   0.027485
2161   0.02748
2162   0.027476
2163   0.027471
2164   0.027467
2165   0.027462
2166   0.027458
2167   0.027454
2168   0.027449
2169   0.027445
2170   0.02744
2171   0.027436
2172   0.027431
2173   0.027427
2174   0.027423
2175   0.027418
2176   0.027414
2177   0.027409
2178   0.027405
2179   0.0274
2180   0.027396
2181   0.027392
2182   0.027387
2183   0.027383
2184   0.027378
2185   0.027374
2186   0.02737
2187   0.027365
2188   0.027361
2189   0.027356
2190   0.027352
2191   0.027348
2192   0.027343
2193   0.027339
2194   0.027335
2195   0.02733
2196   0.027326
2197   0.027321
2198   0.027317
2199   0.027313
2200   0.027308
2201   0.027304
2202   0.027299
2203   0.027295
2204   0.027291
2205   0.027286
2206   0.027282
2207   0.027278
2208   0.027273
2209   0.027269
2210   0.027265
2211   0.02726
2212   0.027256
2213   0.027252
2214   0.027247
2215   0.027243
2216   0.027239
2217   0.027234
2218   0.02723
2219   0.027226
2220   0.027221
2221   0.027217
2222   0.027213
2223   0.027208
2224   0.027204
2225   0.0272
2226   0.027196
2227   0.027191
2228   0.027187
2229   0.027183
2230   0.027178
2231   0.027174
2232   0.02717
2233   0.027165
2234   0.027161
2235   0.027157
2236   0.027153
2237   0.027148
2238   0.027144
2239   0.02714
2240   0.027135
2241   0.027131
2242   0.027127
2243   0.027123
2244   0.027118
2245   0.027114
2246   0.02711
2247   0.027106
2248   0.027101
2249   0.027097
2250   0.027093
2251   0.027089
2252   0.027084
2253   0.02708
2254   0.027076
2255   0.027072
2256   0.027067
2257   0.027063
2258   0.027059
2259   0.027054
2260   0.02705
2261   0.027046
2262   0.027042
2263   0.027038
2264   0.027033
2265   0.027029
2266   0.027025
2267   0.027021
2268   0.027017
2269   0.027012
2270   0.027008
2271   0.027004
2272   0.027
2273   0.026995
2274   0.026991
2275   0.026987
2276   0.026983
2277   0.026979
2278   0.026974
2279   0.02697
2280   0.026966
2281   0.026962
2282   0.026958
2283   0.026953
2284   0.026949
2285   0.026945
2286   0.026941
2287   0.026937
2288   0.026933
2289   0.026928
2290   0.026924
2291   0.02692
2292   0.026916
2293   0.026912
2294   0.026908
2295   0.026903
2296   0.026899
2297   0.026895
2298   0.026891
2299   0.026887
2300   0.026883
2301   0.026879
2302   0.026874
2303   0.02687
2304   0.026866
2305   0.026862
2306   0.026858
2307   0.026854
2308   0.02685
2309   0.026845
2310   0.026841
2311   0.026837
2312   0.026833
2313   0.026829
2314   0.026825
2315   0.026821
2316   0.026817
2317   0.026812
2318   0.026808
2319   0.026804
2320   0.0268
2321   0.026796
2322   0.026792
2323   0.026788
2324   0.026784
2325   0.02678
2326   0.026775
2327   0.026771
2328   0.026767
2329   0.026763
2330   0.026759
2331   0.026755
2332   0.026751
2333   0.026747
2334   0.026743
2335   0.026739
2336   0.026734
2337   0.02673
2338   0.026726
2339   0.026722
2340   0.026718
2341   0.026714
2342   0.02671
2343   0.026706
2344   0.026702
2345   0.026698
2346   0.026694
2347   0.02669
2348   0.026686
2349   0.026682
2350   0.026678
2351   0.026674
2352   0.02667
2353   0.026665
2354   0.026661
2355   0.026657
2356   0.026653
2357   0.026649
2358   0.026645
2359   0.026641
2360   0.026637
2361   0.026633
2362   0.026629
2363   0.026625
2364   0.026621
2365   0.026617
2366   0.026613
2367   0.026609
2368   0.026605
2369   0.026601
2370   0.026597
2371   0.026593
2372   0.026589
2373   0.026585
2374   0.026581
2375   0.026577
2376   0.026573
2377   0.026569
2378   0.026565
2379   0.026561
2380   0.026557
2381   0.026553
2382   0.026549
2383   0.026545
2384   0.026541
2385   0.026537
2386   0.026533
2387   0.026529
2388   0.026525
2389   0.026521
2390   0.026517
2391   0.026513
2392   0.026509
2393   0.026505
2394   0.026501
2395   0.026497
2396   0.026493
2397   0.026489
2398   0.026485
2399   0.026481
2400   0.026477
2401   0.026473
2402   0.02647
2403   0.026466
2404   0.026462
2405   0.026458
2406   0.026454
2407   0.02645
2408   0.026446
2409   0.026442
2410   0.026438
2411   0.026434
2412   0.02643
2413   0.026426
2414   0.026422
2415   0.026418
2416   0.026414
2417   0.02641
2418   0.026407
2419   0.026403
2420   0.026399
2421   0.026395
2422   0.026391
2423   0.026387
2424   0.026383
2425   0.026379
2426   0.026375
2427   0.026371
2428   0.026367
2429   0.026363
2430   0.02636
2431   0.026356
2432   0.026352
2433   0.026348
2434   0.026344
2435   0.02634
2436   0.026336
2437   0.026332
2438   0.026328
2439   0.026324
2440   0.026321
2441   0.026317
2442   0.026313
2443   0.026309
2444   0.026305
2445   0.026301
2446   0.026297
2447   0.026293
2448   0.02629
2449   0.026286
2450   0.026282
2451   0.026278
2452   0.026274
2453   0.02627
2454   0.026267
2455   0.026263
2456   0.026259
2457   0.026255
2458   0.026251
2459   0.026247
2460   0.026243
2461   0.026239
2462   0.026236
2463   0.026232
2464   0.026228
2465   0.026224
2466   0.02622
2467   0.026216
2468   0.026213
2469   0.026209
2470   0.026205
2471   0.026201
2472   0.026197
2473   0.026193
2474   0.02619
2475   0.026186
2476   0.026182
2477   0.026178
2478   0.026174
2479   0.026171
2480   0.026167
2481   0.026163
2482   0.026159
2483   0.026155
2484   0.026152
2485   0.026148
2486   0.026144
2487   0.02614
2488   0.026136
2489   0.026132
2490   0.026129
2491   0.026125
2492   0.026121
2493   0.026117
2494   0.026114
2495   0.02611
2496   0.026106
2497   0.026102
2498   0.026098
2499   0.026095
2500   0.026091
2501   0.026087
2502   0.026083
2503   0.02608
2504   0.026076
2505   0.026072
2506   0.026068
2507   0.026064
2508   0.026061
2509   0.026057
2510   0.026053
2511   0.026049
2512   0.026046
2513   0.026042
2514   0.026038
2515   0.026034
2516   0.026031
2517   0.026027
2518   0.026023
2519   0.026019
2520   0.026016
2521   0.026012
2522   0.026008
2523   0.026004
2524   0.026001
2525   0.025997
2526   0.025993
2527   0.025989
2528   0.025986
2529   0.025982
2530   0.025978
2531   0.025975
2532   0.025971
2533   0.025967
2534   0.025963
2535   0.02596
2536   0.025956
2537   0.025952
2538   0.025949
2539   0.025945
2540   0.025941
2541   0.025937
2542   0.025934
2543   0.02593
2544   0.025926
2545   0.025922
2546   0.025919
2547   0.025915
2548   0.025911
2549   0.025908
2550   0.025904
2551   0.0259
2552   0.025897
2553   0.025893
2554   0.025889
2555   0.025886
2556   0.025882
2557   0.025878
2558   0.025874
2559   0.025871
2560   0.025867
2561   0.025863
2562   0.02586
2563   0.025856
2564   0.025852
2565   0.025849
2566   0.025845
2567   0.025841
2568   0.025838
2569   0.025834
2570   0.02583
2571   0.025827
2572   0.025823
2573   0.025819
2574   0.025816
2575   0.025812
2576   0.025808
2577   0.025805
2578   0.025801
2579   0.025797
2580   0.025794
2581   0.02579
2582   0.025787
2583   0.025783
2584   0.025779
2585   0.025776
2586   0.025772
2587   0.025768
2588   0.025765
2589   0.025761
2590   0.025757
2591   0.025754
2592   0.02575
2593   0.025747
2594   0.025743
2595   0.025739
2596   0.025736
2597   0.025732
2598   0.025728
2599   0.025725
2600   0.025721
2601   0.025718
2602   0.025714
2603   0.02571
2604   0.025707
2605   0.025703
2606   0.025699
2607   0.025696
2608   0.025692
2609   0.025689
2610   0.025685
2611   0.025681
2612   0.025678
2613   0.025674
2614   0.025671
2615   0.025667
2616   0.025664
2617   0.02566
2618   0.025656
2619   0.025653
2620   0.025649
2621   0.025646
2622   0.025642
2623   0.025638
2624   0.025635
2625   0.025631
2626   0.025628
2627   0.025624
2628   0.02562
2629   0.025617
2630   0.025613
2631   0.02561
2632   0.025606
2633   0.025603
2634   0.025599
2635   0.025595
2636   0.025592
2637   0.025588
2638   0.025585
2639   0.025581
2640   0.025578
2641   0.025574
2642   0.025571
2643   0.025567
2644   0.025564
2645   0.02556
2646   0.025556
2647   0.025553
2648   0.025549
2649   0.025546
2650   0.025542
2651   0.025539
2652   0.025535
2653   0.025532
2654   0.025528
2655   0.025525
2656   0.025521
2657   0.025517
2658   0.025514
2659   0.02551
2660   0.025507
2661   0.025503
2662   0.0255
2663   0.025496
2664   0.025493
2665   0.025489
2666   0.025486
2667   0.025482
2668   0.025479
2669   0.025475
2670   0.025472
2671   0.025468
2672   0.025465
2673   0.025461
2674   0.025458
2675   0.025454
2676   0.025451
2677   0.025447
2678   0.025444
2679   0.02544
2680   0.025437
2681   0.025433
2682   0.02543
2683   0.025426
2684   0.025423
2685   0.025419
2686   0.025416
2687   0.025412
2688   0.025409
2689   0.025405
2690   0.025402
2691   0.025398
2692   0.025395
2693   0.025391
2694   0.025388
2695   0.025384
2696   0.025381
2697   0.025377
2698   0.025374
2699   0.02537
2700   0.025367
2701   0.025364
2702   0.02536
2703   0.025357
2704   0.025353
2705   0.02535
2706   0.025346
2707   0.025343
2708   0.025339
2709   0.025336
2710   0.025332
2711   0.025329
2712   0.025325
2713   0.025322
2714   0.025319
2715   0.025315
2716   0.025312
2717   0.025308
2718   0.025305
2719   0.025301
2720   0.025298
2721   0.025294
2722   0.025291
2723   0.025288
2724   0.025284
2725   0.025281
2726   0.025277
2727   0.025274
2728   0.02527
2729   0.025267
2730   0.025264
2731   0.02526
2732   0.025257
2733   0.025253
2734   0.02525
2735   0.025246
2736   0.025243
2737   0.02524
2738   0.025236
2739   0.025233
2740   0.025229
2741   0.025226
2742   0.025223
2743   0.025219
2744   0.025216
2745   0.025212
2746   0.025209
2747   0.025206
2748   0.025202
2749   0.025199
2750   0.025195
2751   0.025192
2752   0.025189
2753   0.025185
2754   0.025182
2755   0.025178
2756   0.025175
2757   0.025172
2758   0.025168
2759   0.025165
2760   0.025161
2761   0.025158
2762   0.025155
2763   0.025151
2764   0.025148
2765   0.025145
2766   0.025141
2767   0.025138
2768   0.025135
2769   0.025131
2770   0.025128
2771   0.025124
2772   0.025121
2773   0.025118
2774   0.025114
2775   0.025111
2776   0.025107
2777   0.025104
2778   0.025101
2779   0.025097
2780   0.025094
2781   0.025091
2782   0.025087
2783   0.025084
2784   0.025081
2785   0.025077
2786   0.025074
2787   0.025071
2788   0.025067
2789   0.025064
2790   0.025061
2791   0.025057
2792   0.025054
2793   0.025051
2794   0.025047
2795   0.025044
2796   0.02504
2797   0.025037
2798   0.025034
2799   0.02503
2800   0.025027
2801   0.025024
2802   0.025021
2803   0.025017
2804   0.025014
2805   0.025011
2806   0.025007
2807   0.025004
2808   0.025001
2809   0.024997
2810   0.024994
2811   0.024991
2812   0.024987
2813   0.024984
2814   0.024981
2815   0.024977
2816   0.024974
2817   0.024971
2818   0.024967
2819   0.024964
2820   0.024961
2821   0.024958
2822   0.024954
2823   0.024951
2824   0.024948
2825   0.024944
2826   0.024941
2827   0.024938
2828   0.024934
2829   0.024931
2830   0.024928
2831   0.024924
2832   0.024921
2833   0.024918
2834   0.024915
2835   0.024911
2836   0.024908
2837   0.024905
2838   0.024902
2839   0.024898
2840   0.024895
2841   0.024892
2842   0.024888
2843   0.024885
2844   0.024882
2845   0.024879
2846   0.024875
2847   0.024872
2848   0.024869
2849   0.024866
2850   0.024862
2851   0.024859
2852   0.024856
2853   0.024852
2854   0.024849
2855   0.024846
2856   0.024843
2857   0.024839
2858   0.024836
2859   0.024833
2860   0.02483
2861   0.024826
2862   0.024823
2863   0.02482
2864   0.024817
2865   0.024813
2866   0.02481
2867   0.024807
2868   0.024804
2869   0.0248
2870   0.024797
2871   0.024794
2872   0.024791
2873   0.024788
2874   0.024784
2875   0.024781
2876   0.024778
2877   0.024774
2878   0.024771
2879   0.024768
2880   0.024765
2881   0.024762
2882   0.024758
2883   0.024755
2884   0.024752
2885   0.024749
2886   0.024745
2887   0.024742
2888   0.024739
2889   0.024736
2890   0.024733
2891   0.024729
2892   0.024726
2893   0.024723
2894   0.02472
2895   0.024717
2896   0.024713
2897   0.02471
2898   0.024707
2899   0.024704
2900   0.024701
2901   0.024697
2902   0.024694
2903   0.024691
2904   0.024688
2905   0.024684
2906   0.024681
2907   0.024678
2908   0.024675
2909   0.024672
2910   0.024668
2911   0.024665
2912   0.024662
2913   0.024659
2914   0.024656
2915   0.024653
2916   0.024649
2917   0.024646
2918   0.024643
2919   0.02464
2920   0.024637
2921   0.024634
2922   0.02463
2923   0.024627
2924   0.024624
2925   0.024621
2926   0.024618
2927   0.024614
2928   0.024611
2929   0.024608
2930   0.024605
2931   0.024602
2932   0.024599
2933   0.024595
2934   0.024592
2935   0.024589
2936   0.024586
2937   0.024583
2938   0.02458
2939   0.024577
2940   0.024573
2941   0.02457
2942   0.024567
2943   0.024564
2944   0.024561
2945   0.024558
2946   0.024554
2947   0.024551
2948   0.024548
2949   0.024545
2950   0.024542
2951   0.024539
2952   0.024535
2953   0.024532
2954   0.024529
2955   0.024526
2956   0.024523
2957   0.02452
2958   0.024517
2959   0.024514
2960   0.02451
2961   0.024507
2962   0.024504
2963   0.024501
2964   0.024498
2965   0.024495
2966   0.024492
2967   0.024489
2968   0.024485
2969   0.024482
2970   0.024479
2971   0.024476
2972   0.024473
2973   0.02447
2974   0.024467
2975   0.024464
2976   0.024461
2977   0.024457
2978   0.024454
2979   0.024451
2980   0.024448
2981   0.024445
2982   0.024442
2983   0.024439
2984   0.024436
2985   0.024433
2986   0.024429
2987   0.024426
2988   0.024423
2989   0.02442
2990   0.024417
2991   0.024414
2992   0.024411
2993   0.024408
2994   0.024405
2995   0.024402
2996   0.024399
2997   0.024397
2998   0.024394
2999   0.024393
3000   0.024392
