0   0.19373
1   0.19372
2   0.1937
3   0.19369
4   0.19367
5   0.19365
6   0.19364
7   0.19362
8   0.1936
9   0.19358
10   0.19357
11   0.19355
12   0.19353
13   0.19352
14   0.1935
15   0.19348
16   0.19347
17   0.19345
18   0.19343
19   0.19342
20   0.1934
21   0.19338
22   0.19336
23   0.19335
24   0.19333
25   0.19331
26   0.1933
27   0.19328
28   0.19326
29   0.19324
30   0.19323
31   0.19321
32   0.19319
33   0.19318
34   0.19316
35   0.19314
36   0.19313
37   0.19311
38   0.19309
39   0.19308
40   0.19306
41   0.19304
42   0.19302
43   0.19301
44   0.19299
45   0.19297
46   0.19296
47   0.19294
48   0.19292
49   0.1929
50   0.19289
51   0.19287
52   0.19285
53   0.19284
54   0.19282
55   0.1928
56   0.19278
57   0.19277
58   0.19275
59   0.19273
60   0.19272
61   0.1927
62   0.19268
63   0.19266
64   0.19265
65   0.19263
66   0.19261
67   0.1926
68   0.19258
69   0.19256
70   0.19254
71   0.19253
72   0.19251
73   0.19249
74   0.19247
75   0.19246
76   0.19244
77   0.19242
78   0.19241
79   0.19239
80   0.19237
81   0.19235
82   0.19234
83   0.19232
84   0.1923
85   0.19229
86   0.19227
87   0.19225
88   0.19223
89   0.19222
90   0.1922
91   0.19218
92   0.19216
93   0.19215
94   0.19213
95   0.19211
96   0.19209
97   0.19208
98   0.19206
99   0.19204
100   0.19203
101   0.19201
102   0.19199
103   0.19197
104   0.19196
105   0.19194
106   0.19192
107   0.1919
108   0.19189
109   0.19187
110   0.19185
111   0.19183
112   0.19182
113   0.1918
114   0.19178
115   0.19176
116   0.19175
117   0.19173
118   0.19171
119   0.1917
120   0.19168
121   0.19166
122   0.19164
123   0.19162
124   0.19161
125   0.19159
126   0.19157
127   0.19155
128   0.19154
129   0.19152
130   0.1915
131   0.19149
132   0.19147
133   0.19145
134   0.19143
135   0.19142
136   0.1914
137   0.19138
138   0.19136
139   0.19135
140   0.19133
141   0.19131
142   0.19129
143   0.19128
144   0.19126
145   0.19124
146   0.19122
147   0.19121
148   0.19119
149   0.19117
150   0.19115
151   0.19114
152   0.19112
153   0.1911
154   0.19108
155   0.19106
156   0.19105
157   0.19103
158   0.19101
159   0.19099
160   0.19098
161   0.19096
162   0.19094
163   0.19093
164   0.19091
165   0.19089
166   0.19087
167   0.19085
168   0.19084
169   0.19082
170   0.1908
171   0.19078
172   0.19077
173   0.19075
174   0.19073
175   0.19071
176   0.1907
177   0.19068
178   0.19066
179   0.19064
180   0.19062
181   0.19061
182   0.19059
183   0.19057
184   0.19055
185   0.19054
186   0.19052
187   0.1905
188   0.19048
189   0.19047
190   0.19045
191   0.19043
192   0.19041
193   0.19039
194   0.19038
195   0.19036
196   0.19034
197   0.19032
198   0.19031
199   0.19029
200   0.19027
201   0.19025
202   0.19024
203   0.19022
204   0.1902
205   0.19018
206   0.19016
207   0.19015
208   0.19013
209   0.19011
210   0.19009
211   0.19007
212   0.19006
213   0.19004
214   0.19002
215   0.19
216   0.18999
217   0.18997
218   0.18995
219   0.18993
220   0.18991
221   0.1899
222   0.18988
223   0.18986
224   0.18984
225   0.18982
226   0.18981
227   0.18979
228   0.18977
229   0.18975
230   0.18973
231   0.18972
232   0.1897
233   0.18968
234   0.18966
235   0.18965
236   0.18963
237   0.18961
238   0.18959
239   0.18957
240   0.18956
241   0.18954
242   0.18952
243   0.1895
244   0.18948
245   0.18947
246   0.18945
247   0.18943
248   0.18941
249   0.18939
250   0.18938
251   0.18936
252   0.18934
253   0.18932
254   0.1893
255   0.18929
256   0.18927
257   0.18925
258   0.18923
259   0.18921
260   0.1892
261   0.18918
262   0.18916
263   0.18914
264   0.18912
265   0.18911
266   0.18909
267   0.18907
268   0.18905
269   0.18903
270   0.18902
271   0.189
272   0.18898
273   0.18896
274   0.18894
275   0.18892
276   0.18891
277   0.18889
278   0.18887
279   0.18885
280   0.18883
281   0.18881
282   0.1888
283   0.18878
284   0.18876
285   0.18874
286   0.18872
287   0.18871
288   0.18869
289   0.18867
290   0.18865
291   0.18863
292   0.18862
293   0.1886
294   0.18858
295   0.18856
296   0.18854
297   0.18852
298   0.18851
299   0.18849
300   0.18847
301   0.18845
302   0.18843
303   0.18842
304   0.1884
305   0.18838
306   0.18836
307   0.18834
308   0.18832
309   0.18831
310   0.18829
311   0.18827
312   0.18825
313   0.18823
314   0.18821
315   0.1882
316   0.18818
317   0.18816
318   0.18814
319   0.18812
320   0.1881
321   0.18809
322   0.18807
323   0.18805
324   0.18803
325   0.18801
326   0.18799
327   0.18798
328   0.18796
329   0.18794
330   0.18792
331   0.1879
332   0.18788
333   0.18787
334   0.18785
335   0.18783
336   0.18781
337   0.18779
338   0.18777
339   0.18775
340   0.18774
341   0.18772
342   0.1877
343   0.18768
344   0.18766
345   0.18764
346   0.18763
347   0.18761
348   0.18759
349   0.18757
350   0.18755
351   0.18753
352   0.18751
353   0.1875
354   0.18748
355   0.18746
356   0.18744
357   0.18742
358   0.1874
359   0.18738
360   0.18737
361   0.18735
362   0.18733
363   0.18731
364   0.18729
365   0.18727
366   0.18725
367   0.18724
368   0.18722
369   0.1872
370   0.18718
371   0.18716
372   0.18714
373   0.18712
374   0.18711
375   0.18709
376   0.18707
377   0.18705
378   0.18703
379   0.18701
380   0.18699
381   0.18698
382   0.18696
383   0.18694
384   0.18692
385   0.1869
386   0.18688
387   0.18686
388   0.18685
389   0.18683
390   0.18681
391   0.18679
392   0.18677
393   0.18675
394   0.18673
395   0.18671
396   0.18669
397   0.18668
398   0.18666
399   0.18664
400   0.18662
401   0.1866
402   0.18658
403   0.18656
404   0.18654
405   0.18653
406   0.18651
407   0.18649
408   0.18647
409   0.18645
410   0.18643
411   0.18641
412   0.1864
413   0.18638
414   0.18636
415   0.18634
416   0.18632
417   0.1863
418   0.18628
419   0.18626
420   0.18624
421   0.18622
422   0.18621
423   0.18619
424   0.18617
425   0.18615
426   0.18613
427   0.18611
428   0.18609
429   0.18607
430   0.18606
431   0.18604
432   0.18602
433   0.186
434   0.18598
435   0.18596
436   0.18594
437   0.18592
438   0.1859
439   0.18588
440   0.18587
441   0.18585
442   0.18583
443   0.18581
444   0.18579
445   0.18577
446   0.18575
447   0.18573
448   0.18571
449   0.18569
450   0.18567
451   0.18566
452   0.18564
453   0.18562
454   0.1856
455   0.18558
456   0.18556
457   0.18554
458   0.18552
459   0.1855
460   0.18549
461   0.18547
462   0.18545
463   0.18543
464   0.18541
465   0.18539
466   0.18537
467   0.18535
468   0.18533
469   0.18531
470   0.18529
471   0.18528
472   0.18526
473   0.18524
474   0.18522
475   0.1852
476   0.18518
477   0.18516
478   0.18514
479   0.18512
480   0.1851
481   0.18508
482   0.18506
483   0.18504
484   0.18503
485   0.18501
486   0.18499
487   0.18497
488   0.18495
489   0.18493
490   0.18491
491   0.18489
492   0.18487
493   0.18485
494   0.18483
495   0.18481
496   0.18479
497   0.18477
498   0.18476
499   0.18474
500   0.18472
501   0.1847
502   0.18468
503   0.18466
504   0.18464
505   0.18462
506   0.1846
507   0.18458
508   0.18456
509   0.18454
510   0.18452
511   0.1845
512   0.18449
513   0.18447
514   0.18445
515   0.18443
516   0.18441
517   0.18439
518   0.18437
519   0.18435
520   0.18433
521   0.18431
522   0.18429
523   0.18427
524   0.18425
525   0.18423
526   0.18421
527   0.18419
528   0.18417
529   0.18415
530   0.18414
531   0.18411
532   0.1841
533   0.18408
534   0.18406
535   0.18404
536   0.18402
537   0.184
538   0.18398
539   0.18396
540   0.18394
541   0.18392
542   0.1839
543   0.18388
544   0.18386
545   0.18384
546   0.18382
547   0.1838
548   0.18378
549   0.18376
550   0.18374
551   0.18372
552   0.18371
553   0.18369
554   0.18367
555   0.18365
556   0.18363
557   0.18361
558   0.18359
559   0.18357
560   0.18355
561   0.18353
562   0.18351
563   0.18349
564   0.18347
565   0.18345
566   0.18343
567   0.18341
568   0.18339
569   0.18337
570   0.18335
571   0.18333
572   0.18331
573   0.18329
574   0.18327
575   0.18325
576   0.18323
577   0.18321
578   0.18319
579   0.18317
580   0.18315
581   0.18313
582   0.18311
583   0.18309
584   0.18307
585   0.18305
586   0.18303
587   0.18301
588   0.18299
589   0.18297
590   0.18295
591   0.18293
592   0.18292
593   0.1829
594   0.18288
595   0.18285
596   0.18283
597   0.18282
598   0.1828
599   0.18278
600   0.18276
601   0.18274
602   0.18272
603   0.1827
604   0.18268
605   0.18266
606   0.18264
607   0.18262
608   0.1826
609   0.18258
610   0.18256
611   0.18254
612   0.18252
613   0.1825
614   0.18248
615   0.18246
616   0.18244
617   0.18242
618   0.1824
619   0.18238
620   0.18236
621   0.18234
622   0.18232
623   0.1823
624   0.18228
625   0.18226
626   0.18224
627   0.18222
628   0.18219
629   0.18217
630   0.18215
631   0.18214
632   0.18212
633   0.1821
634   0.18207
635   0.18205
636   0.18203
637   0.18201
638   0.18199
639   0.18197
640   0.18195
641   0.18193
642   0.18191
643   0.18189
644   0.18187
645   0.18185
646   0.18183
647   0.18181
648   0.18179
649   0.18177
650   0.18175
651   0.18173
652   0.18171
653   0.18169
654   0.18167
655   0.18165
656   0.18163
657   0.18161
658   0.18159
659   0.18157
660   0.18155
661   0.18153
662   0.18151
663   0.18149
664   0.18147
665   0.18145
666   0.18143
667   0.18141
668   0.18139
669   0.18137
670   0.18135
671   0.18133
672   0.1813
673   0.18128
674   0.18126
675   0.18124
676   0.18122
677   0.1812
678   0.18118
679   0.18116
680   0.18114
681   0.18112
682   0.1811
683   0.18108
684   0.18106
685   0.18104
686   0.18102
687   0.181
688   0.18098
689   0.18096
690   0.18094
691   0.18092
692   0.1809
693   0.18087
694   0.18085
695   0.18083
696   0.18081
697   0.18079
698   0.18077
699   0.18075
700   0.18073
701   0.18071
702   0.18069
703   0.18067
704   0.18065
705   0.18063
706   0.18061
707   0.18059
708   0.18057
709   0.18055
710   0.18052
711   0.1805
712   0.18048
713   0.18046
714   0.18044
715   0.18042
716   0.1804
717   0.18038
718   0.18036
719   0.18034
720   0.18032
721   0.1803
722   0.18028
723   0.18025
724   0.18023
725   0.18021
726   0.18019
727   0.18017
728   0.18015
729   0.18013
730   0.18011
731   0.18009
732   0.18007
733   0.18005
734   0.18003
735   0.18
736   0.17999
737   0.17996
738   0.17994
739   0.17992
740   0.1799
741   0.17988
742   0.17986
743   0.17984
744   0.17982
745   0.1798
746   0.17978
747   0.17976
748   0.17973
749   0.17971
750   0.17969
751   0.17967
752   0.17965
753   0.17963
754   0.17961
755   0.17959
756   0.17957
757   0.17955
758   0.17952
759   0.1795
760   0.17948
761   0.17946
762   0.17944
763   0.17942
764   0.1794
765   0.17938
766   0.17936
767   0.17933
768   0.17931
769   0.17929
770   0.17927
771   0.17925
772   0.17923
773   0.17921
774   0.17919
775   0.17917
776   0.17914
777   0.17912
778   0.1791
779   0.17908
780   0.17906
781   0.17904
782   0.17902
783   0.179
784   0.17898
785   0.17895
786   0.17893
787   0.17891
788   0.17889
789   0.17887
790   0.17885
791   0.17883
792   0.17881
793   0.17878
794   0.17876
795   0.17874
796   0.17872
797   0.1787
798   0.17868
799   0.17866
800   0.17864
801   0.17861
802   0.17859
803   0.17857
804   0.17855
805   0.17853
806   0.17851
807   0.17849
808   0.17846
809   0.17844
810   0.17842
811   0.1784
812   0.17838
813   0.17836
814   0.17834
815   0.17831
816   0.17829
817   0.17827
818   0.17825
819   0.17823
820   0.17821
821   0.17819
822   0.17816
823   0.17814
824   0.17812
825   0.1781
826   0.17808
827   0.17806
828   0.17803
829   0.17801
830   0.17799
831   0.17797
832   0.17795
833   0.17793
834   0.1779
835   0.17788
836   0.17786
837   0.17784
838   0.17782
839   0.1778
840   0.17777
841   0.17775
842   0.17773
843   0.17771
844   0.17769
845   0.17767
846   0.17764
847   0.17762
848   0.1776
849   0.17758
850   0.17756
851   0.17754
852   0.17752
853   0.17749
854   0.17747
855   0.17745
856   0.17743
857   0.17741
858   0.17738
859   0.17736
860   0.17734
861   0.17732
862   0.1773
863   0.17728
864   0.17725
865   0.17723
866   0.17721
867   0.17719
868   0.17717
869   0.17714
870   0.17712
871   0.1771
872   0.17708
873   0.17706
874   0.17703
875   0.17701
876   0.17699
877   0.17697
878   0.17695
879   0.17693
880   0.1769
881   0.17688
882   0.17686
883   0.17684
884   0.17682
885   0.17679
886   0.17677
887   0.17675
888   0.17673
889   0.1767
890   0.17668
891   0.17666
892   0.17664
893   0.17662
894   0.17659
895   0.17657
896   0.17655
897   0.17653
898   0.1765
899   0.17648
900   0.17646
901   0.17644
902   0.17642
903   0.17639
904   0.17637
905   0.17635
906   0.17633
907   0.17631
908   0.17628
909   0.17626
910   0.17624
911   0.17622
912   0.17619
913   0.17617
914   0.17615
915   0.17613
916   0.1761
917   0.17608
918   0.17606
919   0.17604
920   0.17602
921   0.17599
922   0.17597
923   0.17595
924   0.17593
925   0.1759
926   0.17588
927   0.17586
928   0.17584
929   0.17582
930   0.17579
931   0.17577
932   0.17575
933   0.17572
934   0.1757
935   0.17568
936   0.17566
937   0.17563
938   0.17561
939   0.17559
940   0.17557
941   0.17555
942   0.17552
943   0.1755
944   0.17548
945   0.17546
946   0.17543
947   0.17541
948   0.17539
949   0.17537
950   0.17534
951   0.17532
952   0.1753
953   0.17527
954   0.17525
955   0.17523
956   0.17521
957   0.17518
958   0.17516
959   0.17514
960   0.17512
961   0.17509
962   0.17507
963   0.17505
964   0.17502
965   0.175
966   0.17498
967   0.17496
968   0.17493
969   0.17491
970   0.17489
971   0.17487
972   0.17484
973   0.17482
974   0.1748
975   0.17477
976   0.17475
977   0.17473
978   0.1747
979   0.17468
980   0.17466
981   0.17464
982   0.17461
983   0.17459
984   0.17457
985   0.17455
986   0.17452
987   0.1745
988   0.17448
989   0.17445
990   0.17443
991   0.17441
992   0.17438
993   0.17436
994   0.17434
995   0.17432
996   0.17429
997   0.17427
998   0.17425
999   0.17422
1000   0.1742
1001   0.17418
1002   0.17415
1003   0.17413
1004   0.17411
1005   0.17408
1006   0.17406
1007   0.17404
1008   0.17402
1009   0.17399
1010   0.17397
1011   0.17394
1012   0.17392
1013   0.1739
1014   0.17388
1015   0.17385
1016   0.17383
1017   0.1738
1018   0.17378
1019   0.17376
1020   0.17374
1021   0.17371
1022   0.17369
1023   0.17367
1024   0.17364
1025   0.17362
1026   0.1736
1027   0.17357
1028   0.17355
1029   0.17353
1030   0.1735
1031   0.17348
1032   0.17346
1033   0.17343
1034   0.17341
1035   0.17338
1036   0.17336
1037   0.17334
1038   0.17332
1039   0.17329
1040   0.17327
1041   0.17324
1042   0.17322
1043   0.1732
1044   0.17317
1045   0.17315
1046   0.17313
1047   0.1731
1048   0.17308
1049   0.17306
1050   0.17303
1051   0.17301
1052   0.17299
1053   0.17296
1054   0.17294
1055   0.17291
1056   0.17289
1057   0.17287
1058   0.17284
1059   0.17282
1060   0.1728
1061   0.17277
1062   0.17275
1063   0.17273
1064   0.1727
1065   0.17268
1066   0.17265
1067   0.17263
1068   0.17261
1069   0.17258
1070   0.17256
1071   0.17253
1072   0.17251
1073   0.17249
1074   0.17246
1075   0.17244
1076   0.17242
1077   0.17239
1078   0.17237
1079   0.17234
1080   0.17232
1081   0.1723
1082   0.17227
1083   0.17225
1084   0.17222
1085   0.1722
1086   0.17218
1087   0.17215
1088   0.17213
1089   0.1721
1090   0.17208
1091   0.17206
1092   0.17203
1093   0.17201
1094   0.17198
1095   0.17196
1096   0.17194
1097   0.17191
1098   0.17189
1099   0.17186
1100   0.17184
1101   0.17181
1102   0.17179
1103   0.17177
1104   0.17174
1105   0.17172
1106   0.17169
1107   0.17167
1108   0.17165
1109   0.17162
1110   0.1716
1111   0.17157
1112   0.17155
1113   0.17152
1114   0.1715
1115   0.17148
1116   0.17145
1117   0.17143
1118   0.1714
1119   0.17138
1120   0.17135
1121   0.17133
1122   0.17131
1123   0.17128
1124   0.17126
1125   0.17123
1126   0.17121
1127   0.17118
1128   0.17116
1129   0.17113
1130   0.17111
1131   0.17109
1132   0.17106
1133   0.17104
1134   0.17101
1135   0.17099
1136   0.17096
1137   0.17094
1138   0.17091
1139   0.17089
1140   0.17086
1141   0.17084
1142   0.17082
1143   0.17079
1144   0.17076
1145   0.17074
1146   0.17072
1147   0.17069
1148   0.17067
1149   0.17064
1150   0.17062
1151   0.17059
1152   0.17057
1153   0.17054
1154   0.17052
1155   0.17049
1156   0.17047
1157   0.17044
1158   0.17042
1159   0.17039
1160   0.17037
1161   0.17034
1162   0.17032
1163   0.1703
1164   0.17027
1165   0.17025
1166   0.17022
1167   0.17019
1168   0.17017
1169   0.17015
1170   0.17012
1171   0.17009
1172   0.17007
1173   0.17005
1174   0.17002
1175   0.16999
1176   0.16997
1177   0.16995
1178   0.16992
1179   0.16989
1180   0.16987
1181   0.16984
1182   0.16982
1183   0.1698
1184   0.16977
1185   0.16974
1186   0.16972
1187   0.16969
1188   0.16967
1189   0.16964
1190   0.16962
1191   0.16959
1192   0.16957
1193   0.16954
1194   0.16952
1195   0.16949
1196   0.16947
1197   0.16944
1198   0.16942
1199   0.16939
1200   0.16937
1201   0.16934
1202   0.16931
1203   0.16929
1204   0.16926
1205   0.16924
1206   0.16921
1207   0.16919
1208   0.16916
1209   0.16914
1210   0.16911
1211   0.16909
1212   0.16906
1213   0.16903
1214   0.16901
1215   0.16898
1216   0.16896
1217   0.16893
1218   0.16891
1219   0.16888
1220   0.16885
1221   0.16883
1222   0.1688
1223   0.16878
1224   0.16875
1225   0.16873
1226   0.1687
1227   0.16868
1228   0.16865
1229   0.16862
1230   0.1686
1231   0.16857
1232   0.16855
1233   0.16852
1234   0.16849
1235   0.16847
1236   0.16844
1237   0.16841
1238   0.16838
1239   0.16833
1240   0.16822
1241   0.16793
1242   0.16703
1243   0.16433
1244   0.15705
1245   0.14132
1246   0.1163
1247   0.087645
1248   0.062915
1249   0.045366
1250   0.034164
1251   0.027308
1252   0.02314
1253   0.020588
1254   0.019007
1255   0.018018
1256   0.017393
1257   0.016995
1258   0.016741
1259   0.016577
1260   0.016471
1261   0.016401
1262   0.016354
1263   0.016323
1264   0.016301
1265   0.016285
1266   0.016273
1267   0.016263
1268   0.016255
1269   0.016248
1270   0.016242
1271   0.016236
1272   0.01623
1273   0.016225
1274   0.016219
1275   0.016214
1276   0.016209
1277   0.016204
1278   0.016198
1279   0.016193
1280   0.016188
1281   0.016183
1282   0.016178
1283   0.016173
1284   0.016168
1285   0.016162
1286   0.016157
1287   0.016152
1288   0.016147
1289   0.016142
1290   0.016137
1291   0.016132
1292   0.016127
1293   0.016122
1294   0.016117
1295   0.016112
1296   0.016106
1297   0.016101
1298   0.016096
1299   0.016091
1300   0.016086
1301   0.016081
1302   0.016076
1303   0.016071
1304   0.016066
1305   0.016061
1306   0.016056
1307   0.016051
1308   0.016046
1309   0.016041
1310   0.016036
1311   0.016031
1312   0.016026
1313   0.016021
1314   0.016016
1315   0.016011
1316   0.016006
1317   0.016001
1318   0.015996
1319   0.015991
1320   0.015986
1321   0.015981
1322   0.015976
1323   0.015971
1324   0.015966
1325   0.015961
1326   0.015957
1327   0.015952
1328   0.015947
1329   0.015942
1330   0.015937
1331   0.015932
1332   0.015927
1333   0.015922
1334   0.015917
1335   0.015912
1336   0.015907
1337   0.015903
1338   0.015898
1339   0.015893
1340   0.015888
1341   0.015883
1342   0.015878
1343   0.015873
1344   0.015868
1345   0.015864
1346   0.015859
1347   0.015854
1348   0.015849
1349   0.015844
1350   0.01584
1351   0.015835
1352   0.01583
1353   0.015825
1354   0.01582
1355   0.015815
1356   0.015811
1357   0.015806
1358   0.015801
1359   0.015796
1360   0.015791
1361   0.015787
1362   0.015782
1363   0.015777
1364   0.015772
1365   0.015767
1366   0.015763
1367   0.015758
1368   0.015753
1369   0.015748
1370   0.015744
1371   0.015739
1372   0.015734
1373   0.015729
1374   0.015725
1375   0.01572
1376   0.015715
1377   0.015711
1378   0.015706
1379   0.015701
1380   0.015696
1381   0.015692
1382   0.015687
1383   0.015682
1384   0.015678
1385   0.015673
1386   0.015668
1387   0.015664
1388   0.015659
1389   0.015654
1390   0.015649
1391   0.015645
1392   0.01564
1393   0.015635
1394   0.015631
1395   0.015626
1396   0.015622
1397   0.015617
1398   0.015612
1399   0.015608
1400   0.015603
1401   0.015598
1402   0.015594
1403   0.015589
1404   0.015584
1405   0.01558
1406   0.015575
1407   0.015571
1408   0.015566
1409   0.015561
1410   0.015557
1411   0.015552
1412   0.015548
1413   0.015543
1414   0.015539
1415   0.015534
1416   0.015529
1417   0.015525
1418   0.01552
1419   0.015516
1420   0.015511
1421   0.015507
1422   0.015502
1423   0.015498
1424   0.015493
1425   0.015488
1426   0.015484
1427   0.015479
1428   0.015475
1429   0.01547
1430   0.015466
1431   0.015461
1432   0.015457
1433   0.015452
1434   0.015448
1435   0.015443
1436   0.015439
1437   0.015434
1438   0.01543
1439   0.015425
1440   0.015421
1441   0.015416
1442   0.015412
1443   0.015407
1444   0.015403
1445   0.015398
1446   0.015394
1447   0.01539
1448   0.015385
1449   0.015381
1450   0.015376
1451   0.015372
1452   0.015367
1453   0.015363
1454   0.015358
1455   0.015354
1456   0.015349
1457   0.015345
1458   0.015341
1459   0.015336
1460   0.015332
1461   0.015327
1462   0.015323
1463   0.015319
1464   0.015314
1465   0.01531
1466   0.015305
1467   0.015301
1468   0.015297
1469   0.015292
1470   0.015288
1471   0.015283
1472   0.015279
1473   0.015275
1474   0.01527
1475   0.015266
1476   0.015262
1477   0.015257
1478   0.015253
1479   0.015249
1480   0.015244
1481   0.01524
1482   0.015236
1483   0.015231
1484   0.015227
1485   0.015223
1486   0.015218
1487   0.015214
1488   0.01521
1489   0.015205
1490   0.015201
1491   0.015197
1492   0.015192
1493   0.015188
1494   0.015184
1495   0.015179
1496   0.015175
1497   0.015171
1498   0.015167
1499   0.015162
1500   0.015158
1501   0.015154
1502   0.01515
1503   0.015145
1504   0.015141
1505   0.015137
1506   0.015132
1507   0.015128
1508   0.015124
1509   0.01512
1510   0.015116
1511   0.015111
1512   0.015107
1513   0.015103
1514   0.015099
1515   0.015094
1516   0.01509
1517   0.015086
1518   0.015082
1519   0.015077
1520   0.015073
1521   0.015069
1522   0.015065
1523   0.015061
1524   0.015056
1525   0.015052
1526   0.015048
1527   0.015044
1528   0.01504
1529   0.015035
1530   0.015031
1531   0.015027
1532   0.015023
1533   0.015019
1534   0.015015
1535   0.01501
1536   0.015006
1537   0.015002
1538   0.014998
1539   0.014994
1540   0.01499
1541   0.014985
1542   0.014981
1543   0.014977
1544   0.014973
1545   0.014969
1546   0.014965
1547   0.014961
1548   0.014957
1549   0.014952
1550   0.014948
1551   0.014944
1552   0.01494
1553   0.014936
1554   0.014932
1555   0.014928
1556   0.014924
1557   0.014919
1558   0.014915
1559   0.014911
1560   0.014907
1561   0.014903
1562   0.014899
1563   0.014895
1564   0.014891
1565   0.014887
1566   0.014883
1567   0.014879
1568   0.014875
1569   0.014871
1570   0.014867
1571   0.014862
1572   0.014858
1573   0.014854
1574   0.01485
1575   0.014846
1576   0.014842
1577   0.014838
1578   0.014834
1579   0.01483
1580   0.014826
1581   0.014822
1582   0.014818
1583   0.014814
1584   0.01481
1585   0.014806
1586   0.014802
1587   0.014798
1588   0.014794
1589   0.01479
1590   0.014786
1591   0.014782
1592   0.014778
1593   0.014774
1594   0.01477
1595   0.014766
1596   0.014762
1597   0.014758
1598   0.014754
1599   0.01475
1600   0.014746
1601   0.014742
1602   0.014738
1603   0.014734
1604   0.01473
1605   0.014726
1606   0.014722
1607   0.014718
1608   0.014714
1609   0.01471
1610   0.014706
1611   0.014702
1612   0.014699
1613   0.014695
1614   0.014691
1615   0.014687
1616   0.014683
1617   0.014679
1618   0.014675
1619   0.014671
1620   0.014667
1621   0.014663
1622   0.014659
1623   0.014655
1624   0.014652
1625   0.014648
1626   0.014644
1627   0.01464
1628   0.014636
1629   0.014632
1630   0.014628
1631   0.014624
1632   0.01462
1633   0.014617
1634   0.014613
1635   0.014609
1636   0.014605
1637   0.014601
1638   0.014597
1639   0.014593
1640   0.014589
1641   0.014586
1642   0.014582
1643   0.014578
1644   0.014574
1645   0.01457
1646   0.014566
1647   0.014562
1648   0.014559
1649   0.014555
1650   0.014551
1651   0.014547
1652   0.014543
1653   0.014539
1654   0.014536
1655   0.014532
1656   0.014528
1657   0.014524
1658   0.01452
1659   0.014517
1660   0.014513
1661   0.014509
1662   0.014505
1663   0.014501
1664   0.014498
1665   0.014494
1666   0.01449
1667   0.014486
1668   0.014483
1669   0.014479
1670   0.014475
1671   0.014471
1672   0.014467
1673   0.014464
1674   0.01446
1675   0.014456
1676   0.014452
1677   0.014449
1678   0.014445
1679   0.014441
1680   0.014437
1681   0.014434
1682   0.01443
1683   0.014426
1684   0.014422
1685   0.014418
1686   0.014415
1687   0.014411
1688   0.014407
1689   0.014404
1690   0.0144
1691   0.014396
1692   0.014392
1693   0.014389
1694   0.014385
1695   0.014381
1696   0.014377
1697   0.014374
1698   0.01437
1699   0.014366
1700   0.014363
1701   0.014359
1702   0.014355
1703   0.014352
1704   0.014348
1705   0.014344
1706   0.014341
1707   0.014337
1708   0.014333
1709   0.014329
1710   0.014326
1711   0.014322
1712   0.014318
1713   0.014315
1714   0.014311
1715   0.014307
1716   0.014304
1717   0.0143
1718   0.014297
1719   0.014293
1720   0.014289
1721   0.014286
1722   0.014282
1723   0.014278
1724   0.014275
1725   0.014271
1726   0.014267
1727   0.014264
1728   0.01426
1729   0.014256
1730   0.014253
1731   0.014249
1732   0.014245
1733   0.014242
1734   0.014238
1735   0.014235
1736   0.014231
1737   0.014227
1738   0.014224
1739   0.01422
1740   0.014217
1741   0.014213
1742   0.014209
1743   0.014206
1744   0.014202
1745   0.014199
1746   0.014195
1747   0.014191
1748   0.014188
1749   0.014184
1750   0.014181
1751   0.014177
1752   0.014174
1753   0.01417
1754   0.014166
1755   0.014163
1756   0.014159
1757   0.014156
1758   0.014152
1759   0.014148
1760   0.014145
1761   0.014141
1762   0.014138
1763   0.014134
1764   0.014131
1765   0.014127
1766   0.014124
1767   0.01412
1768   0.014117
1769   0.014113
1770   0.014109
1771   0.014106
1772   0.014102
1773   0.014099
1774   0.014095
1775   0.014092
1776   0.014088
1777   0.014085
1778   0.014081
1779   0.014078
1780   0.014074
1781   0.014071
1782   0.014067
1783   0.014064
1784   0.01406
1785   0.014057
1786   0.014053
1787   0.01405
1788   0.014046
1789   0.014043
1790   0.014039
1791   0.014036
1792   0.014032
1793   0.014029
1794   0.014025
1795   0.014022
1796   0.014018
1797   0.014015
1798   0.014012
1799   0.014008
1800   0.014004
1801   0.014001
1802   0.013998
1803   0.013994
1804   0.013991
1805   0.013987
1806   0.013984
1807   0.01398
1808   0.013977
1809   0.013973
1810   0.01397
1811   0.013966
1812   0.013963
1813   0.01396
1814   0.013956
1815   0.013953
1816   0.013949
1817   0.013946
1818   0.013942
1819   0.013939
1820   0.013936
1821   0.013932
1822   0.013929
1823   0.013925
1824   0.013922
1825   0.013919
1826   0.013915
1827   0.013912
1828   0.013908
1829   0.013905
1830   0.013902
1831   0.013898
1832   0.013895
1833   0.013891
1834   0.013888
1835   0.013885
1836   0.013881
1837   0.013878
1838   0.013874
1839   0.013871
1840   0.013868
1841   0.013864
1842   0.013861
1843   0.013857
1844   0.013854
1845   0.013851
1846   0.013847
1847   0.013844
1848   0.013841
1849   0.013837
1850   0.013834
1851   0.013831
1852   0.013827
1853   0.013824
1854   0.013821
1855   0.013817
1856   0.013814
1857   0.01381
1858   0.013807
1859   0.013804
1860   0.0138
1861   0.013797
1862   0.013794
1863   0.013791
1864   0.013787
1865   0.013784
1866   0.01378
1867   0.013777
1868   0.013774
1869   0.013771
1870   0.013767
1871   0.013764
1872   0.013761
1873   0.013757
1874   0.013754
1875   0.013751
1876   0.013747
1877   0.013744
1878   0.013741
1879   0.013737
1880   0.013734
1881   0.013731
1882   0.013728
1883   0.013724
1884   0.013721
1885   0.013718
1886   0.013714
1887   0.013711
1888   0.013708
1889   0.013705
1890   0.013701
1891   0.013698
1892   0.013695
1893   0.013691
1894   0.013688
1895   0.013685
1896   0.013682
1897   0.013678
1898   0.013675
1899   0.013672
1900   0.013669
1901   0.013665
1902   0.013662
1903   0.013659
1904   0.013656
1905   0.013652
1906   0.013649
1907   0.013646
1908   0.013643
1909   0.013639
1910   0.013636
1911   0.013633
1912   0.01363
1913   0.013627
1914   0.013623
1915   0.01362
1916   0.013617
1917   0.013614
1918   0.01361
1919   0.013607
1920   0.013604
1921   0.013601
1922   0.013597
1923   0.013594
1924   0.013591
1925   0.013588
1926   0.013585
1927   0.013581
1928   0.013578
1929   0.013575
1930   0.013572
1931   0.013569
1932   0.013566
1933   0.013562
1934   0.013559
1935   0.013556
1936   0.013553
1937   0.01355
1938   0.013546
1939   0.013543
1940   0.01354
1941   0.013537
1942   0.013534
1943   0.01353
1944   0.013527
1945   0.013524
1946   0.013521
1947   0.013518
1948   0.013515
1949   0.013511
1950   0.013508
1951   0.013505
1952   0.013502
1953   0.013499
1954   0.013496
1955   0.013493
1956   0.013489
1957   0.013486
1958   0.013483
1959   0.01348
1960   0.013477
1961   0.013474
1962   0.01347
1963   0.013467
1964   0.013464
1965   0.013461
1966   0.013458
1967   0.013455
1968   0.013452
1969   0.013449
1970   0.013446
1971   0.013442
1972   0.013439
1973   0.013436
1974   0.013433
1975   0.01343
1976   0.013427
1977   0.013424
1978   0.013421
1979   0.013418
1980   0.013414
1981   0.013411
1982   0.013408
1983   0.013405
1984   0.013402
1985   0.013399
1986   0.013396
1987   0.013393
1988   0.01339
1989   0.013387
1990   0.013383
1991   0.01338
1992   0.013377
1993   0.013374
1994   0.013371
1995   0.013368
1996   0.013365
1997   0.013362
1998   0.013359
1999   0.013356
2000   0.013353
2001   0.01335
2002   0.013346
2003   0.013343
2004   0.01334
2005   0.013337
2006   0.013334
2007   0.013331
2008   0.013328
2009   0.013325
2010   0.013322
2011   0.013319
2012   0.013316
2013   0.013313
2014   0.01331
2015   0.013307
2016   0.013304
2017   0.013301
2018   0.013298
2019   0.013295
2020   0.013292
2021   0.013289
2022   0.013286
2023   0.013283
2024   0.01328
2025   0.013276
2026   0.013273
2027   0.013271
2028   0.013267
2029   0.013264
2030   0.013261
2031   0.013258
2032   0.013255
2033   0.013252
2034   0.013249
2035   0.013246
2036   0.013243
2037   0.01324
2038   0.013237
2039   0.013234
2040   0.013231
2041   0.013228
2042   0.013225
2043   0.013222
2044   0.013219
2045   0.013216
2046   0.013213
2047   0.01321
2048   0.013207
2049   0.013204
2050   0.013201
2051   0.013198
2052   0.013195
2053   0.013192
2054   0.01319
2055   0.013187
2056   0.013184
2057   0.013181
2058   0.013178
2059   0.013175
2060   0.013172
2061   0.013169
2062   0.013166
2063   0.013163
2064   0.01316
2065   0.013157
2066   0.013154
2067   0.013151
2068   0.013148
2069   0.013145
2070   0.013142
2071   0.013139
2072   0.013136
2073   0.013133
2074   0.01313
2075   0.013128
2076   0.013125
2077   0.013122
2078   0.013119
2079   0.013116
2080   0.013113
2081   0.01311
2082   0.013107
2083   0.013104
2084   0.013101
2085   0.013098
2086   0.013095
2087   0.013092
2088   0.013089
2089   0.013086
2090   0.013084
2091   0.013081
2092   0.013078
2093   0.013075
2094   0.013072
2095   0.013069
2096   0.013066
2097   0.013063
2098   0.01306
2099   0.013057
2100   0.013055
2101   0.013052
2102   0.013049
2103   0.013046
2104   0.013043
2105   0.01304
2106   0.013037
2107   0.013034
2108   0.013031
2109   0.013028
2110   0.013026
2111   0.013023
2112   0.01302
2113   0.013017
2114   0.013014
2115   0.013011
2116   0.013008
2117   0.013005
2118   0.013003
2119   0.013
2120   0.012997
2121   0.012994
2122   0.012991
2123   0.012988
2124   0.012985
2125   0.012982
2126   0.01298
2127   0.012977
2128   0.012974
2129   0.012971
2130   0.012968
2131   0.012965
2132   0.012963
2133   0.01296
2134   0.012957
2135   0.012954
2136   0.012951
2137   0.012948
2138   0.012946
2139   0.012943
2140   0.01294
2141   0.012937
2142   0.012934
2143   0.012931
2144   0.012928
2145   0.012926
2146   0.012923
2147   0.01292
2148   0.012917
2149   0.012914
2150   0.012912
2151   0.012909
2152   0.012906
2153   0.012903
2154   0.0129
2155   0.012897
2156   0.012895
2157   0.012892
2158   0.012889
2159   0.012886
2160   0.012884
2161   0.012881
2162   0.012878
2163   0.012875
2164   0.012872
2165   0.012869
2166   0.012867
2167   0.012864
2168   0.012861
2169   0.012858
2170   0.012855
2171   0.012853
2172   0.01285
2173   0.012847
2174   0.012844
2175   0.012842
2176   0.012839
2177   0.012836
2178   0.012833
2179   0.01283
2180   0.012828
2181   0.012825
2182   0.012822
2183   0.012819
2184   0.012817
2185   0.012814
2186   0.012811
2187   0.012808
2188   0.012806
2189   0.012803
2190   0.0128
2191   0.012797
2192   0.012795
2193   0.012792
2194   0.012789
2195   0.012786
2196   0.012784
2197   0.012781
2198   0.012778
2199   0.012775
2200   0.012772
2201   0.01277
2202   0.012767
2203   0.012764
2204   0.012761
2205   0.012759
2206   0.012756
2207   0.012753
2208   0.012751
2209   0.012748
2210   0.012745
2211   0.012742
2212   0.01274
2213   0.012737
2214   0.012734
2215   0.012731
2216   0.012729
2217   0.012726
2218   0.012723
2219   0.012721
2220   0.012718
2221   0.012715
2222   0.012713
2223   0.01271
2224   0.012707
2225   0.012704
2226   0.012702
2227   0.012699
2228   0.012696
2229   0.012694
2230   0.012691
2231   0.012688
2232   0.012685
2233   0.012683
2234   0.01268
2235   0.012677
2236   0.012675
2237   0.012672
2238   0.012669
2239   0.012667
2240   0.012664
2241   0.012661
2242   0.012659
2243   0.012656
2244   0.012653
2245   0.012651
2246   0.012648
2247   0.012645
2248   0.012642
2249   0.01264
2250   0.012637
2251   0.012634
2252   0.012632
2253   0.012629
2254   0.012626
2255   0.012624
2256   0.012621
2257   0.012618
2258   0.012616
2259   0.012613
2260   0.01261
2261   0.012608
2262   0.012605
2263   0.012602
2264   0.0126
2265   0.012597
2266   0.012594
2267   0.012592
2268   0.012589
2269   0.012586
2270   0.012584
2271   0.012581
2272   0.012579
2273   0.012576
2274   0.012573
2275   0.012571
2276   0.012568
2277   0.012565
2278   0.012563
2279   0.01256
2280   0.012558
2281   0.012555
2282   0.012552
2283   0.01255
2284   0.012547
2285   0.012544
2286   0.012542
2287   0.012539
2288   0.012536
2289   0.012534
2290   0.012531
2291   0.012529
2292   0.012526
2293   0.012523
2294   0.012521
2295   0.012518
2296   0.012516
2297   0.012513
2298   0.01251
2299   0.012508
2300   0.012505
2301   0.012502
2302   0.0125
2303   0.012497
2304   0.012495
2305   0.012492
2306   0.01249
2307   0.012487
2308   0.012484
2309   0.012482
2310   0.012479
2311   0.012477
2312   0.012474
2313   0.012471
2314   0.012469
2315   0.012466
2316   0.012464
2317   0.012461
2318   0.012459
2319   0.012456
2320   0.012453
2321   0.012451
2322   0.012448
2323   0.012446
2324   0.012443
2325   0.01244
2326   0.012438
2327   0.012435
2328   0.012433
2329   0.01243
2330   0.012428
2331   0.012425
2332   0.012423
2333   0.01242
2334   0.012417
2335   0.012415
2336   0.012412
2337   0.01241
2338   0.012407
2339   0.012404
2340   0.012402
2341   0.012399
2342   0.012397
2343   0.012394
2344   0.012392
2345   0.012389
2346   0.012387
2347   0.012384
2348   0.012382
2349   0.012379
2350   0.012377
2351   0.012374
2352   0.012371
2353   0.012369
2354   0.012366
2355   0.012364
2356   0.012361
2357   0.012359
2358   0.012356
2359   0.012354
2360   0.012351
2361   0.012349
2362   0.012346
2363   0.012344
2364   0.012341
2365   0.012339
2366   0.012336
2367   0.012334
2368   0.012331
2369   0.012328
2370   0.012326
2371   0.012323
2372   0.012321
2373   0.012318
2374   0.012316
2375   0.012313
2376   0.012311
2377   0.012308
2378   0.012306
2379   0.012303
2380   0.012301
2381   0.012298
2382   0.012296
2383   0.012293
2384   0.012291
2385   0.012288
2386   0.012286
2387   0.012283
2388   0.012281
2389   0.012278
2390   0.012276
2391   0.012273
2392   0.012271
2393   0.012269
2394   0.012266
2395   0.012264
2396   0.012261
2397   0.012258
2398   0.012256
2399   0.012254
2400   0.012251
2401   0.012249
2402   0.012246
2403   0.012244
2404   0.012241
2405   0.012239
2406   0.012236
2407   0.012234
2408   0.012231
2409   0.012229
2410   0.012226
2411   0.012224
2412   0.012222
2413   0.012219
2414   0.012217
2415   0.012214
2416   0.012212
2417   0.012209
2418   0.012207
2419   0.012204
2420   0.012202
2421   0.012199
2422   0.012197
2423   0.012194
2424   0.012192
2425   0.01219
2426   0.012187
2427   0.012185
2428   0.012182
2429   0.01218
2430   0.012177
2431   0.012175
2432   0.012172
2433   0.01217
2434   0.012168
2435   0.012165
2436   0.012163
2437   0.01216
2438   0.012158
2439   0.012155
2440   0.012153
2441   0.01215
2442   0.012148
2443   0.012146
2444   0.012143
2445   0.012141
2446   0.012138
2447   0.012136
2448   0.012134
2449   0.012131
2450   0.012129
2451   0.012126
2452   0.012124
2453   0.012122
2454   0.012119
2455   0.012117
2456   0.012114
2457   0.012112
2458   0.012109
2459   0.012107
2460   0.012105
2461   0.012102
2462   0.0121
2463   0.012097
2464   0.012095
2465   0.012093
2466   0.01209
2467   0.012088
2468   0.012085
2469   0.012083
2470   0.012081
2471   0.012078
2472   0.012076
2473   0.012073
2474   0.012071
2475   0.012069
2476   0.012066
2477   0.012064
2478   0.012061
2479   0.012059
2480   0.012057
2481   0.012054
2482   0.012052
2483   0.01205
2484   0.012047
2485   0.012045
2486   0.012042
2487   0.01204
2488   0.012038
2489   0.012035
2490   0.012033
2491   0.012031
2492   0.012028
2493   0.012026
2494   0.012024
2495   0.012021
2496   0.012019
2497   0.012016
2498   0.012014
2499   0.012012
2500   0.012009
2501   0.012007
2502   0.012005
2503   0.012002
2504   0.012
2505   0.011998
2506   0.011995
2507   0.011993
2508   0.01199
2509   0.011988
2510   0.011986
2511   0.011983
2512   0.011981
2513   0.011979
2514   0.011976
2515   0.011974
2516   0.011972
2517   0.011969
2518   0.011967
2519   0.011965
2520   0.011962
2521   0.01196
2522   0.011958
2523   0.011955
2524   0.011953
2525   0.011951
2526   0.011948
2527   0.011946
2528   0.011944
2529   0.011941
2530   0.011939
2531   0.011937
2532   0.011934
2533   0.011932
2534   0.01193
2535   0.011927
2536   0.011925
2537   0.011923
2538   0.01192
2539   0.011918
2540   0.011916
2541   0.011913
2542   0.011911
2543   0.011909
2544   0.011906
2545   0.011904
2546   0.011902
2547   0.0119
2548   0.011897
2549   0.011895
2550   0.011893
2551   0.01189
2552   0.011888
2553   0.011886
2554   0.011883
2555   0.011881
2556   0.011879
2557   0.011877
2558   0.011874
2559   0.011872
2560   0.01187
2561   0.011867
2562   0.011865
2563   0.011863
2564   0.011861
2565   0.011858
2566   0.011856
2567   0.011854
2568   0.011851
2569   0.011849
2570   0.011847
2571   0.011844
2572   0.011842
2573   0.01184
2574   0.011838
2575   0.011835
2576   0.011833
2577   0.011831
2578   0.011828
2579   0.011826
2580   0.011824
2581   0.011822
2582   0.011819
2583   0.011817
2584   0.011815
2585   0.011813
2586   0.01181
2587   0.011808
2588   0.011806
2589   0.011804
2590   0.011801
2591   0.011799
2592   0.011797
2593   0.011795
2594   0.011792
2595   0.01179
2596   0.011788
2597   0.011785
2598   0.011783
2599   0.011781
2600   0.011779
2601   0.011776
2602   0.011774
2603   0.011772
2604   0.01177
2605   0.011767
2606   0.011765
2607   0.011763
2608   0.011761
2609   0.011758
2610   0.011756
2611   0.011754
2612   0.011752
2613   0.01175
2614   0.011747
2615   0.011745
2616   0.011743
2617   0.011741
2618   0.011738
2619   0.011736
2620   0.011734
2621   0.011732
2622   0.011729
2623   0.011727
2624   0.011725
2625   0.011723
2626   0.01172
2627   0.011718
2628   0.011716
2629   0.011714
2630   0.011712
2631   0.011709
2632   0.011707
2633   0.011705
2634   0.011703
2635   0.0117
2636   0.011698
2637   0.011696
2638   0.011694
2639   0.011692
2640   0.011689
2641   0.011687
2642   0.011685
2643   0.011683
2644   0.01168
2645   0.011678
2646   0.011676
2647   0.011674
2648   0.011672
2649   0.011669
2650   0.011667
2651   0.011665
2652   0.011663
2653   0.011661
2654   0.011658
2655   0.011656
2656   0.011654
2657   0.011652
2658   0.01165
2659   0.011648
2660   0.011645
2661   0.011643
2662   0.011641
2663   0.011639
2664   0.011637
2665   0.011634
2666   0.011632
2667   0.01163
2668   0.011628
2669   0.011626
2670   0.011623
2671   0.011621
2672   0.011619
2673   0.011617
2674   0.011615
2675   0.011613
2676   0.01161
2677   0.011608
2678   0.011606
2679   0.011604
2680   0.011602
2681   0.011599
2682   0.011597
2683   0.011595
2684   0.011593
2685   0.011591
2686   0.011589
2687   0.011587
2688   0.011584
2689   0.011582
2690   0.01158
2691   0.011578
2692   0.011576
2693   0.011573
2694   0.011571
2695   0.011569
2696   0.011567
2697   0.011565
2698   0.011563
2699   0.011561
2700   0.011558
2701   0.011556
2702   0.011554
2703   0.011552
2704   0.01155
2705   0.011548
2706   0.011545
2707   0.011543
2708   0.011541
2709   0.011539
2710   0.011537
2711   0.011535
2712   0.011533
2713   0.01153
2714   0.011528
2715   0.011526
2716   0.011524
2717   0.011522
2718   0.01152
2719   0.011518
2720   0.011516
2721   0.011513
2722   0.011511
2723   0.011509
2724   0.011507
2725   0.011505
2726   0.011503
2727   0.011501
2728   0.011498
2729   0.011496
2730   0.011494
2731   0.011492
2732   0.01149
2733   0.011488
2734   0.011486
2735   0.011484
2736   0.011482
2737   0.011479
2738   0.011477
2739   0.011475
2740   0.011473
2741   0.011471
2742   0.011469
2743   0.011467
2744   0.011465
2745   0.011463
2746   0.01146
2747   0.011458
2748   0.011456
2749   0.011454
2750   0.011452
2751   0.01145
2752   0.011448
2753   0.011446
2754   0.011444
2755   0.011441
2756   0.011439
2757   0.011437
2758   0.011435
2759   0.011433
2760   0.011431
2761   0.011429
2762   0.011427
2763   0.011425
2764   0.011423
2765   0.01142
2766   0.011418
2767   0.011416
2768   0.011414
2769   0.011412
2770   0.01141
2771   0.011408
2772   0.011406
2773   0.011404
2774   0.011402
2775   0.0114
2776   0.011397
2777   0.011395
2778   0.011393
2779   0.011391
2780   0.011389
2781   0.011387
2782   0.011385
2783   0.011383
2784   0.011381
2785   0.011379
2786   0.011377
2787   0.011375
2788   0.011373
2789   0.01137
2790   0.011368
2791   0.011366
2792   0.011364
2793   0.011362
2794   0.01136
2795   0.011358
2796   0.011356
2797   0.011354
2798   0.011352
2799   0.01135
2800   0.011348
2801   0.011346
2802   0.011344
2803   0.011342
2804   0.011339
2805   0.011337
2806   0.011335
2807   0.011333
2808   0.011331
2809   0.011329
2810   0.011327
2811   0.011325
2812   0.011323
2813   0.011321
2814   0.011319
2815   0.011317
2816   0.011315
2817   0.011313
2818   0.011311
2819   0.011309
2820   0.011307
2821   0.011305
2822   0.011303
2823   0.011301
2824   0.011299
2825   0.011297
2826   0.011294
2827   0.011292
2828   0.01129
2829   0.011288
2830   0.011286
2831   0.011284
2832   0.011282
2833   0.01128
2834   0.011278
2835   0.011276
2836   0.011274
2837   0.011272
2838   0.01127
2839   0.011268
2840   0.011266
2841   0.011264
2842   0.011262
2843   0.01126
2844   0.011258
2845   0.011256
2846   0.011254
2847   0.011252
2848   0.01125
2849   0.011248
2850   0.011246
2851   0.011244
2852   0.011242
2853   0.01124
2854   0.011238
2855   0.011236
2856   0.011234
2857   0.011232
2858   0.01123
2859   0.011228
2860   0.011226
2861   0.011224
2862   0.011222
2863   0.01122
2864   0.011218
2865   0.011216
2866   0.011214
2867   0.011212
2868   0.01121
2869   0.011208
2870   0.011206
2871   0.011204
2872   0.011202
2873   0.0112
2874   0.011198
2875   0.011196
2876   0.011194
2877   0.011192
2878   0.01119
2879   0.011188
2880   0.011186
2881   0.011184
2882   0.011182
2883   0.01118
2884   0.011178
2885   0.011176
2886   0.011174
2887   0.011172
2888   0.01117
2889   0.011168
2890   0.011166
2891   0.011164
2892   0.011162
2893   0.01116
2894   0.011158
2895   0.011156
2896   0.011154
2897   0.011152
2898   0.01115
2899   0.011148
2900   0.011146
2901   0.011144
2902   0.011142
2903   0.01114
2904   0.011138
2905   0.011136
2906   0.011134
2907   0.011132
2908   0.01113
2909   0.011128
2910   0.011126
2911   0.011124
2912   0.011122
2913   0.01112
2914   0.011118
2915   0.011116
2916   0.011114
2917   0.011112
2918   0.011111
2919   0.011108
2920   0.011107
2921   0.011105
2922   0.011103
2923   0.011101
2924   0.011099
2925   0.011097
2926   0.011095
2927   0.011093
2928   0.011091
2929   0.011089
2930   0.011087
2931   0.011085
2932   0.011083
2933   0.011081
2934   0.011079
2935   0.011077
2936   0.011075
2937   0.011073
2938   0.011071
2939   0.011069
2940   0.011068
2941   0.011066
2942   0.011064
2943   0.011062
2944   0.01106
2945   0.011058
2946   0.011056
2947   0.011054
2948   0.011052
2949   0.01105
2950   0.011048
2951   0.011046
2952   0.011044
2953   0.011042
2954   0.01104
2955   0.011038
2956   0.011037
2957   0.011035
2958   0.011033
2959   0.011031
2960   0.011029
2961   0.011027
2962   0.011025
2963   0.011023
2964   0.011021
2965   0.011019
2966   0.011017
2967   0.011015
2968   0.011013
2969   0.011011
2970   0.01101
2971   0.011008
2972   0.011006
2973   0.011004
2974   0.011002
2975   0.011
2976   0.010998
2977   0.010996
2978   0.010994
2979   0.010992
2980   0.01099
2981   0.010988
2982   0.010987
2983   0.010985
2984   0.010983
2985   0.010981
2986   0.010979
2987   0.010977
2988   0.010975
2989   0.010973
2990   0.010971
2991   0.010969
2992   0.010968
2993   0.010966
2994   0.010964
2995   0.010962
2996   0.01096
2997   0.010959
2998   0.010957
2999   0.010956
3000   0.010956
