0   0.14282
1   0.14281
2   0.14281
3   0.1428
4   0.14279
5   0.14278
6   0.14277
7   0.14276
8   0.14275
9   0.14274
10   0.14273
11   0.14272
12   0.14271
13   0.1427
14   0.14269
15   0.14268
16   0.14267
17   0.14266
18   0.14266
19   0.14265
20   0.14264
21   0.14263
22   0.14262
23   0.14261
24   0.1426
25   0.14259
26   0.14258
27   0.14257
28   0.14256
29   0.14255
30   0.14254
31   0.14253
32   0.14252
33   0.14251
34   0.1425
35   0.14249
36   0.14248
37   0.14247
38   0.14246
39   0.14245
40   0.14244
41   0.14243
42   0.14242
43   0.14241
44   0.1424
45   0.14239
46   0.14238
47   0.14237
48   0.14236
49   0.14235
50   0.14234
51   0.14233
52   0.14232
53   0.14232
54   0.14231
55   0.1423
56   0.14229
57   0.14228
58   0.14227
59   0.14226
60   0.14225
61   0.14224
62   0.14223
63   0.14222
64   0.14221
65   0.1422
66   0.14219
67   0.14218
68   0.14217
69   0.14216
70   0.14215
71   0.14214
72   0.14213
73   0.14212
74   0.14211
75   0.1421
76   0.14209
77   0.14208
78   0.14207
79   0.14206
80   0.14205
81   0.14204
82   0.14203
83   0.14202
84   0.14201
85   0.142
86   0.14199
87   0.14198
88   0.14197
89   0.14196
90   0.14195
91   0.14194
92   0.14193
93   0.14192
94   0.14191
95   0.1419
96   0.14189
97   0.14188
98   0.14187
99   0.14186
100   0.14185
101   0.14184
102   0.14183
103   0.14182
104   0.14181
105   0.1418
106   0.14179
107   0.14178
108   0.14177
109   0.14176
110   0.14175
111   0.14174
112   0.14173
113   0.14172
114   0.14171
115   0.1417
116   0.14169
117   0.14168
118   0.14167
119   0.14166
120   0.14165
121   0.14164
122   0.14163
123   0.14162
124   0.14161
125   0.1416
126   0.14159
127   0.14158
128   0.14157
129   0.14156
130   0.14155
131   0.14154
132   0.14153
133   0.14152
134   0.14151
135   0.1415
136   0.14149
137   0.14148
138   0.14147
139   0.14146
140   0.14145
141   0.14144
142   0.14143
143   0.14142
144   0.14141
145   0.1414
146   0.14139
147   0.14138
148   0.14137
149   0.14136
150   0.14135
151   0.14134
152   0.14133
153   0.14132
154   0.14131
155   0.1413
156   0.14129
157   0.14128
158   0.14127
159   0.14126
160   0.14125
161   0.14124
162   0.14123
163   0.14122
164   0.14121
165   0.1412
166   0.14119
167   0.14118
168   0.14117
169   0.14116
170   0.14115
171   0.14114
172   0.14113
173   0.14112
174   0.14111
175   0.1411
176   0.14109
177   0.14108
178   0.14107
179   0.14106
180   0.14105
181   0.14104
182   0.14103
183   0.14102
184   0.14101
185   0.141
186   0.14099
187   0.14098
188   0.14096
189   0.14096
190   0.14095
191   0.14094
192   0.14093
193   0.14091
194   0.1409
195   0.14089
196   0.14088
197   0.14087
198   0.14086
199   0.14085
200   0.14084
201   0.14083
202   0.14082
203   0.14081
204   0.1408
205   0.14079
206   0.14078
207   0.14077
208   0.14076
209   0.14075
210   0.14074
211   0.14073
212   0.14072
213   0.14071
214   0.1407
215   0.14069
216   0.14068
217   0.14067
218   0.14066
219   0.14065
220   0.14064
221   0.14063
222   0.14062
223   0.14061
224   0.1406
225   0.14059
226   0.14058
227   0.14056
228   0.14055
229   0.14054
230   0.14053
231   0.14052
232   0.14051
233   0.1405
234   0.14049
235   0.14048
236   0.14047
237   0.14046
238   0.14045
239   0.14044
240   0.14043
241   0.14042
242   0.14041
243   0.1404
244   0.14039
245   0.14038
246   0.14037
247   0.14036
248   0.14035
249   0.14034
250   0.14033
251   0.14032
252   0.14031
253   0.14029
254   0.14029
255   0.14028
256   0.14026
257   0.14025
258   0.14024
259   0.14023
260   0.14022
261   0.14021
262   0.1402
263   0.14019
264   0.14018
265   0.14017
266   0.14016
267   0.14015
268   0.14014
269   0.14013
270   0.14012
271   0.14011
272   0.1401
273   0.14009
274   0.14008
275   0.14006
276   0.14006
277   0.14004
278   0.14003
279   0.14002
280   0.14001
281   0.14
282   0.13999
283   0.13998
284   0.13997
285   0.13996
286   0.13995
287   0.13994
288   0.13993
289   0.13992
290   0.13991
291   0.1399
292   0.13989
293   0.13988
294   0.13986
295   0.13985
296   0.13984
297   0.13983
298   0.13982
299   0.13981
300   0.1398
301   0.13979
302   0.13978
303   0.13977
304   0.13976
305   0.13975
306   0.13974
307   0.13973
308   0.13972
309   0.13971
310   0.1397
311   0.13969
312   0.13968
313   0.13966
314   0.13965
315   0.13964
316   0.13963
317   0.13962
318   0.13961
319   0.1396
320   0.13959
321   0.13958
322   0.13957
323   0.13956
324   0.13955
325   0.13954
326   0.13953
327   0.13951
328   0.1395
329   0.13949
330   0.13948
331   0.13947
332   0.13946
333   0.13945
334   0.13944
335   0.13943
336   0.13942
337   0.13941
338   0.1394
339   0.13939
340   0.13938
341   0.13937
342   0.13935
343   0.13934
344   0.13933
345   0.13932
346   0.13931
347   0.1393
348   0.13929
349   0.13928
350   0.13927
351   0.13926
352   0.13925
353   0.13924
354   0.13923
355   0.13922
356   0.1392
357   0.13919
358   0.13918
359   0.13917
360   0.13916
361   0.13915
362   0.13914
363   0.13913
364   0.13912
365   0.13911
366   0.1391
367   0.13908
368   0.13907
369   0.13906
370   0.13905
371   0.13904
372   0.13903
373   0.13902
374   0.13901
375   0.139
376   0.13899
377   0.13898
378   0.13897
379   0.13895
380   0.13894
381   0.13893
382   0.13892
383   0.13891
384   0.1389
385   0.13889
386   0.13888
387   0.13887
388   0.13886
389   0.13885
390   0.13883
391   0.13882
392   0.13881
393   0.1388
394   0.13879
395   0.13878
396   0.13877
397   0.13876
398   0.13875
399   0.13874
400   0.13873
401   0.13871
402   0.1387
403   0.13869
404   0.13868
405   0.13867
406   0.13866
407   0.13865
408   0.13864
409   0.13863
410   0.13862
411   0.1386
412   0.13859
413   0.13858
414   0.13857
415   0.13856
416   0.13855
417   0.13854
418   0.13853
419   0.13852
420   0.13851
421   0.13849
422   0.13848
423   0.13847
424   0.13846
425   0.13845
426   0.13844
427   0.13843
428   0.13842
429   0.13841
430   0.13839
431   0.13838
432   0.13837
433   0.13836
434   0.13835
435   0.13834
436   0.13833
437   0.13832
438   0.13831
439   0.13829
440   0.13828
441   0.13827
442   0.13826
443   0.13825
444   0.13824
445   0.13823
446   0.13822
447   0.13821
448   0.13819
449   0.13818
450   0.13817
451   0.13816
452   0.13815
453   0.13814
454   0.13813
455   0.13812
456   0.13811
457   0.1381
458   0.13808
459   0.13807
460   0.13806
461   0.13805
462   0.13804
463   0.13803
464   0.13802
465   0.13801
466   0.13799
467   0.13798
468   0.13797
469   0.13796
470   0.13795
471   0.13794
472   0.13793
473   0.13792
474   0.1379
475   0.13789
476   0.13788
477   0.13787
478   0.13786
479   0.13785
480   0.13784
481   0.13782
482   0.13781
483   0.1378
484   0.13779
485   0.13778
486   0.13777
487   0.13776
488   0.13775
489   0.13773
490   0.13772
491   0.13771
492   0.1377
493   0.13769
494   0.13768
495   0.13767
496   0.13766
497   0.13764
498   0.13763
499   0.13762
500   0.13761
501   0.1376
502   0.13759
503   0.13758
504   0.13757
505   0.13755
506   0.13754
507   0.13753
508   0.13752
509   0.13751
510   0.1375
511   0.13748
512   0.13747
513   0.13746
514   0.13745
515   0.13744
516   0.13743
517   0.13742
518   0.1374
519   0.13739
520   0.13738
521   0.13737
522   0.13736
523   0.13735
524   0.13734
525   0.13733
526   0.13731
527   0.1373
528   0.13729
529   0.13728
530   0.13727
531   0.13726
532   0.13724
533   0.13723
534   0.13722
535   0.13721
536   0.1372
537   0.13719
538   0.13717
539   0.13716
540   0.13715
541   0.13714
542   0.13713
543   0.13712
544   0.13711
545   0.13709
546   0.13708
547   0.13707
548   0.13706
549   0.13705
550   0.13704
551   0.13702
552   0.13701
553   0.137
554   0.13699
555   0.13698
556   0.13697
557   0.13695
558   0.13694
559   0.13693
560   0.13692
561   0.13691
562   0.1369
563   0.13689
564   0.13687
565   0.13686
566   0.13685
567   0.13684
568   0.13683
569   0.13681
570   0.1368
571   0.13679
572   0.13678
573   0.13677
574   0.13676
575   0.13675
576   0.13673
577   0.13672
578   0.13671
579   0.1367
580   0.13669
581   0.13667
582   0.13666
583   0.13665
584   0.13664
585   0.13663
586   0.13662
587   0.1366
588   0.13659
589   0.13658
590   0.13657
591   0.13656
592   0.13655
593   0.13653
594   0.13652
595   0.13651
596   0.1365
597   0.13649
598   0.13647
599   0.13646
600   0.13645
601   0.13644
602   0.13643
603   0.13642
604   0.1364
605   0.13639
606   0.13638
607   0.13637
608   0.13636
609   0.13634
610   0.13633
611   0.13632
612   0.13631
613   0.1363
614   0.13629
615   0.13627
616   0.13626
617   0.13625
618   0.13624
619   0.13623
620   0.13621
621   0.1362
622   0.13619
623   0.13618
624   0.13616
625   0.13615
626   0.13614
627   0.13613
628   0.13612
629   0.13611
630   0.13609
631   0.13608
632   0.13607
633   0.13606
634   0.13605
635   0.13603
636   0.13602
637   0.13601
638   0.136
639   0.13599
640   0.13597
641   0.13596
642   0.13595
643   0.13594
644   0.13592
645   0.13591
646   0.1359
647   0.13589
648   0.13588
649   0.13587
650   0.13585
651   0.13584
652   0.13583
653   0.13582
654   0.1358
655   0.13579
656   0.13578
657   0.13577
658   0.13576
659   0.13574
660   0.13573
661   0.13572
662   0.13571
663   0.13569
664   0.13568
665   0.13567
666   0.13566
667   0.13565
668   0.13564
669   0.13562
670   0.13561
671   0.1356
672   0.13559
673   0.13557
674   0.13556
675   0.13555
676   0.13554
677   0.13553
678   0.13551
679   0.1355
680   0.13549
681   0.13548
682   0.13546
683   0.13545
684   0.13544
685   0.13543
686   0.13542
687   0.1354
688   0.13539
689   0.13538
690   0.13536
691   0.13535
692   0.13534
693   0.13533
694   0.13532
695   0.1353
696   0.13529
697   0.13528
698   0.13527
699   0.13525
700   0.13524
701   0.13523
702   0.13522
703   0.13521
704   0.13519
705   0.13518
706   0.13517
707   0.13516
708   0.13514
709   0.13513
710   0.13512
711   0.13511
712   0.13509
713   0.13508
714   0.13507
715   0.13506
716   0.13504
717   0.13503
718   0.13502
719   0.13501
720   0.13499
721   0.13498
722   0.13497
723   0.13496
724   0.13494
725   0.13493
726   0.13492
727   0.13491
728   0.13489
729   0.13488
730   0.13487
731   0.13486
732   0.13484
733   0.13483
734   0.13482
735   0.13481
736   0.13479
737   0.13478
738   0.13477
739   0.13476
740   0.13474
741   0.13473
742   0.13472
743   0.13471
744   0.13469
745   0.13468
746   0.13467
747   0.13466
748   0.13464
749   0.13463
750   0.13462
751   0.13461
752   0.13459
753   0.13458
754   0.13457
755   0.13455
756   0.13454
757   0.13453
758   0.13452
759   0.1345
760   0.13449
761   0.13448
762   0.13447
763   0.13445
764   0.13444
765   0.13443
766   0.13442
767   0.1344
768   0.13439
769   0.13438
770   0.13436
771   0.13435
772   0.13434
773   0.13433
774   0.13431
775   0.1343
776   0.13429
777   0.13428
778   0.13426
779   0.13425
780   0.13424
781   0.13422
782   0.13421
783   0.1342
784   0.13419
785   0.13417
786   0.13416
787   0.13415
788   0.13413
789   0.13412
790   0.13411
791   0.13409
792   0.13408
793   0.13407
794   0.13406
795   0.13404
796   0.13403
797   0.13402
798   0.134
799   0.13399
800   0.13398
801   0.13397
802   0.13395
803   0.13394
804   0.13393
805   0.13391
806   0.1339
807   0.13389
808   0.13387
809   0.13386
810   0.13385
811   0.13384
812   0.13382
813   0.13381
814   0.1338
815   0.13378
816   0.13377
817   0.13376
818   0.13374
819   0.13373
820   0.13372
821   0.13371
822   0.13369
823   0.13368
824   0.13367
825   0.13365
826   0.13364
827   0.13363
828   0.13361
829   0.1336
830   0.13359
831   0.13357
832   0.13356
833   0.13355
834   0.13353
835   0.13352
836   0.13351
837   0.1335
838   0.13348
839   0.13347
840   0.13346
841   0.13344
842   0.13343
843   0.13342
844   0.1334
845   0.13339
846   0.13338
847   0.13336
848   0.13335
849   0.13334
850   0.13332
851   0.13331
852   0.1333
853   0.13328
854   0.13327
855   0.13326
856   0.13324
857   0.13323
858   0.13322
859   0.1332
860   0.13319
861   0.13318
862   0.13316
863   0.13315
864   0.13314
865   0.13312
866   0.13311
867   0.1331
868   0.13308
869   0.13307
870   0.13306
871   0.13304
872   0.13303
873   0.13302
874   0.133
875   0.13299
876   0.13298
877   0.13296
878   0.13295
879   0.13294
880   0.13292
881   0.13291
882   0.13289
883   0.13288
884   0.13287
885   0.13285
886   0.13284
887   0.13283
888   0.13281
889   0.1328
890   0.13279
891   0.13277
892   0.13276
893   0.13275
894   0.13273
895   0.13272
896   0.13271
897   0.13269
898   0.13268
899   0.13266
900   0.13265
901   0.13264
902   0.13262
903   0.13261
904   0.1326
905   0.13258
906   0.13257
907   0.13256
908   0.13254
909   0.13253
910   0.13251
911   0.1325
912   0.13249
913   0.13247
914   0.13246
915   0.13245
916   0.13243
917   0.13242
918   0.1324
919   0.13239
920   0.13238
921   0.13236
922   0.13235
923   0.13234
924   0.13232
925   0.13231
926   0.13229
927   0.13228
928   0.13227
929   0.13225
930   0.13224
931   0.13223
932   0.13221
933   0.1322
934   0.13218
935   0.13217
936   0.13216
937   0.13214
938   0.13213
939   0.13212
940   0.1321
941   0.13209
942   0.13207
943   0.13206
944   0.13205
945   0.13203
946   0.13202
947   0.132
948   0.13199
949   0.13197
950   0.13196
951   0.13195
952   0.13193
953   0.13192
954   0.13191
955   0.13189
956   0.13188
957   0.13186
958   0.13185
959   0.13183
960   0.13182
961   0.13181
962   0.13179
963   0.13178
964   0.13176
965   0.13175
966   0.13174
967   0.13172
968   0.13171
969   0.13169
970   0.13168
971   0.13167
972   0.13165
973   0.13164
974   0.13162
975   0.13161
976   0.13159
977   0.13158
978   0.13157
979   0.13155
980   0.13154
981   0.13152
982   0.13151
983   0.13149
984   0.13148
985   0.13147
986   0.13145
987   0.13144
988   0.13142
989   0.13141
990   0.13139
991   0.13138
992   0.13137
993   0.13135
994   0.13134
995   0.13132
996   0.13131
997   0.13129
998   0.13128
999   0.13126
1000   0.13125
1001   0.13124
1002   0.13122
1003   0.13121
1004   0.13119
1005   0.13118
1006   0.13116
1007   0.13115
1008   0.13114
1009   0.13112
1010   0.13111
1011   0.13109
1012   0.13108
1013   0.13106
1014   0.13105
1015   0.13103
1016   0.13102
1017   0.131
1018   0.13099
1019   0.13097
1020   0.13096
1021   0.13095
1022   0.13093
1023   0.13092
1024   0.1309
1025   0.13089
1026   0.13087
1027   0.13086
1028   0.13084
1029   0.13083
1030   0.13081
1031   0.1308
1032   0.13079
1033   0.13077
1034   0.13076
1035   0.13074
1036   0.13073
1037   0.13071
1038   0.1307
1039   0.13068
1040   0.13067
1041   0.13065
1042   0.13064
1043   0.13062
1044   0.13061
1045   0.13059
1046   0.13058
1047   0.13056
1048   0.13055
1049   0.13053
1050   0.13052
1051   0.1305
1052   0.13049
1053   0.13047
1054   0.13046
1055   0.13045
1056   0.13043
1057   0.13041
1058   0.1304
1059   0.13038
1060   0.13037
1061   0.13036
1062   0.13034
1063   0.13033
1064   0.13031
1065   0.13029
1066   0.13028
1067   0.13026
1068   0.13025
1069   0.13024
1070   0.13022
1071   0.13021
1072   0.13019
1073   0.13017
1074   0.13016
1075   0.13014
1076   0.13013
1077   0.13011
1078   0.1301
1079   0.13008
1080   0.13007
1081   0.13005
1082   0.13004
1083   0.13002
1084   0.13001
1085   0.12999
1086   0.12998
1087   0.12996
1088   0.12995
1089   0.12993
1090   0.12992
1091   0.1299
1092   0.12989
1093   0.12987
1094   0.12986
1095   0.12984
1096   0.12982
1097   0.12981
1098   0.12979
1099   0.12978
1100   0.12976
1101   0.12975
1102   0.12973
1103   0.12972
1104   0.1297
1105   0.12969
1106   0.12967
1107   0.12966
1108   0.12964
1109   0.12962
1110   0.12961
1111   0.12959
1112   0.12958
1113   0.12956
1114   0.12955
1115   0.12953
1116   0.12952
1117   0.1295
1118   0.12949
1119   0.12947
1120   0.12946
1121   0.12944
1122   0.12942
1123   0.12941
1124   0.12939
1125   0.12938
1126   0.12936
1127   0.12934
1128   0.12933
1129   0.12931
1130   0.1293
1131   0.12928
1132   0.12927
1133   0.12925
1134   0.12923
1135   0.12922
1136   0.1292
1137   0.12919
1138   0.12917
1139   0.12916
1140   0.12914
1141   0.12912
1142   0.12911
1143   0.12909
1144   0.12908
1145   0.12906
1146   0.12905
1147   0.12903
1148   0.12901
1149   0.129
1150   0.12898
1151   0.12897
1152   0.12895
1153   0.12893
1154   0.12892
1155   0.1289
1156   0.12889
1157   0.12887
1158   0.12886
1159   0.12884
1160   0.12882
1161   0.12881
1162   0.12879
1163   0.12878
1164   0.12876
1165   0.12874
1166   0.12873
1167   0.12871
1168   0.12869
1169   0.12868
1170   0.12866
1171   0.12865
1172   0.12863
1173   0.12861
1174   0.1286
1175   0.12858
1176   0.12856
1177   0.12855
1178   0.12853
1179   0.12852
1180   0.1285
1181   0.12848
1182   0.12847
1183   0.12845
1184   0.12844
1185   0.12842
1186   0.1284
1187   0.12839
1188   0.12837
1189   0.12835
1190   0.12834
1191   0.12832
1192   0.12831
1193   0.12829
1194   0.12827
1195   0.12825
1196   0.12824
1197   0.12822
1198   0.12821
1199   0.12819
1200   0.12817
1201   0.12816
1202   0.12814
1203   0.12812
1204   0.12811
1205   0.12809
1206   0.12807
1207   0.12806
1208   0.12804
1209   0.12802
1210   0.12801
1211   0.12799
1212   0.12797
1213   0.12796
1214   0.12794
1215   0.12792
1216   0.12791
1217   0.12789
1218   0.12787
1219   0.12786
1220   0.12784
1221   0.12782
1222   0.12781
1223   0.12779
1224   0.12777
1225   0.12776
1226   0.12774
1227   0.12772
1228   0.12771
1229   0.12769
1230   0.12767
1231   0.12765
1232   0.12764
1233   0.12762
1234   0.12761
1235   0.12759
1236   0.12757
1237   0.12755
1238   0.12754
1239   0.12752
1240   0.1275
1241   0.12749
1242   0.12747
1243   0.12745
1244   0.12743
1245   0.12742
1246   0.1274
1247   0.12738
1248   0.12737
1249   0.12735
1250   0.12733
1251   0.12731
1252   0.1273
1253   0.12728
1254   0.12726
1255   0.12725
1256   0.12723
1257   0.12721
1258   0.12719
1259   0.12718
1260   0.12716
1261   0.12714
1262   0.12712
1263   0.12711
1264   0.12709
1265   0.12707
1266   0.12706
1267   0.12704
1268   0.12702
1269   0.127
1270   0.12698
1271   0.12697
1272   0.12695
1273   0.12693
1274   0.12691
1275   0.1269
1276   0.12688
1277   0.12686
1278   0.12685
1279   0.12683
1280   0.12681
1281   0.12679
1282   0.12677
1283   0.12676
1284   0.12674
1285   0.12672
1286   0.1267
1287   0.12669
1288   0.12667
1289   0.12665
1290   0.12663
1291   0.12662
1292   0.1266
1293   0.12658
1294   0.12656
1295   0.12654
1296   0.12653
1297   0.12651
1298   0.12649
1299   0.12647
1300   0.12645
1301   0.12644
1302   0.12642
1303   0.1264
1304   0.12638
1305   0.12637
1306   0.12635
1307   0.12633
1308   0.12631
1309   0.12629
1310   0.12628
1311   0.12626
1312   0.12624
1313   0.12622
1314   0.1262
1315   0.12618
1316   0.12617
1317   0.12615
1318   0.12613
1319   0.12611
1320   0.12609
1321   0.12607
1322   0.12606
1323   0.12604
1324   0.12602
1325   0.126
1326   0.12598
1327   0.12596
1328   0.12595
1329   0.12593
1330   0.12591
1331   0.12589
1332   0.12587
1333   0.12585
1334   0.12584
1335   0.12582
1336   0.1258
1337   0.12578
1338   0.12576
1339   0.12573
1340   0.12571
1341   0.12568
1342   0.12565
1343   0.12562
1344   0.12557
1345   0.1255
1346   0.12542
1347   0.12529
1348   0.12511
1349   0.12485
1350   0.12445
1351   0.12387
1352   0.12301
1353   0.12173
1354   0.1199
1355   0.11732
1356   0.11382
1357   0.10926
1358   0.10367
1359   0.097209
1360   0.090238
1361   0.083198
1362   0.076512
1363   0.070493
1364   0.065309
1365   0.060997
1366   0.057504
1367   0.054728
1368   0.052554
1369   0.050867
1370   0.049569
1371   0.048574
1372   0.047814
1373   0.047235
1374   0.046794
1375   0.046458
1376   0.046202
1377   0.046007
1378   0.045857
1379   0.045742
1380   0.045653
1381   0.045584
1382   0.045529
1383   0.045486
1384   0.045451
1385   0.045422
1386   0.045399
1387   0.045378
1388   0.045361
1389   0.045346
1390   0.045332
1391   0.045319
1392   0.045307
1393   0.045296
1394   0.045285
1395   0.045275
1396   0.045265
1397   0.045255
1398   0.045246
1399   0.045236
1400   0.045227
1401   0.045217
1402   0.045208
1403   0.045199
1404   0.04519
1405   0.04518
1406   0.045171
1407   0.045162
1408   0.045153
1409   0.045144
1410   0.045135
1411   0.045126
1412   0.045117
1413   0.045108
1414   0.045099
1415   0.04509
1416   0.045081
1417   0.045072
1418   0.045063
1419   0.045054
1420   0.045045
1421   0.045036
1422   0.045027
1423   0.045019
1424   0.04501
1425   0.045001
1426   0.044992
1427   0.044983
1428   0.044974
1429   0.044965
1430   0.044956
1431   0.044948
1432   0.044939
1433   0.04493
1434   0.044921
1435   0.044912
1436   0.044903
1437   0.044895
1438   0.044886
1439   0.044877
1440   0.044868
1441   0.04486
1442   0.044851
1443   0.044842
1444   0.044834
1445   0.044825
1446   0.044816
1447   0.044808
1448   0.044799
1449   0.04479
1450   0.044782
1451   0.044773
1452   0.044764
1453   0.044756
1454   0.044747
1455   0.044739
1456   0.04473
1457   0.044721
1458   0.044713
1459   0.044704
1460   0.044696
1461   0.044687
1462   0.044679
1463   0.04467
1464   0.044661
1465   0.044653
1466   0.044645
1467   0.044636
1468   0.044628
1469   0.044619
1470   0.044611
1471   0.044602
1472   0.044594
1473   0.044585
1474   0.044577
1475   0.044568
1476   0.04456
1477   0.044552
1478   0.044543
1479   0.044535
1480   0.044526
1481   0.044518
1482   0.04451
1483   0.044501
1484   0.044493
1485   0.044485
1486   0.044476
1487   0.044468
1488   0.04446
1489   0.044451
1490   0.044443
1491   0.044435
1492   0.044427
1493   0.044418
1494   0.04441
1495   0.044402
1496   0.044393
1497   0.044385
1498   0.044377
1499   0.044369
1500   0.044361
1501   0.044352
1502   0.044344
1503   0.044336
1504   0.044328
1505   0.04432
1506   0.044312
1507   0.044303
1508   0.044295
1509   0.044287
1510   0.044279
1511   0.044271
1512   0.044263
1513   0.044255
1514   0.044246
1515   0.044239
1516   0.04423
1517   0.044222
1518   0.044214
1519   0.044206
1520   0.044198
1521   0.04419
1522   0.044182
1523   0.044174
1524   0.044166
1525   0.044158
1526   0.04415
1527   0.044142
1528   0.044134
1529   0.044126
1530   0.044118
1531   0.04411
1532   0.044102
1533   0.044094
1534   0.044086
1535   0.044078
1536   0.04407
1537   0.044062
1538   0.044055
1539   0.044047
1540   0.044039
1541   0.044031
1542   0.044023
1543   0.044015
1544   0.044007
1545   0.043999
1546   0.043991
1547   0.043984
1548   0.043976
1549   0.043968
1550   0.04396
1551   0.043952
1552   0.043945
1553   0.043937
1554   0.043929
1555   0.043921
1556   0.043913
1557   0.043906
1558   0.043898
1559   0.04389
1560   0.043882
1561   0.043875
1562   0.043867
1563   0.043859
1564   0.043851
1565   0.043844
1566   0.043836
1567   0.043828
1568   0.043821
1569   0.043813
1570   0.043805
1571   0.043798
1572   0.04379
1573   0.043782
1574   0.043775
1575   0.043767
1576   0.043759
1577   0.043752
1578   0.043744
1579   0.043736
1580   0.043729
1581   0.043721
1582   0.043714
1583   0.043706
1584   0.043699
1585   0.043691
1586   0.043683
1587   0.043676
1588   0.043668
1589   0.043661
1590   0.043653
1591   0.043646
1592   0.043638
1593   0.043631
1594   0.043623
1595   0.043616
1596   0.043608
1597   0.043601
1598   0.043593
1599   0.043586
1600   0.043578
1601   0.043571
1602   0.043563
1603   0.043556
1604   0.043548
1605   0.043541
1606   0.043533
1607   0.043526
1608   0.043518
1609   0.043511
1610   0.043504
1611   0.043496
1612   0.043489
1613   0.043482
1614   0.043474
1615   0.043467
1616   0.043459
1617   0.043452
1618   0.043445
1619   0.043437
1620   0.04343
1621   0.043423
1622   0.043415
1623   0.043408
1624   0.043401
1625   0.043393
1626   0.043386
1627   0.043379
1628   0.043371
1629   0.043364
1630   0.043357
1631   0.04335
1632   0.043342
1633   0.043335
1634   0.043328
1635   0.043321
1636   0.043313
1637   0.043306
1638   0.043299
1639   0.043292
1640   0.043284
1641   0.043277
1642   0.04327
1643   0.043263
1644   0.043256
1645   0.043248
1646   0.043241
1647   0.043234
1648   0.043227
1649   0.04322
1650   0.043213
1651   0.043205
1652   0.043198
1653   0.043191
1654   0.043184
1655   0.043177
1656   0.04317
1657   0.043163
1658   0.043156
1659   0.043148
1660   0.043141
1661   0.043134
1662   0.043127
1663   0.04312
1664   0.043113
1665   0.043106
1666   0.043099
1667   0.043092
1668   0.043085
1669   0.043078
1670   0.043071
1671   0.043064
1672   0.043057
1673   0.04305
1674   0.043043
1675   0.043036
1676   0.043029
1677   0.043022
1678   0.043015
1679   0.043008
1680   0.043001
1681   0.042994
1682   0.042987
1683   0.04298
1684   0.042973
1685   0.042966
1686   0.042959
1687   0.042952
1688   0.042945
1689   0.042938
1690   0.042931
1691   0.042924
1692   0.042917
1693   0.04291
1694   0.042904
1695   0.042897
1696   0.04289
1697   0.042883
1698   0.042876
1699   0.042869
1700   0.042862
1701   0.042855
1702   0.042848
1703   0.042842
1704   0.042835
1705   0.042828
1706   0.042821
1707   0.042814
1708   0.042807
1709   0.042801
1710   0.042794
1711   0.042787
1712   0.04278
1713   0.042773
1714   0.042767
1715   0.04276
1716   0.042753
1717   0.042746
1718   0.042739
1719   0.042733
1720   0.042726
1721   0.042719
1722   0.042712
1723   0.042706
1724   0.042699
1725   0.042692
1726   0.042685
1727   0.042679
1728   0.042672
1729   0.042665
1730   0.042659
1731   0.042652
1732   0.042645
1733   0.042638
1734   0.042632
1735   0.042625
1736   0.042618
1737   0.042612
1738   0.042605
1739   0.042598
1740   0.042592
1741   0.042585
1742   0.042578
1743   0.042572
1744   0.042565
1745   0.042558
1746   0.042552
1747   0.042545
1748   0.042539
1749   0.042532
1750   0.042525
1751   0.042519
1752   0.042512
1753   0.042505
1754   0.042499
1755   0.042492
1756   0.042486
1757   0.042479
1758   0.042473
1759   0.042466
1760   0.042459
1761   0.042453
1762   0.042446
1763   0.04244
1764   0.042433
1765   0.042427
1766   0.04242
1767   0.042414
1768   0.042407
1769   0.042401
1770   0.042394
1771   0.042388
1772   0.042381
1773   0.042375
1774   0.042368
1775   0.042362
1776   0.042355
1777   0.042349
1778   0.042342
1779   0.042336
1780   0.042329
1781   0.042323
1782   0.042316
1783   0.04231
1784   0.042303
1785   0.042297
1786   0.042291
1787   0.042284
1788   0.042278
1789   0.042271
1790   0.042265
1791   0.042259
1792   0.042252
1793   0.042246
1794   0.042239
1795   0.042233
1796   0.042227
1797   0.04222
1798   0.042214
1799   0.042207
1800   0.042201
1801   0.042195
1802   0.042188
1803   0.042182
1804   0.042176
1805   0.042169
1806   0.042163
1807   0.042156
1808   0.04215
1809   0.042144
1810   0.042138
1811   0.042131
1812   0.042125
1813   0.042119
1814   0.042112
1815   0.042106
1816   0.0421
1817   0.042093
1818   0.042087
1819   0.042081
1820   0.042075
1821   0.042068
1822   0.042062
1823   0.042056
1824   0.042049
1825   0.042043
1826   0.042037
1827   0.042031
1828   0.042025
1829   0.042018
1830   0.042012
1831   0.042006
1832   0.042
1833   0.041993
1834   0.041987
1835   0.041981
1836   0.041975
1837   0.041968
1838   0.041962
1839   0.041956
1840   0.04195
1841   0.041944
1842   0.041938
1843   0.041931
1844   0.041925
1845   0.041919
1846   0.041913
1847   0.041907
1848   0.041901
1849   0.041894
1850   0.041888
1851   0.041882
1852   0.041876
1853   0.04187
1854   0.041864
1855   0.041857
1856   0.041851
1857   0.041845
1858   0.041839
1859   0.041833
1860   0.041827
1861   0.041821
1862   0.041815
1863   0.041809
1864   0.041803
1865   0.041797
1866   0.04179
1867   0.041784
1868   0.041778
1869   0.041772
1870   0.041766
1871   0.04176
1872   0.041754
1873   0.041748
1874   0.041742
1875   0.041736
1876   0.04173
1877   0.041724
1878   0.041718
1879   0.041712
1880   0.041706
1881   0.0417
1882   0.041694
1883   0.041688
1884   0.041682
1885   0.041676
1886   0.04167
1887   0.041664
1888   0.041658
1889   0.041652
1890   0.041646
1891   0.04164
1892   0.041634
1893   0.041628
1894   0.041622
1895   0.041616
1896   0.04161
1897   0.041604
1898   0.041598
1899   0.041592
1900   0.041586
1901   0.04158
1902   0.041574
1903   0.041568
1904   0.041562
1905   0.041556
1906   0.04155
1907   0.041545
1908   0.041539
1909   0.041533
1910   0.041527
1911   0.041521
1912   0.041515
1913   0.041509
1914   0.041503
1915   0.041497
1916   0.041492
1917   0.041486
1918   0.04148
1919   0.041474
1920   0.041468
1921   0.041462
1922   0.041456
1923   0.04145
1924   0.041444
1925   0.041439
1926   0.041433
1927   0.041427
1928   0.041421
1929   0.041415
1930   0.041409
1931   0.041404
1932   0.041398
1933   0.041392
1934   0.041386
1935   0.04138
1936   0.041375
1937   0.041369
1938   0.041363
1939   0.041357
1940   0.041351
1941   0.041346
1942   0.04134
1943   0.041334
1944   0.041328
1945   0.041323
1946   0.041317
1947   0.041311
1948   0.041305
1949   0.041299
1950   0.041294
1951   0.041288
1952   0.041282
1953   0.041276
1954   0.041271
1955   0.041265
1956   0.041259
1957   0.041254
1958   0.041248
1959   0.041242
1960   0.041236
1961   0.041231
1962   0.041225
1963   0.041219
1964   0.041214
1965   0.041208
1966   0.041202
1967   0.041196
1968   0.041191
1969   0.041185
1970   0.041179
1971   0.041174
1972   0.041168
1973   0.041162
1974   0.041157
1975   0.041151
1976   0.041145
1977   0.04114
1978   0.041134
1979   0.041129
1980   0.041123
1981   0.041117
1982   0.041112
1983   0.041106
1984   0.0411
1985   0.041095
1986   0.041089
1987   0.041083
1988   0.041078
1989   0.041072
1990   0.041067
1991   0.041061
1992   0.041055
1993   0.04105
1994   0.041044
1995   0.041038
1996   0.041033
1997   0.041027
1998   0.041022
1999   0.041016
2000   0.041011
2001   0.041005
2002   0.040999
2003   0.040994
2004   0.040988
2005   0.040983
2006   0.040977
2007   0.040972
2008   0.040966
2009   0.040961
2010   0.040955
2011   0.04095
2012   0.040944
2013   0.040938
2014   0.040933
2015   0.040927
2016   0.040922
2017   0.040916
2018   0.040911
2019   0.040905
2020   0.0409
2021   0.040894
2022   0.040889
2023   0.040883
2024   0.040878
2025   0.040872
2026   0.040867
2027   0.040861
2028   0.040856
2029   0.04085
2030   0.040845
2031   0.040839
2032   0.040834
2033   0.040828
2034   0.040823
2035   0.040818
2036   0.040812
2037   0.040807
2038   0.040801
2039   0.040796
2040   0.04079
2041   0.040785
2042   0.040779
2043   0.040774
2044   0.040769
2045   0.040763
2046   0.040758
2047   0.040752
2048   0.040747
2049   0.040741
2050   0.040736
2051   0.040731
2052   0.040725
2053   0.04072
2054   0.040714
2055   0.040709
2056   0.040704
2057   0.040698
2058   0.040693
2059   0.040688
2060   0.040682
2061   0.040677
2062   0.040671
2063   0.040666
2064   0.040661
2065   0.040655
2066   0.04065
2067   0.040645
2068   0.040639
2069   0.040634
2070   0.040629
2071   0.040623
2072   0.040618
2073   0.040613
2074   0.040607
2075   0.040602
2076   0.040597
2077   0.040591
2078   0.040586
2079   0.04058
2080   0.040575
2081   0.04057
2082   0.040565
2083   0.040559
2084   0.040554
2085   0.040549
2086   0.040543
2087   0.040538
2088   0.040533
2089   0.040528
2090   0.040522
2091   0.040517
2092   0.040512
2093   0.040506
2094   0.040501
2095   0.040496
2096   0.040491
2097   0.040485
2098   0.04048
2099   0.040475
2100   0.04047
2101   0.040464
2102   0.040459
2103   0.040454
2104   0.040449
2105   0.040443
2106   0.040438
2107   0.040433
2108   0.040428
2109   0.040422
2110   0.040417
2111   0.040412
2112   0.040407
2113   0.040401
2114   0.040396
2115   0.040391
2116   0.040386
2117   0.040381
2118   0.040375
2119   0.04037
2120   0.040365
2121   0.04036
2122   0.040355
2123   0.040349
2124   0.040344
2125   0.040339
2126   0.040334
2127   0.040329
2128   0.040323
2129   0.040318
2130   0.040313
2131   0.040308
2132   0.040303
2133   0.040298
2134   0.040293
2135   0.040287
2136   0.040282
2137   0.040277
2138   0.040272
2139   0.040267
2140   0.040262
2141   0.040257
2142   0.040251
2143   0.040246
2144   0.040241
2145   0.040236
2146   0.040231
2147   0.040226
2148   0.040221
2149   0.040215
2150   0.04021
2151   0.040205
2152   0.0402
2153   0.040195
2154   0.04019
2155   0.040185
2156   0.04018
2157   0.040175
2158   0.04017
2159   0.040165
2160   0.04016
2161   0.040154
2162   0.040149
2163   0.040144
2164   0.040139
2165   0.040134
2166   0.040129
2167   0.040124
2168   0.040119
2169   0.040114
2170   0.040109
2171   0.040104
2172   0.040099
2173   0.040094
2174   0.040089
2175   0.040084
2176   0.040078
2177   0.040073
2178   0.040068
2179   0.040064
2180   0.040058
2181   0.040053
2182   0.040048
2183   0.040043
2184   0.040038
2185   0.040033
2186   0.040028
2187   0.040023
2188   0.040018
2189   0.040013
2190   0.040008
2191   0.040003
2192   0.039998
2193   0.039993
2194   0.039988
2195   0.039983
2196   0.039978
2197   0.039973
2198   0.039968
2199   0.039963
2200   0.039958
2201   0.039953
2202   0.039949
2203   0.039944
2204   0.039938
2205   0.039934
2206   0.039929
2207   0.039924
2208   0.039919
2209   0.039914
2210   0.039909
2211   0.039904
2212   0.039899
2213   0.039894
2214   0.039889
2215   0.039884
2216   0.039879
2217   0.039874
2218   0.039869
2219   0.039864
2220   0.039859
2221   0.039855
2222   0.03985
2223   0.039845
2224   0.03984
2225   0.039835
2226   0.03983
2227   0.039825
2228   0.03982
2229   0.039815
2230   0.03981
2231   0.039806
2232   0.039801
2233   0.039796
2234   0.039791
2235   0.039786
2236   0.039781
2237   0.039776
2238   0.039771
2239   0.039767
2240   0.039762
2241   0.039757
2242   0.039752
2243   0.039747
2244   0.039742
2245   0.039737
2246   0.039733
2247   0.039728
2248   0.039723
2249   0.039718
2250   0.039713
2251   0.039708
2252   0.039703
2253   0.039699
2254   0.039694
2255   0.039689
2256   0.039684
2257   0.039679
2258   0.039674
2259   0.03967
2260   0.039665
2261   0.03966
2262   0.039655
2263   0.03965
2264   0.039646
2265   0.039641
2266   0.039636
2267   0.039631
2268   0.039626
2269   0.039621
2270   0.039617
2271   0.039612
2272   0.039607
2273   0.039602
2274   0.039598
2275   0.039593
2276   0.039588
2277   0.039583
2278   0.039578
2279   0.039574
2280   0.039569
2281   0.039564
2282   0.039559
2283   0.039555
2284   0.03955
2285   0.039545
2286   0.03954
2287   0.039536
2288   0.039531
2289   0.039526
2290   0.039521
2291   0.039517
2292   0.039512
2293   0.039507
2294   0.039502
2295   0.039498
2296   0.039493
2297   0.039488
2298   0.039483
2299   0.039479
2300   0.039474
2301   0.039469
2302   0.039464
2303   0.03946
2304   0.039455
2305   0.03945
2306   0.039446
2307   0.039441
2308   0.039436
2309   0.039432
2310   0.039427
2311   0.039422
2312   0.039418
2313   0.039413
2314   0.039408
2315   0.039403
2316   0.039399
2317   0.039394
2318   0.039389
2319   0.039385
2320   0.03938
2321   0.039375
2322   0.039371
2323   0.039366
2324   0.039361
2325   0.039357
2326   0.039352
2327   0.039347
2328   0.039343
2329   0.039338
2330   0.039333
2331   0.039329
2332   0.039324
2333   0.03932
2334   0.039315
2335   0.03931
2336   0.039306
2337   0.039301
2338   0.039296
2339   0.039292
2340   0.039287
2341   0.039282
2342   0.039278
2343   0.039273
2344   0.039269
2345   0.039264
2346   0.039259
2347   0.039255
2348   0.03925
2349   0.039245
2350   0.039241
2351   0.039236
2352   0.039232
2353   0.039227
2354   0.039222
2355   0.039218
2356   0.039213
2357   0.039209
2358   0.039204
2359   0.0392
2360   0.039195
2361   0.03919
2362   0.039186
2363   0.039181
2364   0.039177
2365   0.039172
2366   0.039167
2367   0.039163
2368   0.039158
2369   0.039154
2370   0.039149
2371   0.039145
2372   0.03914
2373   0.039136
2374   0.039131
2375   0.039126
2376   0.039122
2377   0.039117
2378   0.039113
2379   0.039108
2380   0.039104
2381   0.039099
2382   0.039095
2383   0.03909
2384   0.039085
2385   0.039081
2386   0.039076
2387   0.039072
2388   0.039067
2389   0.039063
2390   0.039058
2391   0.039054
2392   0.039049
2393   0.039045
2394   0.03904
2395   0.039036
2396   0.039031
2397   0.039027
2398   0.039022
2399   0.039018
2400   0.039013
2401   0.039009
2402   0.039004
2403   0.039
2404   0.038995
2405   0.038991
2406   0.038986
2407   0.038982
2408   0.038977
2409   0.038973
2410   0.038968
2411   0.038964
2412   0.038959
2413   0.038955
2414   0.038951
2415   0.038946
2416   0.038942
2417   0.038937
2418   0.038933
2419   0.038928
2420   0.038924
2421   0.038919
2422   0.038915
2423   0.038911
2424   0.038906
2425   0.038902
2426   0.038897
2427   0.038893
2428   0.038888
2429   0.038884
2430   0.038879
2431   0.038875
2432   0.03887
2433   0.038866
2434   0.038862
2435   0.038857
2436   0.038853
2437   0.038848
2438   0.038844
2439   0.03884
2440   0.038835
2441   0.038831
2442   0.038826
2443   0.038822
2444   0.038817
2445   0.038813
2446   0.038809
2447   0.038804
2448   0.0388
2449   0.038796
2450   0.038791
2451   0.038787
2452   0.038782
2453   0.038778
2454   0.038774
2455   0.038769
2456   0.038765
2457   0.03876
2458   0.038756
2459   0.038752
2460   0.038747
2461   0.038743
2462   0.038739
2463   0.038734
2464   0.03873
2465   0.038725
2466   0.038721
2467   0.038717
2468   0.038712
2469   0.038708
2470   0.038704
2471   0.038699
2472   0.038695
2473   0.038691
2474   0.038686
2475   0.038682
2476   0.038678
2477   0.038673
2478   0.038669
2479   0.038665
2480   0.03866
2481   0.038656
2482   0.038652
2483   0.038647
2484   0.038643
2485   0.038639
2486   0.038634
2487   0.03863
2488   0.038626
2489   0.038621
2490   0.038617
2491   0.038613
2492   0.038608
2493   0.038604
2494   0.0386
2495   0.038596
2496   0.038591
2497   0.038587
2498   0.038583
2499   0.038578
2500   0.038574
2501   0.03857
2502   0.038565
2503   0.038561
2504   0.038557
2505   0.038553
2506   0.038548
2507   0.038544
2508   0.03854
2509   0.038535
2510   0.038531
2511   0.038527
2512   0.038523
2513   0.038518
2514   0.038514
2515   0.03851
2516   0.038506
2517   0.038501
2518   0.038497
2519   0.038493
2520   0.038488
2521   0.038484
2522   0.03848
2523   0.038476
2524   0.038472
2525   0.038467
2526   0.038463
2527   0.038459
2528   0.038454
2529   0.03845
2530   0.038446
2531   0.038442
2532   0.038438
2533   0.038433
2534   0.038429
2535   0.038425
2536   0.038421
2537   0.038417
2538   0.038412
2539   0.038408
2540   0.038404
2541   0.0384
2542   0.038395
2543   0.038391
2544   0.038387
2545   0.038383
2546   0.038378
2547   0.038374
2548   0.03837
2549   0.038366
2550   0.038362
2551   0.038358
2552   0.038353
2553   0.038349
2554   0.038345
2555   0.038341
2556   0.038337
2557   0.038332
2558   0.038328
2559   0.038324
2560   0.03832
2561   0.038316
2562   0.038312
2563   0.038307
2564   0.038303
2565   0.038299
2566   0.038295
2567   0.038291
2568   0.038286
2569   0.038282
2570   0.038278
2571   0.038274
2572   0.03827
2573   0.038266
2574   0.038261
2575   0.038257
2576   0.038253
2577   0.038249
2578   0.038245
2579   0.038241
2580   0.038237
2581   0.038232
2582   0.038228
2583   0.038224
2584   0.03822
2585   0.038216
2586   0.038212
2587   0.038208
2588   0.038204
2589   0.038199
2590   0.038195
2591   0.038191
2592   0.038187
2593   0.038183
2594   0.038179
2595   0.038175
2596   0.038171
2597   0.038166
2598   0.038162
2599   0.038158
2600   0.038154
2601   0.03815
2602   0.038146
2603   0.038142
2604   0.038138
2605   0.038134
2606   0.038129
2607   0.038125
2608   0.038121
2609   0.038117
2610   0.038113
2611   0.038109
2612   0.038105
2613   0.038101
2614   0.038097
2615   0.038093
2616   0.038089
2617   0.038084
2618   0.03808
2619   0.038076
2620   0.038072
2621   0.038068
2622   0.038064
2623   0.03806
2624   0.038056
2625   0.038052
2626   0.038048
2627   0.038044
2628   0.03804
2629   0.038036
2630   0.038032
2631   0.038028
2632   0.038024
2633   0.038019
2634   0.038015
2635   0.038011
2636   0.038007
2637   0.038003
2638   0.037999
2639   0.037995
2640   0.037991
2641   0.037987
2642   0.037983
2643   0.037979
2644   0.037975
2645   0.037971
2646   0.037967
2647   0.037963
2648   0.037959
2649   0.037955
2650   0.037951
2651   0.037947
2652   0.037943
2653   0.037939
2654   0.037935
2655   0.037931
2656   0.037927
2657   0.037923
2658   0.037919
2659   0.037915
2660   0.037911
2661   0.037907
2662   0.037903
2663   0.037899
2664   0.037895
2665   0.037891
2666   0.037887
2667   0.037883
2668   0.037879
2669   0.037875
2670   0.037871
2671   0.037867
2672   0.037863
2673   0.037859
2674   0.037855
2675   0.037851
2676   0.037847
2677   0.037843
2678   0.037839
2679   0.037835
2680   0.037831
2681   0.037827
2682   0.037823
2683   0.037819
2684   0.037815
2685   0.037811
2686   0.037807
2687   0.037803
2688   0.037799
2689   0.037795
2690   0.037791
2691   0.037787
2692   0.037783
2693   0.037779
2694   0.037775
2695   0.037771
2696   0.037767
2697   0.037763
2698   0.03776
2699   0.037756
2700   0.037752
2701   0.037748
2702   0.037744
2703   0.03774
2704   0.037736
2705   0.037732
2706   0.037728
2707   0.037724
2708   0.03772
2709   0.037716
2710   0.037712
2711   0.037708
2712   0.037705
2713   0.037701
2714   0.037697
2715   0.037693
2716   0.037689
2717   0.037685
2718   0.037681
2719   0.037677
2720   0.037673
2721   0.037669
2722   0.037665
2723   0.037662
2724   0.037658
2725   0.037654
2726   0.03765
2727   0.037646
2728   0.037642
2729   0.037638
2730   0.037634
2731   0.03763
2732   0.037626
2733   0.037623
2734   0.037619
2735   0.037615
2736   0.037611
2737   0.037607
2738   0.037603
2739   0.037599
2740   0.037595
2741   0.037591
2742   0.037588
2743   0.037584
2744   0.03758
2745   0.037576
2746   0.037572
2747   0.037568
2748   0.037564
2749   0.037561
2750   0.037557
2751   0.037553
2752   0.037549
2753   0.037545
2754   0.037541
2755   0.037537
2756   0.037533
2757   0.03753
2758   0.037526
2759   0.037522
2760   0.037518
2761   0.037514
2762   0.03751
2763   0.037507
2764   0.037503
2765   0.037499
2766   0.037495
2767   0.037491
2768   0.037487
2769   0.037483
2770   0.03748
2771   0.037476
2772   0.037472
2773   0.037468
2774   0.037464
2775   0.037461
2776   0.037457
2777   0.037453
2778   0.037449
2779   0.037445
2780   0.037441
2781   0.037438
2782   0.037434
2783   0.03743
2784   0.037426
2785   0.037422
2786   0.037419
2787   0.037415
2788   0.037411
2789   0.037407
2790   0.037403
2791   0.0374
2792   0.037396
2793   0.037392
2794   0.037388
2795   0.037384
2796   0.037381
2797   0.037377
2798   0.037373
2799   0.037369
2800   0.037365
2801   0.037362
2802   0.037358
2803   0.037354
2804   0.03735
2805   0.037347
2806   0.037343
2807   0.037339
2808   0.037335
2809   0.037331
2810   0.037328
2811   0.037324
2812   0.03732
2813   0.037316
2814   0.037313
2815   0.037309
2816   0.037305
2817   0.037301
2818   0.037297
2819   0.037294
2820   0.03729
2821   0.037286
2822   0.037283
2823   0.037279
2824   0.037275
2825   0.037271
2826   0.037267
2827   0.037264
2828   0.03726
2829   0.037256
2830   0.037253
2831   0.037249
2832   0.037245
2833   0.037241
2834   0.037237
2835   0.037234
2836   0.03723
2837   0.037226
2838   0.037223
2839   0.037219
2840   0.037215
2841   0.037211
2842   0.037208
2843   0.037204
2844   0.0372
2845   0.037197
2846   0.037193
2847   0.037189
2848   0.037185
2849   0.037182
2850   0.037178
2851   0.037174
2852   0.03717
2853   0.037167
2854   0.037163
2855   0.037159
2856   0.037156
2857   0.037152
2858   0.037148
2859   0.037145
2860   0.037141
2861   0.037137
2862   0.037133
2863   0.03713
2864   0.037126
2865   0.037122
2866   0.037119
2867   0.037115
2868   0.037111
2869   0.037108
2870   0.037104
2871   0.0371
2872   0.037097
2873   0.037093
2874   0.037089
2875   0.037085
2876   0.037082
2877   0.037078
2878   0.037074
2879   0.037071
2880   0.037067
2881   0.037064
2882   0.03706
2883   0.037056
2884   0.037053
2885   0.037049
2886   0.037045
2887   0.037042
2888   0.037038
2889   0.037034
2890   0.03703
2891   0.037027
2892   0.037023
2893   0.037019
2894   0.037016
2895   0.037012
2896   0.037009
2897   0.037005
2898   0.037001
2899   0.036998
2900   0.036994
2901   0.03699
2902   0.036987
2903   0.036983
2904   0.036979
2905   0.036976
2906   0.036972
2907   0.036968
2908   0.036965
2909   0.036961
2910   0.036958
2911   0.036954
2912   0.03695
2913   0.036947
2914   0.036943
2915   0.03694
2916   0.036936
2917   0.036932
2918   0.036929
2919   0.036925
2920   0.036921
2921   0.036918
2922   0.036914
2923   0.036911
2924   0.036907
2925   0.036903
2926   0.0369
2927   0.036896
2928   0.036892
2929   0.036889
2930   0.036885
2931   0.036882
2932   0.036878
2933   0.036874
2934   0.036871
2935   0.036867
2936   0.036864
2937   0.03686
2938   0.036856
2939   0.036853
2940   0.036849
2941   0.036846
2942   0.036842
2943   0.036839
2944   0.036835
2945   0.036831
2946   0.036828
2947   0.036824
2948   0.036821
2949   0.036817
2950   0.036813
2951   0.03681
2952   0.036806
2953   0.036803
2954   0.036799
2955   0.036796
2956   0.036792
2957   0.036788
2958   0.036785
2959   0.036781
2960   0.036778
2961   0.036774
2962   0.036771
2963   0.036767
2964   0.036764
2965   0.03676
2966   0.036756
2967   0.036753
2968   0.036749
2969   0.036746
2970   0.036742
2971   0.036739
2972   0.036735
2973   0.036732
2974   0.036728
2975   0.036724
2976   0.036721
2977   0.036717
2978   0.036714
2979   0.03671
2980   0.036707
2981   0.036703
2982   0.0367
2983   0.036696
2984   0.036693
2985   0.036689
2986   0.036686
2987   0.036682
2988   0.036679
2989   0.036675
2990   0.036672
2991   0.036668
2992   0.036665
2993   0.036661
2994   0.036658
2995   0.036655
2996   0.036652
2997   0.036649
2998   0.036647
2999   0.036645
3000   0.036645
