0   0.10117
1   0.10117
2   0.10117
3   0.10117
4   0.10117
5   0.10117
6   0.10117
7   0.10117
8   0.10117
9   0.10117
10   0.10117
11   0.10117
12   0.10117
13   0.10117
14   0.10117
15   0.10117
16   0.10117
17   0.10117
18   0.10117
19   0.10117
20   0.10117
21   0.10117
22   0.10117
23   0.10116
24   0.10116
25   0.10116
26   0.10116
27   0.10116
28   0.10116
29   0.10116
30   0.10116
31   0.10116
32   0.10116
33   0.10116
34   0.10116
35   0.10116
36   0.10116
37   0.10116
38   0.10116
39   0.10116
40   0.10116
41   0.10115
42   0.10115
43   0.10115
44   0.10115
45   0.10115
46   0.10115
47   0.10115
48   0.10115
49   0.10115
50   0.10115
51   0.10115
52   0.10115
53   0.10115
54   0.10115
55   0.10115
56   0.10115
57   0.10115
58   0.10115
59   0.10114
60   0.10114
61   0.10114
62   0.10114
63   0.10114
64   0.10114
65   0.10114
66   0.10114
67   0.10114
68   0.10114
69   0.10114
70   0.10114
71   0.10114
72   0.10114
73   0.10114
74   0.10114
75   0.10114
76   0.10114
77   0.10114
78   0.10114
79   0.10113
80   0.10113
81   0.10113
82   0.10113
83   0.10113
84   0.10113
85   0.10113
86   0.10113
87   0.10113
88   0.10113
89   0.10113
90   0.10113
91   0.10113
92   0.10113
93   0.10113
94   0.10113
95   0.10113
96   0.10113
97   0.10113
98   0.10112
99   0.10112
100   0.10112
101   0.10112
102   0.10112
103   0.10112
104   0.10112
105   0.10112
106   0.10112
107   0.10112
108   0.10112
109   0.10112
110   0.10112
111   0.10112
112   0.10112
113   0.10112
114   0.10112
115   0.10112
116   0.10111
117   0.10111
118   0.10111
119   0.10111
120   0.10111
121   0.10111
122   0.10111
123   0.10111
124   0.10111
125   0.10111
126   0.10111
127   0.10111
128   0.10111
129   0.10111
130   0.10111
131   0.10111
132   0.1011
133   0.1011
134   0.1011
135   0.1011
136   0.1011
137   0.1011
138   0.1011
139   0.1011
140   0.1011
141   0.1011
142   0.1011
143   0.1011
144   0.1011
145   0.1011
146   0.1011
147   0.1011
148   0.1011
149   0.1011
150   0.10109
151   0.10109
152   0.10109
153   0.10109
154   0.10109
155   0.10109
156   0.10109
157   0.10109
158   0.10109
159   0.10109
160   0.10109
161   0.10109
162   0.10109
163   0.10109
164   0.10109
165   0.10109
166   0.10109
167   0.10109
168   0.10108
169   0.10108
170   0.10108
171   0.10108
172   0.10108
173   0.10108
174   0.10108
175   0.10108
176   0.10108
177   0.10108
178   0.10108
179   0.10108
180   0.10108
181   0.10108
182   0.10108
183   0.10108
184   0.10108
185   0.10108
186   0.10108
187   0.10108
188   0.10107
189   0.10107
190   0.10107
191   0.10107
192   0.10107
193   0.10107
194   0.10107
195   0.10107
196   0.10107
197   0.10107
198   0.10107
199   0.10107
200   0.10107
201   0.10107
202   0.10107
203   0.10107
204   0.10107
205   0.10107
206   0.10106
207   0.10106
208   0.10106
209   0.10106
210   0.10106
211   0.10106
212   0.10106
213   0.10106
214   0.10106
215   0.10106
216   0.10106
217   0.10106
218   0.10106
219   0.10106
220   0.10106
221   0.10106
222   0.10106
223   0.10106
224   0.10105
225   0.10105
226   0.10105
227   0.10105
228   0.10105
229   0.10105
230   0.10105
231   0.10105
232   0.10105
233   0.10105
234   0.10105
235   0.10105
236   0.10105
237   0.10105
238   0.10105
239   0.10105
240   0.10104
241   0.10104
242   0.10104
243   0.10104
244   0.10104
245   0.10104
246   0.10104
247   0.10104
248   0.10104
249   0.10104
250   0.10104
251   0.10104
252   0.10104
253   0.10104
254   0.10104
255   0.10104
256   0.10104
257   0.10104
258   0.10103
259   0.10103
260   0.10103
261   0.10103
262   0.10103
263   0.10103
264   0.10103
265   0.10103
266   0.10103
267   0.10103
268   0.10103
269   0.10103
270   0.10103
271   0.10103
272   0.10103
273   0.10103
274   0.10103
275   0.10103
276   0.10103
277   0.10102
278   0.10102
279   0.10102
280   0.10102
281   0.10102
282   0.10102
283   0.10102
284   0.10102
285   0.10102
286   0.10102
287   0.10102
288   0.10102
289   0.10102
290   0.10102
291   0.10102
292   0.10102
293   0.10102
294   0.10102
295   0.10101
296   0.10101
297   0.10101
298   0.10101
299   0.10101
300   0.10101
301   0.10101
302   0.10101
303   0.10101
304   0.10101
305   0.10101
306   0.10101
307   0.10101
308   0.10101
309   0.10101
310   0.10101
311   0.10101
312   0.10101
313   0.101
314   0.101
315   0.101
316   0.101
317   0.101
318   0.101
319   0.101
320   0.101
321   0.101
322   0.101
323   0.101
324   0.101
325   0.101
326   0.101
327   0.101
328   0.101
329   0.10099
330   0.10099
331   0.10099
332   0.10099
333   0.10099
334   0.10099
335   0.10099
336   0.10099
337   0.10099
338   0.10099
339   0.10099
340   0.10099
341   0.10099
342   0.10099
343   0.10099
344   0.10099
345   0.10099
346   0.10099
347   0.10098
348   0.10098
349   0.10098
350   0.10098
351   0.10098
352   0.10098
353   0.10098
354   0.10098
355   0.10098
356   0.10098
357   0.10098
358   0.10098
359   0.10098
360   0.10098
361   0.10098
362   0.10098
363   0.10098
364   0.10097
365   0.10097
366   0.10097
367   0.10097
368   0.10097
369   0.10097
370   0.10097
371   0.10097
372   0.10097
373   0.10097
374   0.10097
375   0.10097
376   0.10097
377   0.10097
378   0.10097
379   0.10097
380   0.10097
381   0.10097
382   0.10097
383   0.10097
384   0.10096
385   0.10096
386   0.10096
387   0.10096
388   0.10096
389   0.10096
390   0.10096
391   0.10096
392   0.10096
393   0.10096
394   0.10096
395   0.10096
396   0.10096
397   0.10096
398   0.10096
399   0.10096
400   0.10096
401   0.10095
402   0.10095
403   0.10095
404   0.10095
405   0.10095
406   0.10095
407   0.10095
408   0.10095
409   0.10095
410   0.10095
411   0.10095
412   0.10095
413   0.10095
414   0.10095
415   0.10095
416   0.10095
417   0.10095
418   0.10095
419   0.10094
420   0.10094
421   0.10094
422   0.10094
423   0.10094
424   0.10094
425   0.10094
426   0.10094
427   0.10094
428   0.10094
429   0.10094
430   0.10094
431   0.10094
432   0.10094
433   0.10094
434   0.10094
435   0.10093
436   0.10093
437   0.10093
438   0.10093
439   0.10093
440   0.10093
441   0.10093
442   0.10093
443   0.10093
444   0.10093
445   0.10093
446   0.10093
447   0.10093
448   0.10093
449   0.10093
450   0.10093
451   0.10093
452   0.10092
453   0.10092
454   0.10092
455   0.10092
456   0.10092
457   0.10092
458   0.10092
459   0.10092
460   0.10092
461   0.10092
462   0.10092
463   0.10092
464   0.10092
465   0.10092
466   0.10092
467   0.10092
468   0.10092
469   0.10091
470   0.10091
471   0.10091
472   0.10091
473   0.10091
474   0.10091
475   0.10091
476   0.10091
477   0.10091
478   0.10091
479   0.10091
480   0.10091
481   0.10091
482   0.10091
483   0.10091
484   0.10091
485   0.10091
486   0.10091
487   0.10091
488   0.10091
489   0.1009
490   0.1009
491   0.1009
492   0.1009
493   0.1009
494   0.1009
495   0.1009
496   0.1009
497   0.1009
498   0.1009
499   0.1009
500   0.1009
501   0.1009
502   0.1009
503   0.1009
504   0.1009
505   0.1009
506   0.10089
507   0.10089
508   0.10089
509   0.10089
510   0.10089
511   0.10089
512   0.10089
513   0.10089
514   0.10089
515   0.10089
516   0.10089
517   0.10089
518   0.10089
519   0.10089
520   0.10089
521   0.10089
522   0.10088
523   0.10088
524   0.10088
525   0.10088
526   0.10088
527   0.10088
528   0.10088
529   0.10088
530   0.10088
531   0.10088
532   0.10088
533   0.10088
534   0.10088
535   0.10088
536   0.10088
537   0.10088
538   0.10088
539   0.10087
540   0.10087
541   0.10087
542   0.10087
543   0.10087
544   0.10087
545   0.10087
546   0.10087
547   0.10087
548   0.10087
549   0.10087
550   0.10087
551   0.10087
552   0.10087
553   0.10087
554   0.10087
555   0.10087
556   0.10086
557   0.10086
558   0.10086
559   0.10086
560   0.10086
561   0.10086
562   0.10086
563   0.10086
564   0.10086
565   0.10086
566   0.10086
567   0.10086
568   0.10086
569   0.10086
570   0.10086
571   0.10086
572   0.10086
573   0.10086
574   0.10086
575   0.10085
576   0.10085
577   0.10085
578   0.10085
579   0.10085
580   0.10085
581   0.10085
582   0.10085
583   0.10085
584   0.10085
585   0.10085
586   0.10085
587   0.10085
588   0.10085
589   0.10085
590   0.10085
591   0.10085
592   0.10084
593   0.10084
594   0.10084
595   0.10084
596   0.10084
597   0.10084
598   0.10084
599   0.10084
600   0.10084
601   0.10084
602   0.10084
603   0.10084
604   0.10084
605   0.10084
606   0.10084
607   0.10084
608   0.10084
609   0.10084
610   0.10083
611   0.10083
612   0.10083
613   0.10083
614   0.10083
615   0.10083
616   0.10083
617   0.10083
618   0.10083
619   0.10083
620   0.10083
621   0.10083
622   0.10083
623   0.10083
624   0.10083
625   0.10082
626   0.10082
627   0.10082
628   0.10082
629   0.10082
630   0.10082
631   0.10082
632   0.10082
633   0.10082
634   0.10082
635   0.10082
636   0.10082
637   0.10082
638   0.10082
639   0.10082
640   0.10082
641   0.10082
642   0.10081
643   0.10081
644   0.10081
645   0.10081
646   0.10081
647   0.10081
648   0.10081
649   0.10081
650   0.10081
651   0.10081
652   0.10081
653   0.10081
654   0.10081
655   0.10081
656   0.10081
657   0.10081
658   0.10081
659   0.1008
660   0.1008
661   0.1008
662   0.1008
663   0.1008
664   0.1008
665   0.1008
666   0.1008
667   0.1008
668   0.1008
669   0.1008
670   0.1008
671   0.1008
672   0.1008
673   0.1008
674   0.1008
675   0.1008
676   0.1008
677   0.1008
678   0.10079
679   0.10079
680   0.10079
681   0.10079
682   0.10079
683   0.10079
684   0.10079
685   0.10079
686   0.10079
687   0.10079
688   0.10079
689   0.10079
690   0.10079
691   0.10079
692   0.10079
693   0.10079
694   0.10079
695   0.10078
696   0.10078
697   0.10078
698   0.10078
699   0.10078
700   0.10078
701   0.10078
702   0.10078
703   0.10078
704   0.10078
705   0.10078
706   0.10078
707   0.10078
708   0.10078
709   0.10078
710   0.10078
711   0.10078
712   0.10077
713   0.10077
714   0.10077
715   0.10077
716   0.10077
717   0.10077
718   0.10077
719   0.10077
720   0.10077
721   0.10077
722   0.10077
723   0.10077
724   0.10077
725   0.10077
726   0.10077
727   0.10076
728   0.10076
729   0.10076
730   0.10076
731   0.10076
732   0.10076
733   0.10076
734   0.10076
735   0.10076
736   0.10076
737   0.10076
738   0.10076
739   0.10076
740   0.10076
741   0.10076
742   0.10076
743   0.10076
744   0.10075
745   0.10075
746   0.10075
747   0.10075
748   0.10075
749   0.10075
750   0.10075
751   0.10075
752   0.10075
753   0.10075
754   0.10075
755   0.10075
756   0.10075
757   0.10075
758   0.10075
759   0.10075
760   0.10075
761   0.10074
762   0.10074
763   0.10074
764   0.10074
765   0.10074
766   0.10074
767   0.10074
768   0.10074
769   0.10074
770   0.10074
771   0.10074
772   0.10074
773   0.10074
774   0.10074
775   0.10074
776   0.10074
777   0.10074
778   0.10074
779   0.10073
780   0.10073
781   0.10073
782   0.10073
783   0.10073
784   0.10073
785   0.10073
786   0.10073
787   0.10073
788   0.10073
789   0.10073
790   0.10073
791   0.10073
792   0.10073
793   0.10073
794   0.10073
795   0.10073
796   0.10072
797   0.10072
798   0.10072
799   0.10072
800   0.10072
801   0.10072
802   0.10072
803   0.10072
804   0.10072
805   0.10072
806   0.10072
807   0.10072
808   0.10072
809   0.10072
810   0.10072
811   0.10071
812   0.10071
813   0.10071
814   0.10071
815   0.10071
816   0.10071
817   0.10071
818   0.10071
819   0.10071
820   0.10071
821   0.10071
822   0.10071
823   0.10071
824   0.10071
825   0.10071
826   0.10071
827   0.10071
828   0.1007
829   0.1007
830   0.1007
831   0.1007
832   0.1007
833   0.1007
834   0.1007
835   0.1007
836   0.1007
837   0.1007
838   0.1007
839   0.1007
840   0.1007
841   0.1007
842   0.1007
843   0.1007
844   0.1007
845   0.10069
846   0.10069
847   0.10069
848   0.10069
849   0.10069
850   0.10069
851   0.10069
852   0.10069
853   0.10069
854   0.10069
855   0.10069
856   0.10069
857   0.10069
858   0.10069
859   0.10069
860   0.10069
861   0.10069
862   0.10069
863   0.10068
864   0.10068
865   0.10068
866   0.10068
867   0.10068
868   0.10068
869   0.10068
870   0.10068
871   0.10068
872   0.10068
873   0.10068
874   0.10068
875   0.10068
876   0.10068
877   0.10068
878   0.10068
879   0.10068
880   0.10067
881   0.10067
882   0.10067
883   0.10067
884   0.10067
885   0.10067
886   0.10067
887   0.10067
888   0.10067
889   0.10067
890   0.10067
891   0.10067
892   0.10067
893   0.10067
894   0.10067
895   0.10067
896   0.10066
897   0.10066
898   0.10066
899   0.10066
900   0.10066
901   0.10066
902   0.10066
903   0.10066
904   0.10066
905   0.10066
906   0.10066
907   0.10066
908   0.10066
909   0.10066
910   0.10066
911   0.10065
912   0.10065
913   0.10065
914   0.10065
915   0.10065
916   0.10065
917   0.10065
918   0.10065
919   0.10065
920   0.10065
921   0.10065
922   0.10065
923   0.10065
924   0.10065
925   0.10065
926   0.10065
927   0.10065
928   0.10064
929   0.10064
930   0.10064
931   0.10064
932   0.10064
933   0.10064
934   0.10064
935   0.10064
936   0.10064
937   0.10064
938   0.10064
939   0.10064
940   0.10064
941   0.10064
942   0.10064
943   0.10064
944   0.10063
945   0.10063
946   0.10063
947   0.10063
948   0.10063
949   0.10063
950   0.10063
951   0.10063
952   0.10063
953   0.10063
954   0.10063
955   0.10063
956   0.10063
957   0.10063
958   0.10063
959   0.10063
960   0.10063
961   0.10063
962   0.10063
963   0.10062
964   0.10062
965   0.10062
966   0.10062
967   0.10062
968   0.10062
969   0.10062
970   0.10062
971   0.10062
972   0.10062
973   0.10062
974   0.10062
975   0.10062
976   0.10062
977   0.10062
978   0.10062
979   0.10061
980   0.10061
981   0.10061
982   0.10061
983   0.10061
984   0.10061
985   0.10061
986   0.10061
987   0.10061
988   0.10061
989   0.10061
990   0.10061
991   0.10061
992   0.10061
993   0.10061
994   0.10061
995   0.1006
996   0.1006
997   0.1006
998   0.1006
999   0.1006
1000   0.1006
1001   0.1006
1002   0.1006
1003   0.1006
1004   0.1006
1005   0.1006
1006   0.1006
1007   0.1006
1008   0.1006
1009   0.1006
1010   0.10059
1011   0.10059
1012   0.10059
1013   0.10059
1014   0.10059
1015   0.10059
1016   0.10059
1017   0.10059
1018   0.10059
1019   0.10059
1020   0.10059
1021   0.10059
1022   0.10059
1023   0.10059
1024   0.10059
1025   0.10059
1026   0.10059
1027   0.10058
1028   0.10058
1029   0.10058
1030   0.10058
1031   0.10058
1032   0.10058
1033   0.10058
1034   0.10058
1035   0.10058
1036   0.10058
1037   0.10058
1038   0.10058
1039   0.10058
1040   0.10058
1041   0.10058
1042   0.10058
1043   0.10058
1044   0.10058
1045   0.10057
1046   0.10057
1047   0.10057
1048   0.10057
1049   0.10057
1050   0.10057
1051   0.10057
1052   0.10057
1053   0.10057
1054   0.10057
1055   0.10057
1056   0.10057
1057   0.10057
1058   0.10057
1059   0.10057
1060   0.10057
1061   0.10056
1062   0.10056
1063   0.10056
1064   0.10056
1065   0.10056
1066   0.10056
1067   0.10056
1068   0.10056
1069   0.10056
1070   0.10056
1071   0.10056
1072   0.10056
1073   0.10056
1074   0.10056
1075   0.10056
1076   0.10056
1077   0.10055
1078   0.10055
1079   0.10055
1080   0.10055
1081   0.10055
1082   0.10055
1083   0.10055
1084   0.10055
1085   0.10055
1086   0.10055
1087   0.10055
1088   0.10055
1089   0.10055
1090   0.10055
1091   0.10055
1092   0.10054
1093   0.10054
1094   0.10054
1095   0.10054
1096   0.10054
1097   0.10054
1098   0.10054
1099   0.10054
1100   0.10054
1101   0.10054
1102   0.10054
1103   0.10054
1104   0.10054
1105   0.10054
1106   0.10054
1107   0.10054
1108   0.10053
1109   0.10053
1110   0.10053
1111   0.10053
1112   0.10053
1113   0.10053
1114   0.10053
1115   0.10053
1116   0.10053
1117   0.10053
1118   0.10053
1119   0.10053
1120   0.10053
1121   0.10053
1122   0.10053
1123   0.10053
1124   0.10052
1125   0.10052
1126   0.10052
1127   0.10052
1128   0.10052
1129   0.10052
1130   0.10052
1131   0.10052
1132   0.10052
1133   0.10052
1134   0.10052
1135   0.10052
1136   0.10052
1137   0.10052
1138   0.10052
1139   0.10052
1140   0.10052
1141   0.10052
1142   0.10051
1143   0.10051
1144   0.10051
1145   0.10051
1146   0.10051
1147   0.10051
1148   0.10051
1149   0.10051
1150   0.10051
1151   0.10051
1152   0.10051
1153   0.10051
1154   0.10051
1155   0.10051
1156   0.10051
1157   0.10051
1158   0.1005
1159   0.1005
1160   0.1005
1161   0.1005
1162   0.1005
1163   0.1005
1164   0.1005
1165   0.1005
1166   0.1005
1167   0.1005
1168   0.1005
1169   0.1005
1170   0.1005
1171   0.1005
1172   0.1005
1173   0.1005
1174   0.10049
1175   0.10049
1176   0.10049
1177   0.10049
1178   0.10049
1179   0.10049
1180   0.10049
1181   0.10049
1182   0.10049
1183   0.10049
1184   0.10049
1185   0.10049
1186   0.10049
1187   0.10049
1188   0.10048
1189   0.10048
1190   0.10048
1191   0.10048
1192   0.10048
1193   0.10048
1194   0.10048
1195   0.10048
1196   0.10048
1197   0.10048
1198   0.10048
1199   0.10048
1200   0.10048
1201   0.10048
1202   0.10048
1203   0.10048
1204   0.10048
1205   0.10047
1206   0.10047
1207   0.10047
1208   0.10047
1209   0.10047
1210   0.10047
1211   0.10047
1212   0.10047
1213   0.10047
1214   0.10047
1215   0.10047
1216   0.10047
1217   0.10047
1218   0.10047
1219   0.10047
1220   0.10047
1221   0.10046
1222   0.10046
1223   0.10046
1224   0.10046
1225   0.10046
1226   0.10046
1227   0.10046
1228   0.10046
1229   0.10046
1230   0.10046
1231   0.10046
1232   0.10046
1233   0.10046
1234   0.10046
1235   0.10046
1236   0.10046
1237   0.10046
1238   0.10045
1239   0.10045
1240   0.10045
1241   0.10045
1242   0.10045
1243   0.10045
1244   0.10045
1245   0.10045
1246   0.10045
1247   0.10045
1248   0.10045
1249   0.10045
1250   0.10045
1251   0.10045
1252   0.10045
1253   0.10045
1254   0.10044
1255   0.10044
1256   0.10044
1257   0.10044
1258   0.10044
1259   0.10044
1260   0.10044
1261   0.10044
1262   0.10044
1263   0.10044
1264   0.10044
1265   0.10044
1266   0.10044
1267   0.10044
1268   0.10044
1269   0.10044
1270   0.10043
1271   0.10043
1272   0.10043
1273   0.10043
1274   0.10043
1275   0.10043
1276   0.10043
1277   0.10043
1278   0.10043
1279   0.10043
1280   0.10043
1281   0.10043
1282   0.10043
1283   0.10043
1284   0.10042
1285   0.10042
1286   0.10042
1287   0.10042
1288   0.10042
1289   0.10042
1290   0.10042
1291   0.10042
1292   0.10042
1293   0.10042
1294   0.10042
1295   0.10042
1296   0.10042
1297   0.10042
1298   0.10042
1299   0.10042
1300   0.10041
1301   0.10041
1302   0.10041
1303   0.10041
1304   0.10041
1305   0.10041
1306   0.10041
1307   0.10041
1308   0.10041
1309   0.10041
1310   0.10041
1311   0.10041
1312   0.10041
1313   0.10041
1314   0.10041
1315   0.10041
1316   0.10041
1317   0.1004
1318   0.1004
1319   0.1004
1320   0.1004
1321   0.1004
1322   0.1004
1323   0.1004
1324   0.1004
1325   0.1004
1326   0.1004
1327   0.1004
1328   0.1004
1329   0.1004
1330   0.1004
1331   0.1004
1332   0.1004
1333   0.10039
1334   0.10039
1335   0.10039
1336   0.10039
1337   0.10039
1338   0.10039
1339   0.10039
1340   0.10039
1341   0.10039
1342   0.10039
1343   0.10039
1344   0.10039
1345   0.10039
1346   0.10039
1347   0.10039
1348   0.10039
1349   0.10038
1350   0.10038
1351   0.10038
1352   0.10038
1353   0.10038
1354   0.10038
1355   0.10038
1356   0.10038
1357   0.10038
1358   0.10038
1359   0.10038
1360   0.10038
1361   0.10038
1362   0.10038
1363   0.10037
1364   0.10037
1365   0.10037
1366   0.10037
1367   0.10037
1368   0.10037
1369   0.10037
1370   0.10037
1371   0.10037
1372   0.10037
1373   0.10037
1374   0.10037
1375   0.10037
1376   0.10037
1377   0.10037
1378   0.10037
1379   0.10036
1380   0.10036
1381   0.10036
1382   0.10036
1383   0.10036
1384   0.10036
1385   0.10036
1386   0.10036
1387   0.10036
1388   0.10036
1389   0.10036
1390   0.10036
1391   0.10036
1392   0.10036
1393   0.10036
1394   0.10035
1395   0.10035
1396   0.10035
1397   0.10035
1398   0.10035
1399   0.10035
1400   0.10035
1401   0.10035
1402   0.10035
1403   0.10035
1404   0.10035
1405   0.10035
1406   0.10035
1407   0.10034
1408   0.10034
1409   0.10034
1410   0.10034
1411   0.10034
1412   0.10034
1413   0.10034
1414   0.10033
1415   0.10033
1416   0.10033
1417   0.10033
1418   0.10032
1419   0.10032
1420   0.10031
1421   0.10031
1422   0.1003
1423   0.1003
1424   0.10029
1425   0.10028
1426   0.10027
1427   0.10026
1428   0.10025
1429   0.10024
1430   0.10022
1431   0.1002
1432   0.10018
1433   0.10015
1434   0.10012
1435   0.10008
1436   0.10004
1437   0.099993
1438   0.099937
1439   0.099872
1440   0.099797
1441   0.099711
1442   0.09961
1443   0.099494
1444   0.09936
1445   0.099205
1446   0.099026
1447   0.098821
1448   0.098586
1449   0.098316
1450   0.098009
1451   0.097659
1452   0.097262
1453   0.096814
1454   0.09631
1455   0.095747
1456   0.095121
1457   0.09443
1458   0.093671
1459   0.092844
1460   0.091951
1461   0.090994
1462   0.089979
1463   0.088911
1464   0.087799
1465   0.086653
1466   0.085484
1467   0.084303
1468   0.083123
1469   0.081955
1470   0.080811
1471   0.0797
1472   0.078631
1473   0.077612
1474   0.076647
1475   0.075741
1476   0.074896
1477   0.074112
1478   0.07339
1479   0.072728
1480   0.072124
1481   0.071576
1482   0.071079
1483   0.070631
1484   0.070229
1485   0.069867
1486   0.069545
1487   0.069257
1488   0.069
1489   0.068772
1490   0.068569
1491   0.06839
1492   0.068231
1493   0.06809
1494   0.067965
1495   0.067855
1496   0.067758
1497   0.067673
1498   0.067597
1499   0.067531
1500   0.067472
1501   0.06742
1502   0.067375
1503   0.067335
1504   0.067299
1505   0.067268
1506   0.06724
1507   0.067216
1508   0.067195
1509   0.067176
1510   0.06716
1511   0.067145
1512   0.067132
1513   0.067121
1514   0.067111
1515   0.067102
1516   0.067094
1517   0.067087
1518   0.06708
1519   0.067075
1520   0.06707
1521   0.067066
1522   0.067062
1523   0.067058
1524   0.067055
1525   0.067052
1526   0.06705
1527   0.067047
1528   0.067045
1529   0.067043
1530   0.067041
1531   0.06704
1532   0.067038
1533   0.067037
1534   0.067036
1535   0.067034
1536   0.067033
1537   0.067032
1538   0.067031
1539   0.06703
1540   0.067029
1541   0.067029
1542   0.067028
1543   0.067027
1544   0.067026
1545   0.067025
1546   0.067025
1547   0.067024
1548   0.067023
1549   0.067023
1550   0.067022
1551   0.067021
1552   0.06702
1553   0.06702
1554   0.067019
1555   0.067019
1556   0.067018
1557   0.067017
1558   0.067017
1559   0.067016
1560   0.067015
1561   0.067015
1562   0.067014
1563   0.067014
1564   0.067013
1565   0.067012
1566   0.067012
1567   0.067011
1568   0.067011
1569   0.06701
1570   0.067009
1571   0.067009
1572   0.067008
1573   0.067008
1574   0.067007
1575   0.067006
1576   0.067006
1577   0.067005
1578   0.067005
1579   0.067004
1580   0.067004
1581   0.067003
1582   0.067002
1583   0.067002
1584   0.067001
1585   0.067001
1586   0.067
1587   0.066999
1588   0.066999
1589   0.066998
1590   0.066998
1591   0.066997
1592   0.066996
1593   0.066996
1594   0.066995
1595   0.066995
1596   0.066994
1597   0.066993
1598   0.066993
1599   0.066992
1600   0.066992
1601   0.066991
1602   0.066991
1603   0.06699
1604   0.066989
1605   0.066989
1606   0.066988
1607   0.066988
1608   0.066987
1609   0.066986
1610   0.066986
1611   0.066985
1612   0.066985
1613   0.066984
1614   0.066983
1615   0.066983
1616   0.066982
1617   0.066982
1618   0.066981
1619   0.066981
1620   0.06698
1621   0.066979
1622   0.066979
1623   0.066978
1624   0.066978
1625   0.066977
1626   0.066976
1627   0.066976
1628   0.066975
1629   0.066975
1630   0.066974
1631   0.066973
1632   0.066973
1633   0.066972
1634   0.066972
1635   0.066971
1636   0.066971
1637   0.06697
1638   0.066969
1639   0.066969
1640   0.066968
1641   0.066968
1642   0.066967
1643   0.066966
1644   0.066966
1645   0.066965
1646   0.066965
1647   0.066964
1648   0.066964
1649   0.066963
1650   0.066962
1651   0.066962
1652   0.066961
1653   0.066961
1654   0.06696
1655   0.066959
1656   0.066959
1657   0.066958
1658   0.066958
1659   0.066957
1660   0.066956
1661   0.066956
1662   0.066955
1663   0.066955
1664   0.066954
1665   0.066954
1666   0.066953
1667   0.066952
1668   0.066952
1669   0.066951
1670   0.066951
1671   0.06695
1672   0.06695
1673   0.066949
1674   0.066948
1675   0.066948
1676   0.066947
1677   0.066947
1678   0.066946
1679   0.066945
1680   0.066945
1681   0.066944
1682   0.066944
1683   0.066943
1684   0.066942
1685   0.066942
1686   0.066941
1687   0.066941
1688   0.06694
1689   0.06694
1690   0.066939
1691   0.066938
1692   0.066938
1693   0.066937
1694   0.066937
1695   0.066936
1696   0.066936
1697   0.066935
1698   0.066934
1699   0.066934
1700   0.066933
1701   0.066933
1702   0.066932
1703   0.066932
1704   0.066931
1705   0.06693
1706   0.06693
1707   0.066929
1708   0.066929
1709   0.066928
1710   0.066927
1711   0.066927
1712   0.066926
1713   0.066926
1714   0.066925
1715   0.066924
1716   0.066924
1717   0.066923
1718   0.066923
1719   0.066922
1720   0.066922
1721   0.066921
1722   0.06692
1723   0.06692
1724   0.066919
1725   0.066919
1726   0.066918
1727   0.066918
1728   0.066917
1729   0.066916
1730   0.066916
1731   0.066915
1732   0.066915
1733   0.066914
1734   0.066914
1735   0.066913
1736   0.066912
1737   0.066912
1738   0.066911
1739   0.066911
1740   0.06691
1741   0.066909
1742   0.066909
1743   0.066908
1744   0.066908
1745   0.066907
1746   0.066906
1747   0.066906
1748   0.066905
1749   0.066905
1750   0.066904
1751   0.066904
1752   0.066903
1753   0.066903
1754   0.066902
1755   0.066901
1756   0.066901
1757   0.0669
1758   0.0669
1759   0.066899
1760   0.066898
1761   0.066898
1762   0.066897
1763   0.066897
1764   0.066896
1765   0.066896
1766   0.066895
1767   0.066894
1768   0.066894
1769   0.066893
1770   0.066893
1771   0.066892
1772   0.066891
1773   0.066891
1774   0.06689
1775   0.06689
1776   0.066889
1777   0.066889
1778   0.066888
1779   0.066887
1780   0.066887
1781   0.066886
1782   0.066886
1783   0.066885
1784   0.066885
1785   0.066884
1786   0.066883
1787   0.066883
1788   0.066882
1789   0.066882
1790   0.066881
1791   0.066881
1792   0.06688
1793   0.066879
1794   0.066879
1795   0.066878
1796   0.066878
1797   0.066877
1798   0.066877
1799   0.066876
1800   0.066875
1801   0.066875
1802   0.066874
1803   0.066874
1804   0.066873
1805   0.066872
1806   0.066872
1807   0.066871
1808   0.066871
1809   0.06687
1810   0.06687
1811   0.066869
1812   0.066868
1813   0.066868
1814   0.066867
1815   0.066867
1816   0.066866
1817   0.066866
1818   0.066865
1819   0.066864
1820   0.066864
1821   0.066863
1822   0.066863
1823   0.066862
1824   0.066862
1825   0.066861
1826   0.06686
1827   0.06686
1828   0.066859
1829   0.066859
1830   0.066858
1831   0.066858
1832   0.066857
1833   0.066856
1834   0.066856
1835   0.066855
1836   0.066855
1837   0.066854
1838   0.066854
1839   0.066853
1840   0.066852
1841   0.066852
1842   0.066851
1843   0.066851
1844   0.06685
1845   0.06685
1846   0.066849
1847   0.066848
1848   0.066848
1849   0.066847
1850   0.066847
1851   0.066846
1852   0.066846
1853   0.066845
1854   0.066844
1855   0.066844
1856   0.066843
1857   0.066843
1858   0.066842
1859   0.066842
1860   0.066841
1861   0.06684
1862   0.06684
1863   0.066839
1864   0.066839
1865   0.066838
1866   0.066838
1867   0.066837
1868   0.066836
1869   0.066836
1870   0.066835
1871   0.066835
1872   0.066834
1873   0.066834
1874   0.066833
1875   0.066832
1876   0.066832
1877   0.066831
1878   0.066831
1879   0.06683
1880   0.06683
1881   0.066829
1882   0.066828
1883   0.066828
1884   0.066827
1885   0.066827
1886   0.066826
1887   0.066826
1888   0.066825
1889   0.066825
1890   0.066824
1891   0.066823
1892   0.066823
1893   0.066822
1894   0.066822
1895   0.066821
1896   0.066821
1897   0.06682
1898   0.066819
1899   0.066819
1900   0.066818
1901   0.066818
1902   0.066817
1903   0.066817
1904   0.066816
1905   0.066815
1906   0.066815
1907   0.066814
1908   0.066814
1909   0.066813
1910   0.066813
1911   0.066812
1912   0.066811
1913   0.066811
1914   0.06681
1915   0.06681
1916   0.066809
1917   0.066808
1918   0.066808
1919   0.066807
1920   0.066807
1921   0.066806
1922   0.066806
1923   0.066805
1924   0.066805
1925   0.066804
1926   0.066803
1927   0.066803
1928   0.066802
1929   0.066802
1930   0.066801
1931   0.066801
1932   0.0668
1933   0.066799
1934   0.066799
1935   0.066798
1936   0.066798
1937   0.066797
1938   0.066797
1939   0.066796
1940   0.066795
1941   0.066795
1942   0.066794
1943   0.066794
1944   0.066793
1945   0.066793
1946   0.066792
1947   0.066791
1948   0.066791
1949   0.06679
1950   0.06679
1951   0.066789
1952   0.066789
1953   0.066788
1954   0.066788
1955   0.066787
1956   0.066786
1957   0.066786
1958   0.066785
1959   0.066785
1960   0.066784
1961   0.066784
1962   0.066783
1963   0.066782
1964   0.066782
1965   0.066781
1966   0.066781
1967   0.06678
1968   0.06678
1969   0.066779
1970   0.066779
1971   0.066778
1972   0.066777
1973   0.066777
1974   0.066776
1975   0.066776
1976   0.066775
1977   0.066775
1978   0.066774
1979   0.066773
1980   0.066773
1981   0.066772
1982   0.066772
1983   0.066771
1984   0.066771
1985   0.06677
1986   0.06677
1987   0.066769
1988   0.066768
1989   0.066768
1990   0.066767
1991   0.066767
1992   0.066766
1993   0.066766
1994   0.066765
1995   0.066765
1996   0.066764
1997   0.066763
1998   0.066763
1999   0.066762
2000   0.066762
2001   0.066761
2002   0.066761
2003   0.06676
2004   0.066759
2005   0.066759
2006   0.066758
2007   0.066758
2008   0.066757
2009   0.066757
2010   0.066756
2011   0.066756
2012   0.066755
2013   0.066754
2014   0.066754
2015   0.066753
2016   0.066753
2017   0.066752
2018   0.066752
2019   0.066751
2020   0.06675
2021   0.06675
2022   0.066749
2023   0.066749
2024   0.066748
2025   0.066748
2026   0.066747
2027   0.066747
2028   0.066746
2029   0.066745
2030   0.066745
2031   0.066744
2032   0.066744
2033   0.066743
2034   0.066743
2035   0.066742
2036   0.066741
2037   0.066741
2038   0.06674
2039   0.06674
2040   0.066739
2041   0.066739
2042   0.066738
2043   0.066738
2044   0.066737
2045   0.066736
2046   0.066736
2047   0.066735
2048   0.066735
2049   0.066734
2050   0.066734
2051   0.066733
2052   0.066733
2053   0.066732
2054   0.066731
2055   0.066731
2056   0.06673
2057   0.06673
2058   0.066729
2059   0.066729
2060   0.066728
2061   0.066727
2062   0.066727
2063   0.066726
2064   0.066726
2065   0.066725
2066   0.066725
2067   0.066724
2068   0.066724
2069   0.066723
2070   0.066722
2071   0.066722
2072   0.066721
2073   0.066721
2074   0.06672
2075   0.06672
2076   0.066719
2077   0.066718
2078   0.066718
2079   0.066717
2080   0.066717
2081   0.066716
2082   0.066716
2083   0.066715
2084   0.066715
2085   0.066714
2086   0.066713
2087   0.066713
2088   0.066712
2089   0.066712
2090   0.066711
2091   0.066711
2092   0.06671
2093   0.06671
2094   0.066709
2095   0.066708
2096   0.066708
2097   0.066707
2098   0.066707
2099   0.066706
2100   0.066706
2101   0.066705
2102   0.066705
2103   0.066704
2104   0.066703
2105   0.066703
2106   0.066702
2107   0.066702
2108   0.066701
2109   0.066701
2110   0.0667
2111   0.0667
2112   0.066699
2113   0.066698
2114   0.066698
2115   0.066697
2116   0.066697
2117   0.066696
2118   0.066696
2119   0.066695
2120   0.066695
2121   0.066694
2122   0.066693
2123   0.066693
2124   0.066692
2125   0.066692
2126   0.066691
2127   0.066691
2128   0.06669
2129   0.06669
2130   0.066689
2131   0.066689
2132   0.066688
2133   0.066687
2134   0.066687
2135   0.066686
2136   0.066686
2137   0.066685
2138   0.066685
2139   0.066684
2140   0.066684
2141   0.066683
2142   0.066682
2143   0.066682
2144   0.066681
2145   0.066681
2146   0.06668
2147   0.06668
2148   0.066679
2149   0.066679
2150   0.066678
2151   0.066677
2152   0.066677
2153   0.066676
2154   0.066676
2155   0.066675
2156   0.066675
2157   0.066674
2158   0.066674
2159   0.066673
2160   0.066672
2161   0.066672
2162   0.066671
2163   0.066671
2164   0.06667
2165   0.06667
2166   0.066669
2167   0.066669
2168   0.066668
2169   0.066667
2170   0.066667
2171   0.066666
2172   0.066666
2173   0.066665
2174   0.066665
2175   0.066664
2176   0.066664
2177   0.066663
2178   0.066662
2179   0.066662
2180   0.066661
2181   0.066661
2182   0.06666
2183   0.06666
2184   0.066659
2185   0.066659
2186   0.066658
2187   0.066658
2188   0.066657
2189   0.066657
2190   0.066656
2191   0.066655
2192   0.066655
2193   0.066654
2194   0.066654
2195   0.066653
2196   0.066653
2197   0.066652
2198   0.066652
2199   0.066651
2200   0.06665
2201   0.06665
2202   0.066649
2203   0.066649
2204   0.066648
2205   0.066648
2206   0.066647
2207   0.066647
2208   0.066646
2209   0.066646
2210   0.066645
2211   0.066644
2212   0.066644
2213   0.066643
2214   0.066643
2215   0.066642
2216   0.066642
2217   0.066641
2218   0.066641
2219   0.06664
2220   0.066639
2221   0.066639
2222   0.066638
2223   0.066638
2224   0.066637
2225   0.066637
2226   0.066636
2227   0.066636
2228   0.066635
2229   0.066634
2230   0.066634
2231   0.066633
2232   0.066633
2233   0.066632
2234   0.066632
2235   0.066631
2236   0.066631
2237   0.06663
2238   0.06663
2239   0.066629
2240   0.066629
2241   0.066628
2242   0.066627
2243   0.066627
2244   0.066626
2245   0.066626
2246   0.066625
2247   0.066625
2248   0.066624
2249   0.066624
2250   0.066623
2251   0.066623
2252   0.066622
2253   0.066621
2254   0.066621
2255   0.06662
2256   0.06662
2257   0.066619
2258   0.066619
2259   0.066618
2260   0.066618
2261   0.066617
2262   0.066616
2263   0.066616
2264   0.066615
2265   0.066615
2266   0.066614
2267   0.066614
2268   0.066613
2269   0.066613
2270   0.066612
2271   0.066612
2272   0.066611
2273   0.066611
2274   0.06661
2275   0.066609
2276   0.066609
2277   0.066608
2278   0.066608
2279   0.066607
2280   0.066607
2281   0.066606
2282   0.066606
2283   0.066605
2284   0.066605
2285   0.066604
2286   0.066603
2287   0.066603
2288   0.066602
2289   0.066602
2290   0.066601
2291   0.066601
2292   0.0666
2293   0.0666
2294   0.066599
2295   0.066598
2296   0.066598
2297   0.066597
2298   0.066597
2299   0.066596
2300   0.066596
2301   0.066595
2302   0.066595
2303   0.066594
2304   0.066594
2305   0.066593
2306   0.066592
2307   0.066592
2308   0.066591
2309   0.066591
2310   0.06659
2311   0.06659
2312   0.066589
2313   0.066589
2314   0.066588
2315   0.066588
2316   0.066587
2317   0.066587
2318   0.066586
2319   0.066586
2320   0.066585
2321   0.066584
2322   0.066584
2323   0.066583
2324   0.066583
2325   0.066582
2326   0.066582
2327   0.066581
2328   0.066581
2329   0.06658
2330   0.066579
2331   0.066579
2332   0.066578
2333   0.066578
2334   0.066577
2335   0.066577
2336   0.066576
2337   0.066576
2338   0.066575
2339   0.066575
2340   0.066574
2341   0.066574
2342   0.066573
2343   0.066573
2344   0.066572
2345   0.066571
2346   0.066571
2347   0.06657
2348   0.06657
2349   0.066569
2350   0.066569
2351   0.066568
2352   0.066568
2353   0.066567
2354   0.066566
2355   0.066566
2356   0.066565
2357   0.066565
2358   0.066564
2359   0.066564
2360   0.066563
2361   0.066563
2362   0.066562
2363   0.066562
2364   0.066561
2365   0.066561
2366   0.06656
2367   0.06656
2368   0.066559
2369   0.066558
2370   0.066558
2371   0.066557
2372   0.066557
2373   0.066556
2374   0.066556
2375   0.066555
2376   0.066555
2377   0.066554
2378   0.066554
2379   0.066553
2380   0.066552
2381   0.066552
2382   0.066551
2383   0.066551
2384   0.06655
2385   0.06655
2386   0.066549
2387   0.066549
2388   0.066548
2389   0.066548
2390   0.066547
2391   0.066547
2392   0.066546
2393   0.066546
2394   0.066545
2395   0.066544
2396   0.066544
2397   0.066543
2398   0.066543
2399   0.066542
2400   0.066542
2401   0.066541
2402   0.066541
2403   0.06654
2404   0.06654
2405   0.066539
2406   0.066538
2407   0.066538
2408   0.066537
2409   0.066537
2410   0.066536
2411   0.066536
2412   0.066535
2413   0.066535
2414   0.066534
2415   0.066534
2416   0.066533
2417   0.066533
2418   0.066532
2419   0.066532
2420   0.066531
2421   0.066531
2422   0.06653
2423   0.066529
2424   0.066529
2425   0.066528
2426   0.066528
2427   0.066527
2428   0.066527
2429   0.066526
2430   0.066526
2431   0.066525
2432   0.066525
2433   0.066524
2434   0.066523
2435   0.066523
2436   0.066522
2437   0.066522
2438   0.066521
2439   0.066521
2440   0.06652
2441   0.06652
2442   0.066519
2443   0.066519
2444   0.066518
2445   0.066518
2446   0.066517
2447   0.066517
2448   0.066516
2449   0.066515
2450   0.066515
2451   0.066514
2452   0.066514
2453   0.066513
2454   0.066513
2455   0.066512
2456   0.066512
2457   0.066511
2458   0.066511
2459   0.06651
2460   0.06651
2461   0.066509
2462   0.066509
2463   0.066508
2464   0.066508
2465   0.066507
2466   0.066506
2467   0.066506
2468   0.066505
2469   0.066505
2470   0.066504
2471   0.066504
2472   0.066503
2473   0.066503
2474   0.066502
2475   0.066502
2476   0.066501
2477   0.0665
2478   0.0665
2479   0.0665
2480   0.066499
2481   0.066498
2482   0.066498
2483   0.066497
2484   0.066497
2485   0.066496
2486   0.066496
2487   0.066495
2488   0.066495
2489   0.066494
2490   0.066494
2491   0.066493
2492   0.066493
2493   0.066492
2494   0.066491
2495   0.066491
2496   0.06649
2497   0.06649
2498   0.066489
2499   0.066489
2500   0.066488
2501   0.066488
2502   0.066487
2503   0.066487
2504   0.066486
2505   0.066486
2506   0.066485
2507   0.066485
2508   0.066484
2509   0.066483
2510   0.066483
2511   0.066482
2512   0.066482
2513   0.066481
2514   0.066481
2515   0.06648
2516   0.06648
2517   0.066479
2518   0.066479
2519   0.066478
2520   0.066478
2521   0.066477
2522   0.066477
2523   0.066476
2524   0.066476
2525   0.066475
2526   0.066474
2527   0.066474
2528   0.066473
2529   0.066473
2530   0.066472
2531   0.066472
2532   0.066471
2533   0.066471
2534   0.06647
2535   0.06647
2536   0.066469
2537   0.066469
2538   0.066468
2539   0.066468
2540   0.066467
2541   0.066467
2542   0.066466
2543   0.066465
2544   0.066465
2545   0.066464
2546   0.066464
2547   0.066463
2548   0.066463
2549   0.066462
2550   0.066462
2551   0.066461
2552   0.066461
2553   0.06646
2554   0.06646
2555   0.066459
2556   0.066459
2557   0.066458
2558   0.066458
2559   0.066457
2560   0.066456
2561   0.066456
2562   0.066455
2563   0.066455
2564   0.066454
2565   0.066454
2566   0.066453
2567   0.066453
2568   0.066452
2569   0.066452
2570   0.066451
2571   0.066451
2572   0.06645
2573   0.06645
2574   0.066449
2575   0.066449
2576   0.066448
2577   0.066448
2578   0.066447
2579   0.066446
2580   0.066446
2581   0.066445
2582   0.066445
2583   0.066444
2584   0.066444
2585   0.066443
2586   0.066443
2587   0.066442
2588   0.066442
2589   0.066441
2590   0.066441
2591   0.06644
2592   0.06644
2593   0.066439
2594   0.066439
2595   0.066438
2596   0.066438
2597   0.066437
2598   0.066436
2599   0.066436
2600   0.066436
2601   0.066435
2602   0.066434
2603   0.066434
2604   0.066433
2605   0.066433
2606   0.066432
2607   0.066432
2608   0.066431
2609   0.066431
2610   0.06643
2611   0.06643
2612   0.066429
2613   0.066429
2614   0.066428
2615   0.066428
2616   0.066427
2617   0.066427
2618   0.066426
2619   0.066426
2620   0.066425
2621   0.066424
2622   0.066424
2623   0.066423
2624   0.066423
2625   0.066422
2626   0.066422
2627   0.066421
2628   0.066421
2629   0.06642
2630   0.06642
2631   0.066419
2632   0.066419
2633   0.066418
2634   0.066418
2635   0.066417
2636   0.066417
2637   0.066416
2638   0.066416
2639   0.066415
2640   0.066414
2641   0.066414
2642   0.066413
2643   0.066413
2644   0.066412
2645   0.066412
2646   0.066411
2647   0.066411
2648   0.06641
2649   0.06641
2650   0.066409
2651   0.066409
2652   0.066408
2653   0.066408
2654   0.066407
2655   0.066407
2656   0.066406
2657   0.066406
2658   0.066405
2659   0.066405
2660   0.066404
2661   0.066404
2662   0.066403
2663   0.066403
2664   0.066402
2665   0.066401
2666   0.066401
2667   0.0664
2668   0.0664
2669   0.066399
2670   0.066399
2671   0.066398
2672   0.066398
2673   0.066397
2674   0.066397
2675   0.066396
2676   0.066396
2677   0.066395
2678   0.066395
2679   0.066394
2680   0.066394
2681   0.066393
2682   0.066393
2683   0.066392
2684   0.066392
2685   0.066391
2686   0.06639
2687   0.06639
2688   0.06639
2689   0.066389
2690   0.066389
2691   0.066388
2692   0.066387
2693   0.066387
2694   0.066386
2695   0.066386
2696   0.066385
2697   0.066385
2698   0.066384
2699   0.066384
2700   0.066383
2701   0.066383
2702   0.066382
2703   0.066382
2704   0.066381
2705   0.066381
2706   0.06638
2707   0.06638
2708   0.066379
2709   0.066379
2710   0.066378
2711   0.066378
2712   0.066377
2713   0.066376
2714   0.066376
2715   0.066376
2716   0.066375
2717   0.066374
2718   0.066374
2719   0.066373
2720   0.066373
2721   0.066372
2722   0.066372
2723   0.066371
2724   0.066371
2725   0.06637
2726   0.06637
2727   0.066369
2728   0.066369
2729   0.066368
2730   0.066368
2731   0.066367
2732   0.066367
2733   0.066366
2734   0.066366
2735   0.066365
2736   0.066365
2737   0.066364
2738   0.066364
2739   0.066363
2740   0.066363
2741   0.066362
2742   0.066362
2743   0.066361
2744   0.066361
2745   0.06636
2746   0.066359
2747   0.066359
2748   0.066358
2749   0.066358
2750   0.066357
2751   0.066357
2752   0.066356
2753   0.066356
2754   0.066355
2755   0.066355
2756   0.066354
2757   0.066354
2758   0.066353
2759   0.066353
2760   0.066352
2761   0.066352
2762   0.066351
2763   0.066351
2764   0.06635
2765   0.06635
2766   0.066349
2767   0.066349
2768   0.066348
2769   0.066348
2770   0.066347
2771   0.066346
2772   0.066346
2773   0.066345
2774   0.066345
2775   0.066344
2776   0.066344
2777   0.066344
2778   0.066343
2779   0.066342
2780   0.066342
2781   0.066341
2782   0.066341
2783   0.06634
2784   0.06634
2785   0.066339
2786   0.066339
2787   0.066338
2788   0.066338
2789   0.066337
2790   0.066337
2791   0.066336
2792   0.066336
2793   0.066335
2794   0.066335
2795   0.066334
2796   0.066334
2797   0.066333
2798   0.066333
2799   0.066332
2800   0.066332
2801   0.066331
2802   0.066331
2803   0.06633
2804   0.06633
2805   0.066329
2806   0.066329
2807   0.066328
2808   0.066327
2809   0.066327
2810   0.066326
2811   0.066326
2812   0.066326
2813   0.066325
2814   0.066324
2815   0.066324
2816   0.066323
2817   0.066323
2818   0.066322
2819   0.066322
2820   0.066321
2821   0.066321
2822   0.06632
2823   0.06632
2824   0.066319
2825   0.066319
2826   0.066318
2827   0.066318
2828   0.066317
2829   0.066317
2830   0.066316
2831   0.066316
2832   0.066315
2833   0.066315
2834   0.066314
2835   0.066314
2836   0.066313
2837   0.066313
2838   0.066312
2839   0.066312
2840   0.066311
2841   0.066311
2842   0.06631
2843   0.06631
2844   0.066309
2845   0.066309
2846   0.066308
2847   0.066308
2848   0.066307
2849   0.066307
2850   0.066306
2851   0.066306
2852   0.066305
2853   0.066304
2854   0.066304
2855   0.066303
2856   0.066303
2857   0.066303
2858   0.066302
2859   0.066301
2860   0.066301
2861   0.0663
2862   0.0663
2863   0.066299
2864   0.066299
2865   0.066298
2866   0.066298
2867   0.066297
2868   0.066297
2869   0.066296
2870   0.066296
2871   0.066295
2872   0.066295
2873   0.066294
2874   0.066294
2875   0.066293
2876   0.066293
2877   0.066292
2878   0.066292
2879   0.066291
2880   0.066291
2881   0.06629
2882   0.06629
2883   0.066289
2884   0.066289
2885   0.066288
2886   0.066288
2887   0.066287
2888   0.066287
2889   0.066286
2890   0.066286
2891   0.066285
2892   0.066285
2893   0.066284
2894   0.066284
2895   0.066283
2896   0.066283
2897   0.066282
2898   0.066282
2899   0.066281
2900   0.066281
2901   0.06628
2902   0.06628
2903   0.066279
2904   0.066279
2905   0.066278
2906   0.066277
2907   0.066277
2908   0.066276
2909   0.066276
2910   0.066275
2911   0.066275
2912   0.066275
2913   0.066274
2914   0.066274
2915   0.066273
2916   0.066272
2917   0.066272
2918   0.066271
2919   0.066271
2920   0.06627
2921   0.06627
2922   0.066269
2923   0.066269
2924   0.066268
2925   0.066268
2926   0.066267
2927   0.066267
2928   0.066266
2929   0.066266
2930   0.066265
2931   0.066265
2932   0.066264
2933   0.066264
2934   0.066263
2935   0.066263
2936   0.066262
2937   0.066262
2938   0.066261
2939   0.066261
2940   0.06626
2941   0.06626
2942   0.066259
2943   0.066259
2944   0.066258
2945   0.066258
2946   0.066257
2947   0.066257
2948   0.066256
2949   0.066256
2950   0.066255
2951   0.066255
2952   0.066254
2953   0.066254
2954   0.066253
2955   0.066253
2956   0.066252
2957   0.066252
2958   0.066251
2959   0.066251
2960   0.06625
2961   0.06625
2962   0.066249
2963   0.066249
2964   0.066248
2965   0.066248
2966   0.066247
2967   0.066247
2968   0.066246
2969   0.066246
2970   0.066245
2971   0.066245
2972   0.066244
2973   0.066244
2974   0.066243
2975   0.066243
2976   0.066242
2977   0.066242
2978   0.066241
2979   0.066241
2980   0.06624
2981   0.06624
2982   0.066239
2983   0.066239
2984   0.066239
2985   0.066238
2986   0.066238
2987   0.066237
2988   0.066237
2989   0.066236
2990   0.066236
2991   0.066236
2992   0.066235
2993   0.066235
2994   0.066235
2995   0.066234
2996   0.066234
2997   0.066234
2998   0.066234
2999   0.066234
3000   0.066234
