0   0.20535
1   0.20534
2   0.20532
3   0.2053
4   0.20529
5   0.20527
6   0.20525
7   0.20523
8   0.20521
9   0.20519
10   0.20517
11   0.20516
12   0.20514
13   0.20512
14   0.2051
15   0.20508
16   0.20506
17   0.20504
18   0.20503
19   0.20501
20   0.20499
21   0.20497
22   0.20495
23   0.20493
24   0.20491
25   0.2049
26   0.20488
27   0.20486
28   0.20484
29   0.20482
30   0.2048
31   0.20478
32   0.20476
33   0.20475
34   0.20473
35   0.20471
36   0.20469
37   0.20467
38   0.20465
39   0.20463
40   0.20461
41   0.2046
42   0.20458
43   0.20456
44   0.20454
45   0.20452
46   0.2045
47   0.20448
48   0.20447
49   0.20445
50   0.20443
51   0.20441
52   0.20439
53   0.20437
54   0.20435
55   0.20433
56   0.20432
57   0.2043
58   0.20428
59   0.20426
60   0.20424
61   0.20422
62   0.2042
63   0.20418
64   0.20416
65   0.20415
66   0.20413
67   0.20411
68   0.20409
69   0.20407
70   0.20405
71   0.20403
72   0.20401
73   0.204
74   0.20398
75   0.20396
76   0.20394
77   0.20392
78   0.2039
79   0.20388
80   0.20386
81   0.20384
82   0.20383
83   0.20381
84   0.20379
85   0.20377
86   0.20375
87   0.20373
88   0.20371
89   0.20369
90   0.20368
91   0.20366
92   0.20364
93   0.20362
94   0.2036
95   0.20358
96   0.20356
97   0.20354
98   0.20352
99   0.2035
100   0.20348
101   0.20347
102   0.20345
103   0.20343
104   0.20341
105   0.20339
106   0.20337
107   0.20335
108   0.20333
109   0.20331
110   0.2033
111   0.20328
112   0.20326
113   0.20324
114   0.20322
115   0.2032
116   0.20318
117   0.20316
118   0.20314
119   0.20312
120   0.20311
121   0.20309
122   0.20307
123   0.20305
124   0.20303
125   0.20301
126   0.20299
127   0.20297
128   0.20295
129   0.20293
130   0.20291
131   0.2029
132   0.20288
133   0.20286
134   0.20284
135   0.20282
136   0.2028
137   0.20278
138   0.20276
139   0.20274
140   0.20272
141   0.2027
142   0.20268
143   0.20267
144   0.20265
145   0.20263
146   0.20261
147   0.20259
148   0.20257
149   0.20255
150   0.20253
151   0.20251
152   0.20249
153   0.20247
154   0.20245
155   0.20244
156   0.20242
157   0.2024
158   0.20238
159   0.20236
160   0.20234
161   0.20232
162   0.2023
163   0.20228
164   0.20226
165   0.20224
166   0.20222
167   0.20221
168   0.20219
169   0.20217
170   0.20215
171   0.20213
172   0.20211
173   0.20209
174   0.20207
175   0.20205
176   0.20203
177   0.20201
178   0.20199
179   0.20197
180   0.20196
181   0.20193
182   0.20192
183   0.2019
184   0.20188
185   0.20186
186   0.20184
187   0.20182
188   0.2018
189   0.20178
190   0.20176
191   0.20174
192   0.20172
193   0.2017
194   0.20168
195   0.20166
196   0.20165
197   0.20163
198   0.20161
199   0.20159
200   0.20157
201   0.20155
202   0.20153
203   0.20151
204   0.20149
205   0.20147
206   0.20145
207   0.20143
208   0.20141
209   0.20139
210   0.20137
211   0.20135
212   0.20133
213   0.20132
214   0.2013
215   0.20128
216   0.20126
217   0.20124
218   0.20122
219   0.2012
220   0.20118
221   0.20116
222   0.20114
223   0.20112
224   0.2011
225   0.20108
226   0.20106
227   0.20104
228   0.20102
229   0.201
230   0.20098
231   0.20096
232   0.20094
233   0.20092
234   0.2009
235   0.20088
236   0.20087
237   0.20085
238   0.20083
239   0.20081
240   0.20079
241   0.20077
242   0.20075
243   0.20073
244   0.20071
245   0.20069
246   0.20067
247   0.20065
248   0.20063
249   0.20061
250   0.20059
251   0.20057
252   0.20055
253   0.20053
254   0.20051
255   0.20049
256   0.20047
257   0.20045
258   0.20043
259   0.20041
260   0.2004
261   0.20038
262   0.20035
263   0.20034
264   0.20032
265   0.2003
266   0.20028
267   0.20026
268   0.20024
269   0.20022
270   0.2002
271   0.20018
272   0.20016
273   0.20014
274   0.20012
275   0.2001
276   0.20008
277   0.20006
278   0.20004
279   0.20002
280   0.2
281   0.19998
282   0.19996
283   0.19994
284   0.19992
285   0.1999
286   0.19988
287   0.19986
288   0.19984
289   0.19982
290   0.1998
291   0.19978
292   0.19976
293   0.19974
294   0.19972
295   0.1997
296   0.19968
297   0.19966
298   0.19964
299   0.19962
300   0.1996
301   0.19958
302   0.19956
303   0.19954
304   0.19952
305   0.1995
306   0.19948
307   0.19946
308   0.19944
309   0.19942
310   0.1994
311   0.19938
312   0.19936
313   0.19934
314   0.19932
315   0.1993
316   0.19928
317   0.19926
318   0.19924
319   0.19922
320   0.1992
321   0.19918
322   0.19916
323   0.19914
324   0.19912
325   0.1991
326   0.19908
327   0.19906
328   0.19905
329   0.19902
330   0.199
331   0.19898
332   0.19896
333   0.19894
334   0.19892
335   0.1989
336   0.19888
337   0.19886
338   0.19884
339   0.19882
340   0.1988
341   0.19878
342   0.19876
343   0.19874
344   0.19872
345   0.1987
346   0.19868
347   0.19866
348   0.19864
349   0.19862
350   0.1986
351   0.19858
352   0.19856
353   0.19854
354   0.19852
355   0.1985
356   0.19848
357   0.19846
358   0.19844
359   0.19842
360   0.1984
361   0.19838
362   0.19836
363   0.19834
364   0.19832
365   0.1983
366   0.19828
367   0.19826
368   0.19824
369   0.19822
370   0.1982
371   0.19818
372   0.19816
373   0.19814
374   0.19812
375   0.1981
376   0.19808
377   0.19806
378   0.19804
379   0.19802
380   0.198
381   0.19798
382   0.19796
383   0.19794
384   0.19792
385   0.1979
386   0.19787
387   0.19785
388   0.19783
389   0.19781
390   0.19779
391   0.19777
392   0.19775
393   0.19773
394   0.19771
395   0.19769
396   0.19767
397   0.19765
398   0.19763
399   0.19761
400   0.19759
401   0.19757
402   0.19755
403   0.19753
404   0.19751
405   0.19749
406   0.19747
407   0.19745
408   0.19743
409   0.19741
410   0.19738
411   0.19737
412   0.19734
413   0.19732
414   0.1973
415   0.19728
416   0.19726
417   0.19724
418   0.19722
419   0.1972
420   0.19718
421   0.19716
422   0.19714
423   0.19712
424   0.1971
425   0.19708
426   0.19706
427   0.19704
428   0.19702
429   0.197
430   0.19697
431   0.19695
432   0.19693
433   0.19691
434   0.19689
435   0.19687
436   0.19685
437   0.19683
438   0.19681
439   0.19679
440   0.19677
441   0.19675
442   0.19673
443   0.19671
444   0.19669
445   0.19667
446   0.19665
447   0.19662
448   0.1966
449   0.19658
450   0.19656
451   0.19654
452   0.19652
453   0.1965
454   0.19648
455   0.19646
456   0.19644
457   0.19642
458   0.1964
459   0.19638
460   0.19636
461   0.19634
462   0.19631
463   0.19629
464   0.19627
465   0.19625
466   0.19623
467   0.19621
468   0.19619
469   0.19617
470   0.19615
471   0.19613
472   0.19611
473   0.19609
474   0.19606
475   0.19604
476   0.19602
477   0.196
478   0.19598
479   0.19596
480   0.19594
481   0.19592
482   0.1959
483   0.19588
484   0.19586
485   0.19584
486   0.19581
487   0.19579
488   0.19577
489   0.19575
490   0.19573
491   0.19571
492   0.19569
493   0.19567
494   0.19565
495   0.19563
496   0.19561
497   0.19558
498   0.19556
499   0.19554
500   0.19552
501   0.1955
502   0.19548
503   0.19546
504   0.19544
505   0.19542
506   0.1954
507   0.19537
508   0.19535
509   0.19533
510   0.19531
511   0.19529
512   0.19527
513   0.19525
514   0.19523
515   0.19521
516   0.19519
517   0.19516
518   0.19514
519   0.19512
520   0.1951
521   0.19508
522   0.19506
523   0.19504
524   0.19502
525   0.195
526   0.19498
527   0.19495
528   0.19493
529   0.19491
530   0.19489
531   0.19487
532   0.19485
533   0.19483
534   0.19481
535   0.19478
536   0.19476
537   0.19474
538   0.19472
539   0.1947
540   0.19468
541   0.19466
542   0.19464
543   0.19462
544   0.19459
545   0.19457
546   0.19455
547   0.19453
548   0.19451
549   0.19449
550   0.19447
551   0.19445
552   0.19442
553   0.1944
554   0.19438
555   0.19436
556   0.19434
557   0.19432
558   0.1943
559   0.19428
560   0.19425
561   0.19423
562   0.19421
563   0.19419
564   0.19417
565   0.19415
566   0.19413
567   0.1941
568   0.19408
569   0.19406
570   0.19404
571   0.19402
572   0.194
573   0.19398
574   0.19396
575   0.19393
576   0.19391
577   0.19389
578   0.19387
579   0.19385
580   0.19383
581   0.1938
582   0.19378
583   0.19376
584   0.19374
585   0.19372
586   0.1937
587   0.19368
588   0.19365
589   0.19363
590   0.19361
591   0.19359
592   0.19357
593   0.19355
594   0.19353
595   0.19351
596   0.19348
597   0.19346
598   0.19344
599   0.19342
600   0.1934
601   0.19338
602   0.19335
603   0.19333
604   0.19331
605   0.19329
606   0.19327
607   0.19325
608   0.19322
609   0.1932
610   0.19318
611   0.19316
612   0.19314
613   0.19312
614   0.19309
615   0.19307
616   0.19305
617   0.19303
618   0.19301
619   0.19299
620   0.19296
621   0.19294
622   0.19292
623   0.1929
624   0.19288
625   0.19286
626   0.19283
627   0.19281
628   0.19279
629   0.19277
630   0.19275
631   0.19273
632   0.1927
633   0.19268
634   0.19266
635   0.19264
636   0.19262
637   0.1926
638   0.19257
639   0.19255
640   0.19253
641   0.19251
642   0.19249
643   0.19246
644   0.19244
645   0.19242
646   0.1924
647   0.19238
648   0.19236
649   0.19233
650   0.19231
651   0.19229
652   0.19227
653   0.19225
654   0.19222
655   0.1922
656   0.19218
657   0.19216
658   0.19214
659   0.19211
660   0.19209
661   0.19207
662   0.19205
663   0.19203
664   0.192
665   0.19198
666   0.19196
667   0.19194
668   0.19192
669   0.19189
670   0.19187
671   0.19185
672   0.19183
673   0.19181
674   0.19178
675   0.19176
676   0.19174
677   0.19172
678   0.1917
679   0.19167
680   0.19165
681   0.19163
682   0.19161
683   0.19159
684   0.19156
685   0.19154
686   0.19152
687   0.1915
688   0.19148
689   0.19145
690   0.19143
691   0.19141
692   0.19139
693   0.19136
694   0.19134
695   0.19132
696   0.1913
697   0.19128
698   0.19125
699   0.19123
700   0.19121
701   0.19119
702   0.19116
703   0.19114
704   0.19112
705   0.1911
706   0.19108
707   0.19105
708   0.19103
709   0.19101
710   0.19099
711   0.19096
712   0.19094
713   0.19092
714   0.1909
715   0.19087
716   0.19085
717   0.19083
718   0.19081
719   0.19079
720   0.19076
721   0.19074
722   0.19072
723   0.1907
724   0.19067
725   0.19065
726   0.19063
727   0.19061
728   0.19058
729   0.19056
730   0.19054
731   0.19052
732   0.19049
733   0.19047
734   0.19045
735   0.19043
736   0.1904
737   0.19038
738   0.19036
739   0.19034
740   0.19031
741   0.19029
742   0.19027
743   0.19025
744   0.19023
745   0.1902
746   0.19018
747   0.19016
748   0.19014
749   0.19011
750   0.19009
751   0.19007
752   0.19004
753   0.19002
754   0.19
755   0.18998
756   0.18995
757   0.18993
758   0.18991
759   0.18989
760   0.18986
761   0.18984
762   0.18982
763   0.1898
764   0.18977
765   0.18975
766   0.18973
767   0.1897
768   0.18968
769   0.18966
770   0.18964
771   0.18961
772   0.18959
773   0.18957
774   0.18955
775   0.18952
776   0.1895
777   0.18948
778   0.18946
779   0.18943
780   0.18941
781   0.18939
782   0.18936
783   0.18934
784   0.18932
785   0.18929
786   0.18927
787   0.18925
788   0.18923
789   0.1892
790   0.18918
791   0.18916
792   0.18914
793   0.18911
794   0.18909
795   0.18907
796   0.18904
797   0.18902
798   0.189
799   0.18898
800   0.18895
801   0.18893
802   0.18891
803   0.18888
804   0.18886
805   0.18884
806   0.18881
807   0.18879
808   0.18877
809   0.18875
810   0.18872
811   0.1887
812   0.18868
813   0.18865
814   0.18863
815   0.18861
816   0.18858
817   0.18856
818   0.18854
819   0.18851
820   0.18849
821   0.18847
822   0.18845
823   0.18842
824   0.1884
825   0.18838
826   0.18835
827   0.18833
828   0.18831
829   0.18828
830   0.18826
831   0.18824
832   0.18822
833   0.18819
834   0.18817
835   0.18814
836   0.18812
837   0.1881
838   0.18808
839   0.18805
840   0.18803
841   0.18801
842   0.18798
843   0.18796
844   0.18794
845   0.18791
846   0.18789
847   0.18787
848   0.18784
849   0.18782
850   0.1878
851   0.18777
852   0.18775
853   0.18773
854   0.1877
855   0.18768
856   0.18766
857   0.18763
858   0.18761
859   0.18759
860   0.18756
861   0.18754
862   0.18752
863   0.18749
864   0.18747
865   0.18744
866   0.18742
867   0.1874
868   0.18737
869   0.18735
870   0.18733
871   0.1873
872   0.18728
873   0.18726
874   0.18723
875   0.18721
876   0.18719
877   0.18716
878   0.18714
879   0.18712
880   0.18709
881   0.18707
882   0.18705
883   0.18702
884   0.187
885   0.18698
886   0.18695
887   0.18693
888   0.1869
889   0.18688
890   0.18686
891   0.18683
892   0.18681
893   0.18679
894   0.18676
895   0.18674
896   0.18672
897   0.18669
898   0.18667
899   0.18664
900   0.18662
901   0.1866
902   0.18657
903   0.18655
904   0.18653
905   0.1865
906   0.18648
907   0.18645
908   0.18643
909   0.18641
910   0.18638
911   0.18636
912   0.18633
913   0.18631
914   0.18629
915   0.18626
916   0.18624
917   0.18621
918   0.18619
919   0.18617
920   0.18614
921   0.18612
922   0.1861
923   0.18607
924   0.18605
925   0.18602
926   0.186
927   0.18598
928   0.18595
929   0.18593
930   0.1859
931   0.18588
932   0.18586
933   0.18583
934   0.18581
935   0.18578
936   0.18576
937   0.18574
938   0.18571
939   0.18569
940   0.18566
941   0.18564
942   0.18562
943   0.18559
944   0.18557
945   0.18554
946   0.18552
947   0.1855
948   0.18547
949   0.18545
950   0.18542
951   0.1854
952   0.18537
953   0.18535
954   0.18533
955   0.1853
956   0.18528
957   0.18525
958   0.18523
959   0.1852
960   0.18518
961   0.18516
962   0.18513
963   0.18511
964   0.18508
965   0.18506
966   0.18504
967   0.18501
968   0.18499
969   0.18496
970   0.18494
971   0.18491
972   0.18489
973   0.18486
974   0.18484
975   0.18482
976   0.18479
977   0.18477
978   0.18474
979   0.18472
980   0.18469
981   0.18467
982   0.18464
983   0.18462
984   0.1846
985   0.18457
986   0.18455
987   0.18452
988   0.1845
989   0.18447
990   0.18445
991   0.18442
992   0.1844
993   0.18438
994   0.18435
995   0.18433
996   0.1843
997   0.18428
998   0.18425
999   0.18423
1000   0.1842
1001   0.18418
1002   0.18415
1003   0.18413
1004   0.1841
1005   0.18408
1006   0.18406
1007   0.18403
1008   0.18401
1009   0.18398
1010   0.18396
1011   0.18393
1012   0.18391
1013   0.18388
1014   0.18386
1015   0.18383
1016   0.18381
1017   0.18378
1018   0.18376
1019   0.18373
1020   0.18371
1021   0.18368
1022   0.18366
1023   0.18363
1024   0.18361
1025   0.18359
1026   0.18356
1027   0.18353
1028   0.18351
1029   0.18349
1030   0.18346
1031   0.18344
1032   0.18341
1033   0.18339
1034   0.18336
1035   0.18334
1036   0.18331
1037   0.18329
1038   0.18326
1039   0.18324
1040   0.18321
1041   0.18319
1042   0.18316
1043   0.18314
1044   0.18311
1045   0.18309
1046   0.18306
1047   0.18304
1048   0.18301
1049   0.18299
1050   0.18296
1051   0.18293
1052   0.18291
1053   0.18289
1054   0.18286
1055   0.18283
1056   0.18281
1057   0.18279
1058   0.18276
1059   0.18273
1060   0.18271
1061   0.18268
1062   0.18266
1063   0.18263
1064   0.18261
1065   0.18258
1066   0.18256
1067   0.18253
1068   0.18251
1069   0.18248
1070   0.18246
1071   0.18243
1072   0.18241
1073   0.18238
1074   0.18236
1075   0.18233
1076   0.1823
1077   0.18228
1078   0.18225
1079   0.18223
1080   0.1822
1081   0.18218
1082   0.18215
1083   0.18213
1084   0.1821
1085   0.18208
1086   0.18205
1087   0.18203
1088   0.182
1089   0.18197
1090   0.18195
1091   0.18192
1092   0.1819
1093   0.18187
1094   0.18185
1095   0.18182
1096   0.1818
1097   0.18177
1098   0.18174
1099   0.18172
1100   0.18169
1101   0.18167
1102   0.18164
1103   0.18162
1104   0.18159
1105   0.18157
1106   0.18154
1107   0.18151
1108   0.18149
1109   0.18146
1110   0.18144
1111   0.18141
1112   0.18138
1113   0.18136
1114   0.18133
1115   0.18131
1116   0.18128
1117   0.18126
1118   0.18123
1119   0.1812
1120   0.18118
1121   0.18115
1122   0.18113
1123   0.1811
1124   0.18108
1125   0.18105
1126   0.18102
1127   0.181
1128   0.18097
1129   0.18094
1130   0.18092
1131   0.18089
1132   0.18087
1133   0.18084
1134   0.18082
1135   0.18079
1136   0.18076
1137   0.18074
1138   0.18071
1139   0.18069
1140   0.18066
1141   0.18063
1142   0.18061
1143   0.18058
1144   0.18056
1145   0.18053
1146   0.1805
1147   0.18048
1148   0.18045
1149   0.18043
1150   0.1804
1151   0.18037
1152   0.18035
1153   0.18032
1154   0.18029
1155   0.18027
1156   0.18024
1157   0.18022
1158   0.18019
1159   0.18016
1160   0.18014
1161   0.18011
1162   0.18008
1163   0.18006
1164   0.18003
1165   0.18
1166   0.17998
1167   0.17995
1168   0.17993
1169   0.1799
1170   0.17987
1171   0.17985
1172   0.17982
1173   0.17979
1174   0.17977
1175   0.17974
1176   0.17971
1177   0.17969
1178   0.17966
1179   0.17964
1180   0.17961
1181   0.17958
1182   0.17955
1183   0.17953
1184   0.1795
1185   0.17947
1186   0.17945
1187   0.17942
1188   0.1794
1189   0.17937
1190   0.17934
1191   0.17932
1192   0.17929
1193   0.17926
1194   0.17924
1195   0.17921
1196   0.17918
1197   0.17916
1198   0.17913
1199   0.1791
1200   0.17908
1201   0.17905
1202   0.17902
1203   0.17899
1204   0.17897
1205   0.17894
1206   0.17891
1207   0.17889
1208   0.17886
1209   0.17883
1210   0.17876
1211   0.17858
1212   0.17786
1213   0.17489
1214   0.16489
1215   0.14162
1216   0.10675
1217   0.072207
1218   0.047119
1219   0.031826
1220   0.023107
1221   0.018169
1222   0.015322
1223   0.013643
1224   0.012633
1225   0.012015
1226   0.011633
1227   0.011395
1228   0.011245
1229   0.01115
1230   0.011088
1231   0.011049
1232   0.011022
1233   0.011004
1234   0.010992
1235   0.010982
1236   0.010975
1237   0.010969
1238   0.010963
1239   0.010959
1240   0.010954
1241   0.01095
1242   0.010946
1243   0.010942
1244   0.010938
1245   0.010934
1246   0.01093
1247   0.010926
1248   0.010922
1249   0.010918
1250   0.010915
1251   0.010911
1252   0.010907
1253   0.010903
1254   0.010899
1255   0.010895
1256   0.010892
1257   0.010888
1258   0.010884
1259   0.01088
1260   0.010876
1261   0.010872
1262   0.010869
1263   0.010865
1264   0.010861
1265   0.010857
1266   0.010853
1267   0.01085
1268   0.010846
1269   0.010842
1270   0.010838
1271   0.010834
1272   0.010831
1273   0.010827
1274   0.010823
1275   0.010819
1276   0.010816
1277   0.010812
1278   0.010808
1279   0.010804
1280   0.010801
1281   0.010797
1282   0.010793
1283   0.010789
1284   0.010785
1285   0.010782
1286   0.010778
1287   0.010774
1288   0.01077
1289   0.010767
1290   0.010763
1291   0.010759
1292   0.010756
1293   0.010752
1294   0.010748
1295   0.010744
1296   0.010741
1297   0.010737
1298   0.010733
1299   0.01073
1300   0.010726
1301   0.010722
1302   0.010719
1303   0.010715
1304   0.010711
1305   0.010708
1306   0.010704
1307   0.0107
1308   0.010697
1309   0.010693
1310   0.010689
1311   0.010686
1312   0.010682
1313   0.010678
1314   0.010675
1315   0.010671
1316   0.010667
1317   0.010664
1318   0.01066
1319   0.010656
1320   0.010653
1321   0.010649
1322   0.010646
1323   0.010642
1324   0.010638
1325   0.010635
1326   0.010631
1327   0.010627
1328   0.010624
1329   0.01062
1330   0.010617
1331   0.010613
1332   0.010609
1333   0.010606
1334   0.010602
1335   0.010599
1336   0.010595
1337   0.010592
1338   0.010588
1339   0.010584
1340   0.010581
1341   0.010577
1342   0.010574
1343   0.01057
1344   0.010567
1345   0.010563
1346   0.010559
1347   0.010556
1348   0.010552
1349   0.010549
1350   0.010545
1351   0.010542
1352   0.010538
1353   0.010534
1354   0.010531
1355   0.010527
1356   0.010524
1357   0.01052
1358   0.010517
1359   0.010513
1360   0.01051
1361   0.010506
1362   0.010503
1363   0.010499
1364   0.010496
1365   0.010492
1366   0.010489
1367   0.010485
1368   0.010482
1369   0.010478
1370   0.010475
1371   0.010471
1372   0.010468
1373   0.010464
1374   0.010461
1375   0.010457
1376   0.010454
1377   0.01045
1378   0.010447
1379   0.010444
1380   0.01044
1381   0.010437
1382   0.010433
1383   0.01043
1384   0.010426
1385   0.010423
1386   0.010419
1387   0.010416
1388   0.010412
1389   0.010409
1390   0.010406
1391   0.010402
1392   0.010399
1393   0.010395
1394   0.010392
1395   0.010388
1396   0.010385
1397   0.010382
1398   0.010378
1399   0.010375
1400   0.010371
1401   0.010368
1402   0.010364
1403   0.010361
1404   0.010358
1405   0.010354
1406   0.010351
1407   0.010347
1408   0.010344
1409   0.010341
1410   0.010337
1411   0.010334
1412   0.010331
1413   0.010327
1414   0.010324
1415   0.01032
1416   0.010317
1417   0.010314
1418   0.01031
1419   0.010307
1420   0.010304
1421   0.0103
1422   0.010297
1423   0.010293
1424   0.01029
1425   0.010287
1426   0.010283
1427   0.01028
1428   0.010277
1429   0.010273
1430   0.01027
1431   0.010267
1432   0.010263
1433   0.01026
1434   0.010257
1435   0.010253
1436   0.01025
1437   0.010247
1438   0.010243
1439   0.01024
1440   0.010237
1441   0.010233
1442   0.01023
1443   0.010227
1444   0.010224
1445   0.01022
1446   0.010217
1447   0.010213
1448   0.01021
1449   0.010207
1450   0.010204
1451   0.0102
1452   0.010197
1453   0.010194
1454   0.01019
1455   0.010187
1456   0.010184
1457   0.010181
1458   0.010177
1459   0.010174
1460   0.010171
1461   0.010168
1462   0.010164
1463   0.010161
1464   0.010158
1465   0.010155
1466   0.010151
1467   0.010148
1468   0.010145
1469   0.010142
1470   0.010138
1471   0.010135
1472   0.010132
1473   0.010129
1474   0.010125
1475   0.010122
1476   0.010119
1477   0.010116
1478   0.010112
1479   0.010109
1480   0.010106
1481   0.010103
1482   0.0101
1483   0.010096
1484   0.010093
1485   0.01009
1486   0.010087
1487   0.010083
1488   0.01008
1489   0.010077
1490   0.010074
1491   0.010071
1492   0.010067
1493   0.010064
1494   0.010061
1495   0.010058
1496   0.010055
1497   0.010051
1498   0.010048
1499   0.010045
1500   0.010042
1501   0.010039
1502   0.010035
1503   0.010032
1504   0.010029
1505   0.010026
1506   0.010023
1507   0.01002
1508   0.010017
1509   0.010013
1510   0.01001
1511   0.010007
1512   0.010004
1513   0.010001
1514   0.0099976
1515   0.0099944
1516   0.0099913
1517   0.0099881
1518   0.009985
1519   0.0099818
1520   0.0099787
1521   0.0099756
1522   0.0099724
1523   0.0099693
1524   0.0099662
1525   0.009963
1526   0.0099599
1527   0.0099568
1528   0.0099537
1529   0.0099505
1530   0.0099474
1531   0.0099443
1532   0.0099412
1533   0.0099381
1534   0.009935
1535   0.0099319
1536   0.0099287
1537   0.0099257
1538   0.0099226
1539   0.0099194
1540   0.0099164
1541   0.0099133
1542   0.0099102
1543   0.0099071
1544   0.009904
1545   0.0099009
1546   0.0098978
1547   0.0098947
1548   0.0098916
1549   0.0098886
1550   0.0098855
1551   0.0098824
1552   0.0098793
1553   0.0098763
1554   0.0098732
1555   0.0098701
1556   0.0098671
1557   0.009864
1558   0.0098609
1559   0.0098579
1560   0.0098548
1561   0.0098518
1562   0.0098487
1563   0.0098457
1564   0.0098426
1565   0.0098396
1566   0.0098365
1567   0.0098335
1568   0.0098304
1569   0.0098274
1570   0.0098243
1571   0.0098213
1572   0.0098183
1573   0.0098152
1574   0.0098122
1575   0.0098092
1576   0.0098061
1577   0.0098031
1578   0.0098001
1579   0.0097971
1580   0.0097941
1581   0.0097911
1582   0.009788
1583   0.009785
1584   0.009782
1585   0.009779
1586   0.009776
1587   0.009773
1588   0.00977
1589   0.009767
1590   0.009764
1591   0.009761
1592   0.009758
1593   0.009755
1594   0.009752
1595   0.009749
1596   0.009746
1597   0.009743
1598   0.00974
1599   0.0097371
1600   0.0097341
1601   0.0097311
1602   0.0097281
1603   0.0097251
1604   0.0097222
1605   0.0097192
1606   0.0097162
1607   0.0097133
1608   0.0097103
1609   0.0097073
1610   0.0097044
1611   0.0097014
1612   0.0096985
1613   0.0096955
1614   0.0096925
1615   0.0096896
1616   0.0096866
1617   0.0096837
1618   0.0096808
1619   0.0096778
1620   0.0096749
1621   0.0096719
1622   0.009669
1623   0.0096661
1624   0.0096631
1625   0.0096602
1626   0.0096573
1627   0.0096543
1628   0.0096514
1629   0.0096485
1630   0.0096456
1631   0.0096426
1632   0.0096397
1633   0.0096368
1634   0.0096339
1635   0.009631
1636   0.0096281
1637   0.0096251
1638   0.0096222
1639   0.0096193
1640   0.0096164
1641   0.0096135
1642   0.0096106
1643   0.0096077
1644   0.0096048
1645   0.0096019
1646   0.009599
1647   0.0095961
1648   0.0095932
1649   0.0095904
1650   0.0095875
1651   0.0095846
1652   0.0095817
1653   0.0095788
1654   0.0095759
1655   0.0095731
1656   0.0095702
1657   0.0095673
1658   0.0095644
1659   0.0095616
1660   0.0095587
1661   0.0095558
1662   0.009553
1663   0.0095501
1664   0.0095472
1665   0.0095444
1666   0.0095415
1667   0.0095387
1668   0.0095358
1669   0.0095329
1670   0.0095301
1671   0.0095273
1672   0.0095244
1673   0.0095216
1674   0.0095187
1675   0.0095159
1676   0.009513
1677   0.0095102
1678   0.0095073
1679   0.0095045
1680   0.0095017
1681   0.0094989
1682   0.009496
1683   0.0094932
1684   0.0094904
1685   0.0094875
1686   0.0094847
1687   0.0094819
1688   0.0094791
1689   0.0094763
1690   0.0094734
1691   0.0094706
1692   0.0094678
1693   0.009465
1694   0.0094622
1695   0.0094594
1696   0.0094566
1697   0.0094538
1698   0.009451
1699   0.0094482
1700   0.0094454
1701   0.0094426
1702   0.0094398
1703   0.009437
1704   0.0094343
1705   0.0094315
1706   0.0094287
1707   0.0094259
1708   0.0094231
1709   0.0094203
1710   0.0094175
1711   0.0094148
1712   0.009412
1713   0.0094092
1714   0.0094064
1715   0.0094037
1716   0.0094009
1717   0.0093981
1718   0.0093954
1719   0.0093926
1720   0.0093898
1721   0.0093871
1722   0.0093843
1723   0.0093816
1724   0.0093788
1725   0.0093761
1726   0.0093733
1727   0.0093706
1728   0.0093678
1729   0.0093651
1730   0.0093623
1731   0.0093596
1732   0.0093568
1733   0.0093541
1734   0.0093514
1735   0.0093486
1736   0.0093459
1737   0.0093432
1738   0.0093404
1739   0.0093377
1740   0.009335
1741   0.0093322
1742   0.0093295
1743   0.0093268
1744   0.0093241
1745   0.0093214
1746   0.0093186
1747   0.0093159
1748   0.0093132
1749   0.0093105
1750   0.0093078
1751   0.0093051
1752   0.0093024
1753   0.0092997
1754   0.009297
1755   0.0092943
1756   0.0092916
1757   0.0092889
1758   0.0092862
1759   0.0092835
1760   0.0092808
1761   0.0092781
1762   0.0092754
1763   0.0092727
1764   0.00927
1765   0.0092674
1766   0.0092647
1767   0.009262
1768   0.0092593
1769   0.0092566
1770   0.009254
1771   0.0092513
1772   0.0092486
1773   0.0092459
1774   0.0092433
1775   0.0092406
1776   0.0092379
1777   0.0092353
1778   0.0092326
1779   0.00923
1780   0.0092273
1781   0.0092247
1782   0.009222
1783   0.0092194
1784   0.0092167
1785   0.0092141
1786   0.0092114
1787   0.0092088
1788   0.0092061
1789   0.0092035
1790   0.0092008
1791   0.0091982
1792   0.0091956
1793   0.0091929
1794   0.0091903
1795   0.0091877
1796   0.009185
1797   0.0091824
1798   0.0091798
1799   0.0091772
1800   0.0091745
1801   0.0091719
1802   0.0091693
1803   0.0091667
1804   0.0091641
1805   0.0091614
1806   0.0091588
1807   0.0091562
1808   0.0091536
1809   0.009151
1810   0.0091484
1811   0.0091458
1812   0.0091432
1813   0.0091406
1814   0.009138
1815   0.0091354
1816   0.0091328
1817   0.0091302
1818   0.0091276
1819   0.009125
1820   0.0091224
1821   0.0091198
1822   0.0091172
1823   0.0091146
1824   0.0091121
1825   0.0091095
1826   0.0091069
1827   0.0091043
1828   0.0091017
1829   0.0090992
1830   0.0090966
1831   0.009094
1832   0.0090914
1833   0.0090889
1834   0.0090863
1835   0.0090837
1836   0.0090812
1837   0.0090786
1838   0.0090761
1839   0.0090735
1840   0.009071
1841   0.0090684
1842   0.0090658
1843   0.0090633
1844   0.0090607
1845   0.0090582
1846   0.0090556
1847   0.0090531
1848   0.0090506
1849   0.009048
1850   0.0090455
1851   0.009043
1852   0.0090404
1853   0.0090379
1854   0.0090353
1855   0.0090328
1856   0.0090303
1857   0.0090278
1858   0.0090252
1859   0.0090227
1860   0.0090202
1861   0.0090177
1862   0.0090151
1863   0.0090126
1864   0.0090101
1865   0.0090076
1866   0.0090051
1867   0.0090026
1868   0.0090001
1869   0.0089976
1870   0.0089951
1871   0.0089926
1872   0.0089901
1873   0.0089875
1874   0.0089851
1875   0.0089826
1876   0.0089801
1877   0.0089776
1878   0.0089751
1879   0.0089726
1880   0.0089701
1881   0.0089676
1882   0.0089651
1883   0.0089626
1884   0.0089602
1885   0.0089577
1886   0.0089552
1887   0.0089527
1888   0.0089502
1889   0.0089477
1890   0.0089453
1891   0.0089428
1892   0.0089403
1893   0.0089379
1894   0.0089354
1895   0.0089329
1896   0.0089305
1897   0.008928
1898   0.0089255
1899   0.0089231
1900   0.0089206
1901   0.0089182
1902   0.0089157
1903   0.0089133
1904   0.0089108
1905   0.0089084
1906   0.0089059
1907   0.0089035
1908   0.008901
1909   0.0088986
1910   0.0088962
1911   0.0088937
1912   0.0088913
1913   0.0088888
1914   0.0088864
1915   0.008884
1916   0.0088816
1917   0.0088791
1918   0.0088767
1919   0.0088743
1920   0.0088718
1921   0.0088694
1922   0.008867
1923   0.0088646
1924   0.0088622
1925   0.0088597
1926   0.0088573
1927   0.0088549
1928   0.0088525
1929   0.0088501
1930   0.0088477
1931   0.0088453
1932   0.0088429
1933   0.0088405
1934   0.0088381
1935   0.0088357
1936   0.0088333
1937   0.0088309
1938   0.0088285
1939   0.0088261
1940   0.0088237
1941   0.0088213
1942   0.0088189
1943   0.0088165
1944   0.0088141
1945   0.0088118
1946   0.0088094
1947   0.008807
1948   0.0088046
1949   0.0088023
1950   0.0087999
1951   0.0087975
1952   0.0087951
1953   0.0087928
1954   0.0087904
1955   0.008788
1956   0.0087857
1957   0.0087833
1958   0.0087809
1959   0.0087786
1960   0.0087762
1961   0.0087738
1962   0.0087715
1963   0.0087691
1964   0.0087668
1965   0.0087644
1966   0.0087621
1967   0.0087597
1968   0.0087574
1969   0.008755
1970   0.0087527
1971   0.0087503
1972   0.008748
1973   0.0087457
1974   0.0087433
1975   0.008741
1976   0.0087387
1977   0.0087363
1978   0.008734
1979   0.0087317
1980   0.0087293
1981   0.008727
1982   0.0087247
1983   0.0087224
1984   0.00872
1985   0.0087177
1986   0.0087154
1987   0.0087131
1988   0.0087108
1989   0.0087084
1990   0.0087061
1991   0.0087038
1992   0.0087015
1993   0.0086992
1994   0.0086969
1995   0.0086946
1996   0.0086923
1997   0.00869
1998   0.0086877
1999   0.0086854
2000   0.0086831
2001   0.0086808
2002   0.0086785
2003   0.0086762
2004   0.0086739
2005   0.0086716
2006   0.0086693
2007   0.008667
2008   0.0086648
2009   0.0086625
2010   0.0086602
2011   0.0086579
2012   0.0086556
2013   0.0086534
2014   0.0086511
2015   0.0086488
2016   0.0086465
2017   0.0086443
2018   0.008642
2019   0.0086397
2020   0.0086375
2021   0.0086352
2022   0.0086329
2023   0.0086307
2024   0.0086284
2025   0.0086262
2026   0.0086239
2027   0.0086216
2028   0.0086194
2029   0.0086171
2030   0.0086149
2031   0.0086126
2032   0.0086104
2033   0.0086082
2034   0.0086059
2035   0.0086037
2036   0.0086014
2037   0.0085992
2038   0.0085969
2039   0.0085947
2040   0.0085925
2041   0.0085902
2042   0.008588
2043   0.0085858
2044   0.0085835
2045   0.0085813
2046   0.0085791
2047   0.0085769
2048   0.0085746
2049   0.0085724
2050   0.0085702
2051   0.008568
2052   0.0085657
2053   0.0085635
2054   0.0085613
2055   0.0085591
2056   0.0085569
2057   0.0085547
2058   0.0085525
2059   0.0085503
2060   0.0085481
2061   0.0085459
2062   0.0085436
2063   0.0085414
2064   0.0085392
2065   0.0085371
2066   0.0085348
2067   0.0085326
2068   0.0085305
2069   0.0085283
2070   0.0085261
2071   0.0085239
2072   0.0085217
2073   0.0085195
2074   0.0085173
2075   0.0085151
2076   0.008513
2077   0.0085108
2078   0.0085086
2079   0.0085064
2080   0.0085042
2081   0.0085021
2082   0.0084999
2083   0.0084977
2084   0.0084955
2085   0.0084934
2086   0.0084912
2087   0.008489
2088   0.0084869
2089   0.0084847
2090   0.0084826
2091   0.0084804
2092   0.0084782
2093   0.0084761
2094   0.0084739
2095   0.0084718
2096   0.0084696
2097   0.0084675
2098   0.0084653
2099   0.0084632
2100   0.008461
2101   0.0084589
2102   0.0084567
2103   0.0084546
2104   0.0084524
2105   0.0084503
2106   0.0084482
2107   0.008446
2108   0.0084439
2109   0.0084418
2110   0.0084396
2111   0.0084375
2112   0.0084354
2113   0.0084332
2114   0.0084311
2115   0.008429
2116   0.0084269
2117   0.0084247
2118   0.0084226
2119   0.0084205
2120   0.0084184
2121   0.0084163
2122   0.0084142
2123   0.008412
2124   0.0084099
2125   0.0084078
2126   0.0084057
2127   0.0084036
2128   0.0084015
2129   0.0083994
2130   0.0083973
2131   0.0083952
2132   0.0083931
2133   0.008391
2134   0.0083889
2135   0.0083868
2136   0.0083847
2137   0.0083826
2138   0.0083805
2139   0.0083784
2140   0.0083763
2141   0.0083742
2142   0.0083721
2143   0.00837
2144   0.008368
2145   0.0083659
2146   0.0083638
2147   0.0083617
2148   0.0083596
2149   0.0083575
2150   0.0083555
2151   0.0083534
2152   0.0083513
2153   0.0083492
2154   0.0083472
2155   0.0083451
2156   0.008343
2157   0.008341
2158   0.0083389
2159   0.0083368
2160   0.0083348
2161   0.0083327
2162   0.0083306
2163   0.0083286
2164   0.0083265
2165   0.0083245
2166   0.0083224
2167   0.0083204
2168   0.0083183
2169   0.0083163
2170   0.0083142
2171   0.0083122
2172   0.0083101
2173   0.0083081
2174   0.008306
2175   0.008304
2176   0.008302
2177   0.0082999
2178   0.0082979
2179   0.0082958
2180   0.0082938
2181   0.0082918
2182   0.0082897
2183   0.0082877
2184   0.0082857
2185   0.0082836
2186   0.0082816
2187   0.0082796
2188   0.0082776
2189   0.0082755
2190   0.0082735
2191   0.0082715
2192   0.0082695
2193   0.0082675
2194   0.0082654
2195   0.0082634
2196   0.0082614
2197   0.0082594
2198   0.0082574
2199   0.0082554
2200   0.0082534
2201   0.0082514
2202   0.0082494
2203   0.0082474
2204   0.0082453
2205   0.0082434
2206   0.0082413
2207   0.0082394
2208   0.0082373
2209   0.0082354
2210   0.0082334
2211   0.0082314
2212   0.0082294
2213   0.0082274
2214   0.0082254
2215   0.0082234
2216   0.0082214
2217   0.0082194
2218   0.0082174
2219   0.0082154
2220   0.0082135
2221   0.0082115
2222   0.0082095
2223   0.0082075
2224   0.0082055
2225   0.0082036
2226   0.0082016
2227   0.0081996
2228   0.0081977
2229   0.0081957
2230   0.0081937
2231   0.0081917
2232   0.0081898
2233   0.0081878
2234   0.0081858
2235   0.0081839
2236   0.0081819
2237   0.0081799
2238   0.008178
2239   0.008176
2240   0.0081741
2241   0.0081721
2242   0.0081702
2243   0.0081682
2244   0.0081663
2245   0.0081643
2246   0.0081624
2247   0.0081604
2248   0.0081585
2249   0.0081565
2250   0.0081546
2251   0.0081526
2252   0.0081507
2253   0.0081488
2254   0.0081468
2255   0.0081449
2256   0.0081429
2257   0.008141
2258   0.0081391
2259   0.0081371
2260   0.0081352
2261   0.0081333
2262   0.0081313
2263   0.0081294
2264   0.0081275
2265   0.0081256
2266   0.0081236
2267   0.0081217
2268   0.0081198
2269   0.0081179
2270   0.008116
2271   0.008114
2272   0.0081121
2273   0.0081102
2274   0.0081083
2275   0.0081064
2276   0.0081045
2277   0.0081026
2278   0.0081006
2279   0.0080987
2280   0.0080968
2281   0.0080949
2282   0.008093
2283   0.0080911
2284   0.0080892
2285   0.0080873
2286   0.0080854
2287   0.0080835
2288   0.0080816
2289   0.0080797
2290   0.0080778
2291   0.0080759
2292   0.008074
2293   0.0080721
2294   0.0080702
2295   0.0080684
2296   0.0080665
2297   0.0080646
2298   0.0080627
2299   0.0080608
2300   0.0080589
2301   0.008057
2302   0.0080551
2303   0.0080533
2304   0.0080514
2305   0.0080495
2306   0.0080476
2307   0.0080458
2308   0.0080439
2309   0.008042
2310   0.0080401
2311   0.0080383
2312   0.0080364
2313   0.0080345
2314   0.0080327
2315   0.0080308
2316   0.0080289
2317   0.0080271
2318   0.0080252
2319   0.0080233
2320   0.0080215
2321   0.0080196
2322   0.0080178
2323   0.0080159
2324   0.0080141
2325   0.0080122
2326   0.0080104
2327   0.0080085
2328   0.0080067
2329   0.0080048
2330   0.0080029
2331   0.0080011
2332   0.0079992
2333   0.0079974
2334   0.0079956
2335   0.0079937
2336   0.0079919
2337   0.00799
2338   0.0079882
2339   0.0079864
2340   0.0079845
2341   0.0079827
2342   0.0079808
2343   0.007979
2344   0.0079772
2345   0.0079754
2346   0.0079735
2347   0.0079717
2348   0.0079699
2349   0.007968
2350   0.0079662
2351   0.0079644
2352   0.0079626
2353   0.0079607
2354   0.0079589
2355   0.0079571
2356   0.0079553
2357   0.0079535
2358   0.0079516
2359   0.0079498
2360   0.007948
2361   0.0079462
2362   0.0079444
2363   0.0079426
2364   0.0079408
2365   0.007939
2366   0.0079372
2367   0.0079353
2368   0.0079335
2369   0.0079317
2370   0.0079299
2371   0.0079281
2372   0.0079263
2373   0.0079245
2374   0.0079227
2375   0.0079209
2376   0.0079191
2377   0.0079173
2378   0.0079155
2379   0.0079137
2380   0.007912
2381   0.0079102
2382   0.0079084
2383   0.0079066
2384   0.0079048
2385   0.007903
2386   0.0079012
2387   0.0078994
2388   0.0078976
2389   0.0078959
2390   0.0078941
2391   0.0078923
2392   0.0078905
2393   0.0078887
2394   0.0078869
2395   0.0078852
2396   0.0078834
2397   0.0078816
2398   0.0078799
2399   0.0078781
2400   0.0078763
2401   0.0078745
2402   0.0078728
2403   0.007871
2404   0.0078692
2405   0.0078675
2406   0.0078657
2407   0.0078639
2408   0.0078622
2409   0.0078604
2410   0.0078586
2411   0.0078569
2412   0.0078551
2413   0.0078534
2414   0.0078516
2415   0.0078498
2416   0.0078481
2417   0.0078463
2418   0.0078446
2419   0.0078428
2420   0.0078411
2421   0.0078393
2422   0.0078376
2423   0.0078358
2424   0.0078341
2425   0.0078323
2426   0.0078306
2427   0.0078288
2428   0.0078271
2429   0.0078254
2430   0.0078236
2431   0.0078219
2432   0.0078201
2433   0.0078184
2434   0.0078167
2435   0.0078149
2436   0.0078132
2437   0.0078115
2438   0.0078097
2439   0.007808
2440   0.0078063
2441   0.0078045
2442   0.0078028
2443   0.0078011
2444   0.0077994
2445   0.0077976
2446   0.0077959
2447   0.0077942
2448   0.0077925
2449   0.0077907
2450   0.007789
2451   0.0077873
2452   0.0077856
2453   0.0077839
2454   0.0077821
2455   0.0077804
2456   0.0077787
2457   0.007777
2458   0.0077753
2459   0.0077736
2460   0.0077719
2461   0.0077701
2462   0.0077684
2463   0.0077667
2464   0.007765
2465   0.0077633
2466   0.0077616
2467   0.0077599
2468   0.0077582
2469   0.0077565
2470   0.0077548
2471   0.0077531
2472   0.0077514
2473   0.0077497
2474   0.007748
2475   0.0077463
2476   0.0077446
2477   0.0077429
2478   0.0077412
2479   0.0077395
2480   0.0077378
2481   0.0077361
2482   0.0077344
2483   0.0077327
2484   0.007731
2485   0.0077294
2486   0.0077277
2487   0.007726
2488   0.0077243
2489   0.0077226
2490   0.0077209
2491   0.0077192
2492   0.0077176
2493   0.0077159
2494   0.0077142
2495   0.0077125
2496   0.0077108
2497   0.0077092
2498   0.0077075
2499   0.0077058
2500   0.0077041
2501   0.0077025
2502   0.0077008
2503   0.0076991
2504   0.0076975
2505   0.0076958
2506   0.0076941
2507   0.0076925
2508   0.0076908
2509   0.0076891
2510   0.0076874
2511   0.0076858
2512   0.0076841
2513   0.0076825
2514   0.0076808
2515   0.0076791
2516   0.0076775
2517   0.0076758
2518   0.0076742
2519   0.0076725
2520   0.0076709
2521   0.0076692
2522   0.0076675
2523   0.0076659
2524   0.0076642
2525   0.0076626
2526   0.0076609
2527   0.0076593
2528   0.0076576
2529   0.007656
2530   0.0076543
2531   0.0076527
2532   0.0076511
2533   0.0076494
2534   0.0076478
2535   0.0076461
2536   0.0076445
2537   0.0076428
2538   0.0076412
2539   0.0076396
2540   0.0076379
2541   0.0076363
2542   0.0076346
2543   0.007633
2544   0.0076314
2545   0.0076297
2546   0.0076281
2547   0.0076265
2548   0.0076248
2549   0.0076232
2550   0.0076216
2551   0.0076199
2552   0.0076183
2553   0.0076167
2554   0.0076151
2555   0.0076134
2556   0.0076118
2557   0.0076102
2558   0.0076086
2559   0.0076069
2560   0.0076053
2561   0.0076037
2562   0.0076021
2563   0.0076004
2564   0.0075988
2565   0.0075972
2566   0.0075956
2567   0.007594
2568   0.0075924
2569   0.0075908
2570   0.0075891
2571   0.0075875
2572   0.0075859
2573   0.0075843
2574   0.0075827
2575   0.0075811
2576   0.0075795
2577   0.0075779
2578   0.0075763
2579   0.0075746
2580   0.007573
2581   0.0075714
2582   0.0075698
2583   0.0075682
2584   0.0075666
2585   0.007565
2586   0.0075634
2587   0.0075618
2588   0.0075602
2589   0.0075586
2590   0.007557
2591   0.0075554
2592   0.0075538
2593   0.0075522
2594   0.0075506
2595   0.007549
2596   0.0075475
2597   0.0075459
2598   0.0075443
2599   0.0075427
2600   0.0075411
2601   0.0075395
2602   0.0075379
2603   0.0075363
2604   0.0075347
2605   0.0075332
2606   0.0075316
2607   0.00753
2608   0.0075284
2609   0.0075268
2610   0.0075252
2611   0.0075237
2612   0.0075221
2613   0.0075205
2614   0.0075189
2615   0.0075173
2616   0.0075158
2617   0.0075142
2618   0.0075126
2619   0.007511
2620   0.0075094
2621   0.0075079
2622   0.0075063
2623   0.0075047
2624   0.0075032
2625   0.0075016
2626   0.0075
2627   0.0074985
2628   0.0074969
2629   0.0074953
2630   0.0074938
2631   0.0074922
2632   0.0074906
2633   0.007489
2634   0.0074875
2635   0.0074859
2636   0.0074844
2637   0.0074828
2638   0.0074812
2639   0.0074797
2640   0.0074781
2641   0.0074766
2642   0.007475
2643   0.0074734
2644   0.0074719
2645   0.0074703
2646   0.0074688
2647   0.0074672
2648   0.0074657
2649   0.0074641
2650   0.0074625
2651   0.007461
2652   0.0074595
2653   0.0074579
2654   0.0074564
2655   0.0074548
2656   0.0074532
2657   0.0074517
2658   0.0074501
2659   0.0074486
2660   0.0074471
2661   0.0074455
2662   0.007444
2663   0.0074424
2664   0.0074409
2665   0.0074393
2666   0.0074378
2667   0.0074363
2668   0.0074347
2669   0.0074332
2670   0.0074316
2671   0.0074301
2672   0.0074286
2673   0.007427
2674   0.0074255
2675   0.007424
2676   0.0074224
2677   0.0074209
2678   0.0074194
2679   0.0074178
2680   0.0074163
2681   0.0074148
2682   0.0074132
2683   0.0074117
2684   0.0074102
2685   0.0074087
2686   0.0074071
2687   0.0074056
2688   0.0074041
2689   0.0074025
2690   0.007401
2691   0.0073995
2692   0.007398
2693   0.0073964
2694   0.0073949
2695   0.0073934
2696   0.0073919
2697   0.0073904
2698   0.0073888
2699   0.0073873
2700   0.0073858
2701   0.0073843
2702   0.0073828
2703   0.0073813
2704   0.0073797
2705   0.0073782
2706   0.0073767
2707   0.0073752
2708   0.0073737
2709   0.0073722
2710   0.0073706
2711   0.0073691
2712   0.0073676
2713   0.0073661
2714   0.0073646
2715   0.0073631
2716   0.0073616
2717   0.0073601
2718   0.0073586
2719   0.0073571
2720   0.0073556
2721   0.007354
2722   0.0073526
2723   0.007351
2724   0.0073495
2725   0.007348
2726   0.0073465
2727   0.007345
2728   0.0073435
2729   0.007342
2730   0.0073405
2731   0.007339
2732   0.0073375
2733   0.007336
2734   0.0073345
2735   0.007333
2736   0.0073316
2737   0.0073301
2738   0.0073286
2739   0.0073271
2740   0.0073256
2741   0.0073241
2742   0.0073226
2743   0.0073211
2744   0.0073196
2745   0.0073181
2746   0.0073166
2747   0.0073151
2748   0.0073136
2749   0.0073122
2750   0.0073107
2751   0.0073092
2752   0.0073077
2753   0.0073062
2754   0.0073047
2755   0.0073032
2756   0.0073018
2757   0.0073003
2758   0.0072988
2759   0.0072973
2760   0.0072958
2761   0.0072944
2762   0.0072929
2763   0.0072914
2764   0.0072899
2765   0.0072884
2766   0.007287
2767   0.0072855
2768   0.007284
2769   0.0072825
2770   0.0072811
2771   0.0072796
2772   0.0072781
2773   0.0072766
2774   0.0072752
2775   0.0072737
2776   0.0072722
2777   0.0072707
2778   0.0072693
2779   0.0072678
2780   0.0072663
2781   0.0072649
2782   0.0072634
2783   0.0072619
2784   0.0072605
2785   0.007259
2786   0.0072575
2787   0.0072561
2788   0.0072546
2789   0.0072531
2790   0.0072517
2791   0.0072502
2792   0.0072487
2793   0.0072473
2794   0.0072458
2795   0.0072443
2796   0.0072429
2797   0.0072414
2798   0.00724
2799   0.0072385
2800   0.0072371
2801   0.0072356
2802   0.0072341
2803   0.0072327
2804   0.0072312
2805   0.0072298
2806   0.0072283
2807   0.0072268
2808   0.0072254
2809   0.0072239
2810   0.0072225
2811   0.007221
2812   0.0072196
2813   0.0072181
2814   0.0072167
2815   0.0072152
2816   0.0072138
2817   0.0072123
2818   0.0072109
2819   0.0072094
2820   0.007208
2821   0.0072065
2822   0.0072051
2823   0.0072037
2824   0.0072022
2825   0.0072008
2826   0.0071993
2827   0.0071979
2828   0.0071964
2829   0.007195
2830   0.0071935
2831   0.0071921
2832   0.0071907
2833   0.0071892
2834   0.0071878
2835   0.0071863
2836   0.0071849
2837   0.0071835
2838   0.007182
2839   0.0071806
2840   0.0071791
2841   0.0071777
2842   0.0071763
2843   0.0071748
2844   0.0071734
2845   0.007172
2846   0.0071705
2847   0.0071691
2848   0.0071677
2849   0.0071662
2850   0.0071648
2851   0.0071634
2852   0.007162
2853   0.0071605
2854   0.0071591
2855   0.0071577
2856   0.0071562
2857   0.0071548
2858   0.0071534
2859   0.0071519
2860   0.0071505
2861   0.0071491
2862   0.0071477
2863   0.0071462
2864   0.0071448
2865   0.0071434
2866   0.007142
2867   0.0071405
2868   0.0071391
2869   0.0071377
2870   0.0071363
2871   0.0071349
2872   0.0071334
2873   0.007132
2874   0.0071306
2875   0.0071292
2876   0.0071278
2877   0.0071263
2878   0.0071249
2879   0.0071235
2880   0.0071221
2881   0.0071207
2882   0.0071192
2883   0.0071178
2884   0.0071164
2885   0.007115
2886   0.0071136
2887   0.0071122
2888   0.0071108
2889   0.0071093
2890   0.0071079
2891   0.0071065
2892   0.0071051
2893   0.0071037
2894   0.0071023
2895   0.0071009
2896   0.0070995
2897   0.0070981
2898   0.0070967
2899   0.0070952
2900   0.0070938
2901   0.0070924
2902   0.007091
2903   0.0070896
2904   0.0070882
2905   0.0070868
2906   0.0070854
2907   0.007084
2908   0.0070826
2909   0.0070812
2910   0.0070798
2911   0.0070784
2912   0.007077
2913   0.0070756
2914   0.0070742
2915   0.0070728
2916   0.0070714
2917   0.00707
2918   0.0070686
2919   0.0070672
2920   0.0070658
2921   0.0070644
2922   0.007063
2923   0.0070616
2924   0.0070602
2925   0.0070588
2926   0.0070574
2927   0.007056
2928   0.0070546
2929   0.0070532
2930   0.0070518
2931   0.0070504
2932   0.0070491
2933   0.0070477
2934   0.0070463
2935   0.0070449
2936   0.0070435
2937   0.0070421
2938   0.0070407
2939   0.0070393
2940   0.0070379
2941   0.0070365
2942   0.0070352
2943   0.0070338
2944   0.0070324
2945   0.007031
2946   0.0070296
2947   0.0070282
2948   0.0070268
2949   0.0070255
2950   0.0070241
2951   0.0070227
2952   0.0070213
2953   0.0070199
2954   0.0070185
2955   0.0070172
2956   0.0070158
2957   0.0070144
2958   0.007013
2959   0.0070116
2960   0.0070102
2961   0.0070089
2962   0.0070075
2963   0.0070061
2964   0.0070047
2965   0.0070034
2966   0.007002
2967   0.0070006
2968   0.0069992
2969   0.0069978
2970   0.0069965
2971   0.0069951
2972   0.0069937
2973   0.0069923
2974   0.006991
2975   0.0069896
2976   0.0069882
2977   0.0069868
2978   0.0069855
2979   0.0069841
2980   0.0069827
2981   0.0069814
2982   0.00698
2983   0.0069786
2984   0.0069773
2985   0.0069759
2986   0.0069745
2987   0.0069732
2988   0.0069718
2989   0.0069704
2990   0.0069691
2991   0.0069677
2992   0.0069663
2993   0.006965
2994   0.0069636
2995   0.0069623
2996   0.006961
2997   0.0069598
2998   0.0069587
2999   0.0069579
3000   0.0069576
