4.014000e-04 2.174681e-02
4.016000e-04 2.174680e-02
4.018000e-04 2.174679e-02
4.020000e-04 2.174678e-02
4.022000e-04 2.174677e-02
4.024000e-04 2.174676e-02
4.026000e-04 2.174675e-02
4.028000e-04 2.174674e-02
4.030000e-04 2.174673e-02
4.032000e-04 2.174672e-02
4.034000e-04 2.174671e-02
4.036000e-04 2.174670e-02
4.038000e-04 2.174669e-02
4.040000e-04 2.174668e-02
4.042000e-04 2.174667e-02
4.044000e-04 2.174666e-02
4.046000e-04 2.174666e-02
4.048000e-04 2.174665e-02
4.050000e-04 2.174664e-02
4.052000e-04 2.174663e-02
4.054000e-04 2.174662e-02
4.056000e-04 2.174661e-02
4.058000e-04 2.174660e-02
4.060000e-04 2.174659e-02
4.062000e-04 2.174658e-02
4.064000e-04 2.174657e-02
4.066000e-04 2.174656e-02
4.068000e-04 2.174655e-02
4.070000e-04 2.174654e-02
4.072000e-04 2.174653e-02
4.074000e-04 2.174652e-02
4.076000e-04 2.174651e-02
4.078000e-04 2.174650e-02
4.080000e-04 2.174649e-02
4.082000e-04 2.174648e-02
4.084000e-04 2.174648e-02
4.086000e-04 2.174647e-02
4.088000e-04 2.174646e-02
4.090000e-04 2.174645e-02
4.092000e-04 2.174644e-02
4.094000e-04 2.174643e-02
4.096000e-04 2.174642e-02
4.098000e-04 2.174641e-02
4.100000e-04 2.174640e-02
4.102000e-04 2.174639e-02
4.104000e-04 2.174638e-02
4.106000e-04 2.174637e-02
4.108000e-04 2.174636e-02
4.110000e-04 2.174635e-02
4.112000e-04 2.174634e-02
4.114000e-04 2.174633e-02
4.116000e-04 2.174632e-02
4.118000e-04 2.174631e-02
4.120000e-04 2.174630e-02
4.122000e-04 2.174629e-02
4.124000e-04 2.174629e-02
4.126000e-04 2.174628e-02
4.128000e-04 2.174627e-02
4.130000e-04 2.174626e-02
4.132000e-04 2.174625e-02
4.134000e-04 2.174624e-02
4.136000e-04 2.174623e-02
4.138000e-04 2.174622e-02
4.140000e-04 2.174621e-02
4.142000e-04 2.174620e-02
4.144000e-04 2.174619e-02
4.146000e-04 2.174618e-02
4.148000e-04 2.174617e-02
4.150000e-04 2.174616e-02
4.152000e-04 2.174615e-02
4.154000e-04 2.174614e-02
4.156000e-04 2.174613e-02
4.158000e-04 2.174612e-02
4.160000e-04 2.174611e-02
4.162000e-04 2.174611e-02
4.164000e-04 2.174610e-02
4.166000e-04 2.174609e-02
4.168000e-04 2.174608e-02
4.170000e-04 2.174607e-02
4.172000e-04 2.174606e-02
4.174000e-04 2.174605e-02
4.176000e-04 2.174604e-02
4.178000e-04 2.174603e-02
4.180000e-04 2.174602e-02
4.182000e-04 2.174601e-02
4.184000e-04 2.174600e-02
4.186000e-04 2.174599e-02
4.188000e-04 2.174598e-02
4.190000e-04 2.174597e-02
4.192000e-04 2.174596e-02
4.194000e-04 2.174595e-02
4.196000e-04 2.174594e-02
4.198000e-04 2.174593e-02
4.200000e-04 2.174592e-02
4.202000e-04 2.174592e-02
4.204000e-04 2.174591e-02
4.206000e-04 2.174590e-02
4.208000e-04 2.174589e-02
4.210000e-04 2.174588e-02
4.212000e-04 2.174587e-02
4.214000e-04 2.174586e-02
4.216000e-04 2.174585e-02
4.218000e-04 2.174584e-02
4.220000e-04 2.174583e-02
4.222000e-04 2.174582e-02
4.224000e-04 2.174581e-02
4.226000e-04 2.174580e-02
4.228000e-04 2.174579e-02
4.230000e-04 2.174578e-02
4.232000e-04 2.174577e-02
4.234000e-04 2.174576e-02
4.236000e-04 2.174575e-02
4.238000e-04 2.174574e-02
4.240000e-04 2.174574e-02
4.242000e-04 2.174573e-02
4.244000e-04 2.174572e-02
4.246000e-04 2.174571e-02
4.248000e-04 2.174570e-02
4.250000e-04 2.174569e-02
4.252000e-04 2.174568e-02
4.254000e-04 2.174567e-02
4.256000e-04 2.174566e-02
4.258000e-04 2.174565e-02
4.260000e-04 2.174564e-02
4.262000e-04 2.174563e-02
4.264000e-04 2.174562e-02
4.266000e-04 2.174561e-02
4.268000e-04 2.174560e-02
4.270000e-04 2.174559e-02
4.272000e-04 2.174558e-02
4.274000e-04 2.174557e-02
4.276000e-04 2.174556e-02
4.278000e-04 2.174555e-02
4.280000e-04 2.174555e-02
4.282000e-04 2.174554e-02
4.284000e-04 2.174553e-02
4.286000e-04 2.174552e-02
4.288000e-04 2.174551e-02
4.290000e-04 2.174550e-02
4.292000e-04 2.174549e-02
4.294000e-04 2.174548e-02
4.296000e-04 2.174547e-02
4.298000e-04 2.174546e-02
4.300000e-04 2.174545e-02
4.302000e-04 2.174544e-02
4.304000e-04 2.174543e-02
4.306000e-04 2.174542e-02
4.308000e-04 2.174541e-02
4.310000e-04 2.174540e-02
4.312000e-04 2.174539e-02
4.314000e-04 2.174538e-02
4.316000e-04 2.174537e-02
4.318000e-04 2.174536e-02
4.320000e-04 2.174536e-02
4.322000e-04 2.174535e-02
4.324000e-04 2.174534e-02
4.326000e-04 2.174533e-02
4.328000e-04 2.174532e-02
4.330000e-04 2.174531e-02
4.332000e-04 2.174530e-02
4.334000e-04 2.174529e-02
4.336000e-04 2.174528e-02
4.338000e-04 2.174527e-02
4.340000e-04 2.174526e-02
4.342000e-04 2.174525e-02
4.344000e-04 2.174524e-02
4.346000e-04 2.174523e-02
4.348000e-04 2.174522e-02
4.350000e-04 2.174521e-02
4.352000e-04 2.174520e-02
4.354000e-04 2.174519e-02
4.356000e-04 2.174518e-02
4.358000e-04 2.174518e-02
4.360000e-04 2.174517e-02
4.362000e-04 2.174516e-02
4.364000e-04 2.174515e-02
4.366000e-04 2.174514e-02
4.368000e-04 2.174513e-02
4.370000e-04 2.174512e-02
4.372000e-04 2.174511e-02
4.374000e-04 2.174510e-02
4.376000e-04 2.174509e-02
4.378000e-04 2.174508e-02
4.380000e-04 2.174507e-02
4.382000e-04 2.174506e-02
4.384000e-04 2.174505e-02
4.386000e-04 2.174504e-02
4.388000e-04 2.174503e-02
4.390000e-04 2.174502e-02
4.392000e-04 2.174501e-02
4.394000e-04 2.174500e-02
4.396000e-04 2.174499e-02
4.398000e-04 2.174499e-02
4.400000e-04 2.174498e-02
4.402000e-04 2.174497e-02
4.404000e-04 2.174496e-02
4.406000e-04 2.174495e-02
4.408000e-04 2.174494e-02
4.410000e-04 2.174493e-02
4.412000e-04 2.174492e-02
4.414000e-04 2.174491e-02
4.416000e-04 2.174490e-02
4.418000e-04 2.174489e-02
4.420000e-04 2.174488e-02
4.422000e-04 2.174487e-02
4.424000e-04 2.174486e-02
4.426000e-04 2.174485e-02
4.428000e-04 2.174484e-02
4.430000e-04 2.174483e-02
4.432000e-04 2.174482e-02
4.434000e-04 2.174481e-02
4.436000e-04 2.174481e-02
4.438000e-04 2.174480e-02
4.440000e-04 2.174479e-02
4.442000e-04 2.174478e-02
4.444000e-04 2.174477e-02
4.446000e-04 2.174476e-02
4.448000e-04 2.174475e-02
4.450000e-04 2.174474e-02
4.452000e-04 2.174473e-02
4.454000e-04 2.174472e-02
4.456000e-04 2.174471e-02
4.458000e-04 2.174470e-02
4.460000e-04 2.174469e-02
4.462000e-04 2.174468e-02
4.464000e-04 2.174467e-02
4.466000e-04 2.174466e-02
4.468000e-04 2.174465e-02
4.470000e-04 2.174464e-02
4.472000e-04 2.174463e-02
4.474000e-04 2.174462e-02
4.476000e-04 2.174462e-02
4.478000e-04 2.174461e-02
4.480000e-04 2.174460e-02
4.482000e-04 2.174459e-02
4.484000e-04 2.174458e-02
4.486000e-04 2.174457e-02
4.488000e-04 2.174456e-02
4.490000e-04 2.174455e-02
4.492000e-04 2.174454e-02
4.494000e-04 2.174453e-02
4.496000e-04 2.174452e-02
4.498000e-04 2.174451e-02
4.500000e-04 2.174450e-02
4.502000e-04 2.174449e-02
4.504000e-04 2.174448e-02
4.506000e-04 2.174447e-02
4.508000e-04 2.174446e-02
4.510000e-04 2.174445e-02
4.512000e-04 2.174444e-02
4.514000e-04 2.174444e-02
4.516000e-04 2.174443e-02
4.518000e-04 2.174442e-02
4.520000e-04 2.174441e-02
4.522000e-04 2.174440e-02
4.524000e-04 2.174439e-02
4.526000e-04 2.174438e-02
4.528000e-04 2.174437e-02
4.530000e-04 2.174436e-02
4.532000e-04 2.174435e-02
4.534000e-04 2.174434e-02
4.536000e-04 2.174433e-02
4.538000e-04 2.174432e-02
4.540000e-04 2.174431e-02
4.542000e-04 2.174430e-02
4.544000e-04 2.174429e-02
4.546000e-04 2.174428e-02
4.548000e-04 2.174427e-02
4.550000e-04 2.174426e-02
4.552000e-04 2.174425e-02
4.554000e-04 2.174425e-02
4.556000e-04 2.174424e-02
4.558000e-04 2.174423e-02
4.560000e-04 2.174422e-02
4.562000e-04 2.174421e-02
4.564000e-04 2.174420e-02
4.566000e-04 2.174419e-02
4.568000e-04 2.174418e-02
4.570000e-04 2.174417e-02
4.572000e-04 2.174416e-02
4.574000e-04 2.174415e-02
4.576000e-04 2.174414e-02
4.578000e-04 2.174413e-02
4.580000e-04 2.174412e-02
4.582000e-04 2.174411e-02
4.584000e-04 2.174410e-02
4.586000e-04 2.174409e-02
4.588000e-04 2.174408e-02
4.590000e-04 2.174407e-02
4.592000e-04 2.174407e-02
4.594000e-04 2.174406e-02
4.596000e-04 2.174405e-02
4.598000e-04 2.174404e-02
4.600000e-04 2.174403e-02
4.602000e-04 2.174402e-02
4.604000e-04 2.174401e-02
4.606000e-04 2.174400e-02
4.608000e-04 2.174399e-02
4.610000e-04 2.174398e-02
4.612000e-04 2.174397e-02
4.614000e-04 2.174396e-02
4.616000e-04 2.174395e-02
4.618000e-04 2.174394e-02
4.620000e-04 2.174393e-02
4.622000e-04 2.174392e-02
4.624000e-04 2.174391e-02
4.626000e-04 2.174390e-02
4.628000e-04 2.174389e-02
4.630000e-04 2.174389e-02
4.632000e-04 2.174388e-02
4.634000e-04 2.174387e-02
4.636000e-04 2.174386e-02
4.638000e-04 2.174385e-02
4.640000e-04 2.174384e-02
4.642000e-04 2.174383e-02
4.644000e-04 2.174382e-02
4.646000e-04 2.174381e-02
4.648000e-04 2.174380e-02
4.650000e-04 2.174379e-02
4.652000e-04 2.174378e-02
4.654000e-04 2.174377e-02
4.656000e-04 2.174376e-02
4.658000e-04 2.174375e-02
4.660000e-04 2.174374e-02
4.662000e-04 2.174373e-02
4.664000e-04 2.174372e-02
4.666000e-04 2.174371e-02
4.668000e-04 2.174370e-02
4.670000e-04 2.174370e-02
4.672000e-04 2.174369e-02
4.674000e-04 2.174368e-02
4.676000e-04 2.174367e-02
4.678000e-04 2.174366e-02
4.680000e-04 2.174365e-02
4.682000e-04 2.174364e-02
4.684000e-04 2.174363e-02
4.686000e-04 2.174362e-02
4.688000e-04 2.174361e-02
4.690000e-04 2.174360e-02
4.692000e-04 2.174359e-02
4.694000e-04 2.174358e-02
4.696000e-04 2.174357e-02
4.698000e-04 2.174356e-02
4.700000e-04 2.174355e-02
4.702000e-04 2.174354e-02
4.704000e-04 2.174353e-02
4.706000e-04 2.174352e-02
4.708000e-04 2.174352e-02
4.710000e-04 2.174351e-02
4.712000e-04 2.174350e-02
4.714000e-04 2.174349e-02
4.716000e-04 2.174348e-02
4.718000e-04 2.174347e-02
4.720000e-04 2.174346e-02
4.722000e-04 2.174345e-02
4.724000e-04 2.174344e-02
4.726000e-04 2.174343e-02
4.728000e-04 2.174342e-02
4.730000e-04 2.174341e-02
4.732000e-04 2.174340e-02
4.734000e-04 2.174339e-02
4.736000e-04 2.174338e-02
4.738000e-04 2.174337e-02
4.740000e-04 2.174336e-02
4.742000e-04 2.174335e-02
4.744000e-04 2.174334e-02
4.746000e-04 2.174333e-02
4.748000e-04 2.174333e-02
4.750000e-04 2.174332e-02
4.752000e-04 2.174331e-02
4.754000e-04 2.174330e-02
4.756000e-04 2.174329e-02
4.758000e-04 2.174328e-02
4.760000e-04 2.174327e-02
4.762000e-04 2.174326e-02
4.764000e-04 2.174325e-02
4.766000e-04 2.174324e-02
4.768000e-04 2.174323e-02
4.770000e-04 2.174322e-02
4.772000e-04 2.174321e-02
4.774000e-04 2.174320e-02
4.776000e-04 2.174319e-02
4.778000e-04 2.174318e-02
4.780000e-04 2.174317e-02
4.782000e-04 2.174316e-02
4.784000e-04 2.174315e-02
4.786000e-04 2.174315e-02
4.788000e-04 2.174314e-02
4.790000e-04 2.174313e-02
4.792000e-04 2.174312e-02
4.794000e-04 2.174311e-02
4.796000e-04 2.174310e-02
4.798000e-04 2.174309e-02
4.800000e-04 2.174308e-02
4.802000e-04 2.174307e-02
4.804000e-04 2.174306e-02
4.806000e-04 2.174305e-02
4.808000e-04 2.174304e-02
4.810000e-04 2.174303e-02
4.812000e-04 2.174302e-02
4.814000e-04 2.174301e-02
4.816000e-04 2.174300e-02
4.818000e-04 2.174299e-02
4.820000e-04 2.174298e-02
4.822000e-04 2.174297e-02
4.824000e-04 2.174296e-02
4.826000e-04 2.174296e-02
4.828000e-04 2.174295e-02
4.830000e-04 2.174294e-02
4.832000e-04 2.174293e-02
4.834000e-04 2.174292e-02
4.836000e-04 2.174291e-02
4.838000e-04 2.174290e-02
4.840000e-04 2.174289e-02
4.842000e-04 2.174288e-02
4.844000e-04 2.174287e-02
4.846000e-04 2.174286e-02
4.848000e-04 2.174285e-02
4.850000e-04 2.174284e-02
4.852000e-04 2.174283e-02
4.854000e-04 2.174282e-02
4.856000e-04 2.174281e-02
4.858000e-04 2.174280e-02
4.860000e-04 2.174279e-02
4.862000e-04 2.174278e-02
4.864000e-04 2.174278e-02
4.866000e-04 2.174277e-02
4.868000e-04 2.174276e-02
4.870000e-04 2.174275e-02
4.872000e-04 2.174274e-02
4.874000e-04 2.174273e-02
4.876000e-04 2.174272e-02
4.878000e-04 2.174271e-02
4.880000e-04 2.174270e-02
4.882000e-04 2.174269e-02
4.884000e-04 2.174268e-02
4.886000e-04 2.174267e-02
4.888000e-04 2.174266e-02
4.890000e-04 2.174265e-02
4.892000e-04 2.174264e-02
4.894000e-04 2.174263e-02
4.896000e-04 2.174262e-02
4.898000e-04 2.174261e-02
4.900000e-04 2.174260e-02
4.902000e-04 2.174259e-02
4.904000e-04 2.174259e-02
4.906000e-04 2.174258e-02
4.908000e-04 2.174257e-02
4.910000e-04 2.174256e-02
4.912000e-04 2.174255e-02
4.914000e-04 2.174254e-02
4.916000e-04 2.174253e-02
4.918000e-04 2.174252e-02
4.920000e-04 2.174251e-02
4.922000e-04 2.174250e-02
4.924000e-04 2.174249e-02
4.926000e-04 2.174248e-02
4.928000e-04 2.174247e-02
4.930000e-04 2.174246e-02
4.932000e-04 2.174245e-02
4.934000e-04 2.174244e-02
4.936000e-04 2.174243e-02
4.938000e-04 2.174242e-02
4.940000e-04 2.174241e-02
4.942000e-04 2.174241e-02
4.944000e-04 2.174240e-02
4.946000e-04 2.174239e-02
4.948000e-04 2.174238e-02
4.950000e-04 2.174237e-02
4.952000e-04 2.174236e-02
4.954000e-04 2.174235e-02
4.956000e-04 2.174234e-02
4.958000e-04 2.174233e-02
4.960000e-04 2.174232e-02
4.962000e-04 2.174231e-02
4.964000e-04 2.174230e-02
4.966000e-04 2.174229e-02
4.968000e-04 2.174228e-02
4.970000e-04 2.174227e-02
4.972000e-04 2.174226e-02
4.974000e-04 2.174225e-02
4.976000e-04 2.174224e-02
4.978000e-04 2.174223e-02
4.980000e-04 2.174222e-02
4.982000e-04 2.174222e-02
4.984000e-04 2.174221e-02
4.986000e-04 2.174220e-02
4.988000e-04 2.174219e-02
4.990000e-04 2.174218e-02
4.992000e-04 2.174217e-02
4.994000e-04 2.174216e-02
4.996000e-04 2.174215e-02
4.998000e-04 2.174214e-02
5.000000e-04 2.174213e-02
5.002000e-04 2.174212e-02
5.004000e-04 2.174211e-02
5.006000e-04 2.174210e-02
5.008000e-04 2.174209e-02
5.010000e-04 2.174208e-02
5.012000e-04 2.174207e-02
5.014000e-04 2.174206e-02
5.016000e-04 2.174205e-02
5.018000e-04 2.174204e-02
5.020000e-04 2.174204e-02
5.022000e-04 2.174203e-02
5.024000e-04 2.174202e-02
5.026000e-04 2.174201e-02
5.028000e-04 2.174200e-02
5.030000e-04 2.174199e-02
5.032000e-04 2.174198e-02
5.034000e-04 2.174197e-02
5.036000e-04 2.174196e-02
5.038000e-04 2.174195e-02
5.040000e-04 2.174194e-02
5.042000e-04 2.174193e-02
5.044000e-04 2.174192e-02
5.046000e-04 2.174191e-02
5.048000e-04 2.174190e-02
5.050000e-04 2.174189e-02
5.052000e-04 2.174188e-02
5.054000e-04 2.174187e-02
5.056000e-04 2.174186e-02
5.058000e-04 2.174185e-02
5.060000e-04 2.174185e-02
5.062000e-04 2.174184e-02
5.064000e-04 2.174183e-02
5.066000e-04 2.174182e-02
5.068000e-04 2.174181e-02
5.070000e-04 2.174180e-02
5.072000e-04 2.174179e-02
5.074000e-04 2.174178e-02
5.076000e-04 2.174177e-02
5.078000e-04 2.174176e-02
5.080000e-04 2.174175e-02
5.082000e-04 2.174174e-02
5.084000e-04 2.174173e-02
5.086000e-04 2.174172e-02
5.088000e-04 2.174171e-02
5.090000e-04 2.174170e-02
5.092000e-04 2.174169e-02
5.094000e-04 2.174168e-02
5.096000e-04 2.174167e-02
5.098000e-04 2.174167e-02
5.100000e-04 2.174166e-02
5.102000e-04 2.174165e-02
5.104000e-04 2.174164e-02
5.106000e-04 2.174163e-02
5.108000e-04 2.174162e-02
5.110000e-04 2.174161e-02
5.112000e-04 2.174160e-02
5.114000e-04 2.174159e-02
5.116000e-04 2.174158e-02
5.118000e-04 2.174157e-02
5.120000e-04 2.174156e-02
5.122000e-04 2.174155e-02
5.124000e-04 2.174154e-02
5.126000e-04 2.174153e-02
5.128000e-04 2.174152e-02
5.130000e-04 2.174151e-02
5.132000e-04 2.174150e-02
5.134000e-04 2.174149e-02
5.136000e-04 2.174148e-02
5.138000e-04 2.174148e-02
5.140000e-04 2.174147e-02
5.142000e-04 2.174146e-02
5.144000e-04 2.174145e-02
5.146000e-04 2.174144e-02
5.148000e-04 2.174143e-02
5.150000e-04 2.174142e-02
5.152000e-04 2.174141e-02
5.154000e-04 2.174140e-02
5.156000e-04 2.174139e-02
5.158000e-04 2.174138e-02
5.160000e-04 2.174137e-02
5.162000e-04 2.174136e-02
5.164000e-04 2.174135e-02
5.166000e-04 2.174134e-02
5.168000e-04 2.174133e-02
5.170000e-04 2.174132e-02
5.172000e-04 2.174131e-02
5.174000e-04 2.174130e-02
5.176000e-04 2.174130e-02
5.178000e-04 2.174129e-02
5.180000e-04 2.174128e-02
5.182000e-04 2.174127e-02
5.184000e-04 2.174126e-02
5.186000e-04 2.174125e-02
5.188000e-04 2.174124e-02
5.190000e-04 2.174123e-02
5.192000e-04 2.174122e-02
5.194000e-04 2.174121e-02
5.196000e-04 2.174120e-02
5.198000e-04 2.174119e-02
5.200000e-04 2.174118e-02
5.202000e-04 2.174117e-02
5.204000e-04 2.174116e-02
5.206000e-04 2.174115e-02
5.208000e-04 2.174114e-02
5.210000e-04 2.174113e-02
5.212000e-04 2.174112e-02
5.214000e-04 2.174112e-02
5.216000e-04 2.174111e-02
5.218000e-04 2.174110e-02
5.220000e-04 2.174109e-02
5.222000e-04 2.174108e-02
5.224000e-04 2.174107e-02
5.226000e-04 2.174106e-02
5.228000e-04 2.174105e-02
5.230000e-04 2.174104e-02
5.232000e-04 2.174103e-02
5.234000e-04 2.174102e-02
5.236000e-04 2.174101e-02
5.238000e-04 2.174100e-02
5.240000e-04 2.174099e-02
5.242000e-04 2.174098e-02
5.244000e-04 2.174097e-02
5.246000e-04 2.174096e-02
5.248000e-04 2.174095e-02
5.250000e-04 2.174094e-02
5.252000e-04 2.174093e-02
5.254000e-04 2.174093e-02
5.256000e-04 2.174092e-02
5.258000e-04 2.174091e-02
5.260000e-04 2.174090e-02
5.262000e-04 2.174089e-02
5.264000e-04 2.174088e-02
5.266000e-04 2.174087e-02
5.268000e-04 2.174086e-02
5.270000e-04 2.174085e-02
5.272000e-04 2.174084e-02
5.274000e-04 2.174083e-02
5.276000e-04 2.174082e-02
5.278000e-04 2.174081e-02
5.280000e-04 2.174080e-02
5.282000e-04 2.174079e-02
5.284000e-04 2.174078e-02
5.286000e-04 2.174077e-02
5.288000e-04 2.174076e-02
5.290000e-04 2.174075e-02
5.292000e-04 2.174075e-02
5.294000e-04 2.174074e-02
5.296000e-04 2.174073e-02
5.298000e-04 2.174072e-02
5.300000e-04 2.174071e-02
5.302000e-04 2.174070e-02
5.304000e-04 2.174069e-02
5.306000e-04 2.174068e-02
5.308000e-04 2.174067e-02
5.310000e-04 2.174066e-02
5.312000e-04 2.174065e-02
5.314000e-04 2.174064e-02
5.316000e-04 2.174063e-02
5.318000e-04 2.174062e-02
5.320000e-04 2.174061e-02
5.322000e-04 2.174060e-02
5.324000e-04 2.174059e-02
5.326000e-04 2.174058e-02
5.328000e-04 2.174057e-02
5.330000e-04 2.174056e-02
5.332000e-04 2.174056e-02
5.334000e-04 2.174055e-02
5.336000e-04 2.174054e-02
5.338000e-04 2.174053e-02
5.340000e-04 2.174052e-02
5.342000e-04 2.174051e-02
5.344000e-04 2.174050e-02
5.346000e-04 2.174049e-02
5.348000e-04 2.174048e-02
5.350000e-04 2.174047e-02
5.352000e-04 2.174046e-02
5.354000e-04 2.174045e-02
5.356000e-04 2.174044e-02
5.358000e-04 2.174043e-02
5.360000e-04 2.174042e-02
5.362000e-04 2.174041e-02
5.364000e-04 2.174040e-02
5.366000e-04 2.174039e-02
5.368000e-04 2.174038e-02
5.370000e-04 2.174038e-02
5.372000e-04 2.174037e-02
5.374000e-04 2.174036e-02
5.376000e-04 2.174035e-02
5.378000e-04 2.174034e-02
5.380000e-04 2.174033e-02
5.382000e-04 2.174032e-02
5.384000e-04 2.174031e-02
5.386000e-04 2.174030e-02
5.388000e-04 2.174029e-02
5.390000e-04 2.174028e-02
5.392000e-04 2.174027e-02
5.394000e-04 2.174026e-02
5.396000e-04 2.174025e-02
5.398000e-04 2.174024e-02
5.400000e-04 2.174023e-02
5.402000e-04 2.174022e-02
5.404000e-04 2.174021e-02
5.406000e-04 2.174020e-02
5.408000e-04 2.174019e-02
5.410000e-04 2.174019e-02
5.412000e-04 2.174018e-02
5.414000e-04 2.174017e-02
5.416000e-04 2.174016e-02
5.418000e-04 2.174015e-02
5.420000e-04 2.174014e-02
5.422000e-04 2.174013e-02
5.424000e-04 2.174012e-02
5.426000e-04 2.174011e-02
5.428000e-04 2.174010e-02
5.430000e-04 2.174009e-02
5.432000e-04 2.174008e-02
5.434000e-04 2.174007e-02
5.436000e-04 2.174006e-02
5.438000e-04 2.174005e-02
5.440000e-04 2.174004e-02
5.442000e-04 2.174003e-02
5.444000e-04 2.174002e-02
5.446000e-04 2.174001e-02
5.448000e-04 2.174001e-02
5.450000e-04 2.174000e-02
5.452000e-04 2.173999e-02
5.454000e-04 2.173998e-02
5.456000e-04 2.173997e-02
5.458000e-04 2.173996e-02
5.460000e-04 2.173995e-02
5.462000e-04 2.173994e-02
5.464000e-04 2.173993e-02
5.466000e-04 2.173992e-02
5.468000e-04 2.173991e-02
5.470000e-04 2.173990e-02
5.472000e-04 2.173989e-02
5.474000e-04 2.173988e-02
5.476000e-04 2.173987e-02
5.478000e-04 2.173986e-02
5.480000e-04 2.173985e-02
5.482000e-04 2.173984e-02
5.484000e-04 2.173983e-02
5.486000e-04 2.173983e-02
5.488000e-04 2.173982e-02
5.490000e-04 2.173981e-02
5.492000e-04 2.173980e-02
5.494000e-04 2.173979e-02
5.496000e-04 2.173978e-02
5.498000e-04 2.173977e-02
5.500000e-04 2.173976e-02
5.502000e-04 2.173975e-02
5.504000e-04 2.173974e-02
5.506000e-04 2.173973e-02
5.508000e-04 2.173972e-02
5.510000e-04 2.173971e-02
5.512000e-04 2.173970e-02
5.514000e-04 2.173969e-02
5.516000e-04 2.173968e-02
5.518000e-04 2.173967e-02
5.520000e-04 2.173966e-02
5.522000e-04 2.173965e-02
5.524000e-04 2.173964e-02
5.526000e-04 2.173964e-02
5.528000e-04 2.173963e-02
5.530000e-04 2.173962e-02
5.532000e-04 2.173961e-02
5.534000e-04 2.173960e-02
5.536000e-04 2.173959e-02
5.538000e-04 2.173958e-02
5.540000e-04 2.173957e-02
5.542000e-04 2.173956e-02
5.544000e-04 2.173955e-02
5.546000e-04 2.173954e-02
5.548000e-04 2.173953e-02
5.550000e-04 2.173952e-02
5.552000e-04 2.173951e-02
5.554000e-04 2.173950e-02
5.556000e-04 2.173949e-02
5.558000e-04 2.173948e-02
5.560000e-04 2.173947e-02
5.562000e-04 2.173946e-02
5.564000e-04 2.173946e-02
5.566000e-04 2.173945e-02
5.568000e-04 2.173944e-02
5.570000e-04 2.173943e-02
5.572000e-04 2.173942e-02
5.574000e-04 2.173941e-02
5.576000e-04 2.173940e-02
5.578000e-04 2.173939e-02
5.580000e-04 2.173938e-02
5.582000e-04 2.173937e-02
5.584000e-04 2.173936e-02
5.586000e-04 2.173935e-02
5.588000e-04 2.173934e-02
5.590000e-04 2.173933e-02
5.592000e-04 2.173932e-02
5.594000e-04 2.173931e-02
5.596000e-04 2.173930e-02
5.598000e-04 2.173929e-02
5.600000e-04 2.173928e-02
5.602000e-04 2.173927e-02
5.604000e-04 2.173927e-02
5.606000e-04 2.173926e-02
5.608000e-04 2.173925e-02
5.610000e-04 2.173924e-02
5.612000e-04 2.173923e-02
5.614000e-04 2.173922e-02
5.616000e-04 2.173921e-02
5.618000e-04 2.173920e-02
5.620000e-04 2.173919e-02
5.622000e-04 2.173918e-02
5.624000e-04 2.173917e-02
5.626000e-04 2.173916e-02
5.628000e-04 2.173915e-02
5.630000e-04 2.173914e-02
5.632000e-04 2.173913e-02
5.634000e-04 2.173912e-02
5.636000e-04 2.173911e-02
5.638000e-04 2.173910e-02
5.640000e-04 2.173909e-02
5.642000e-04 2.173909e-02
5.644000e-04 2.173908e-02
5.646000e-04 2.173907e-02
5.648000e-04 2.173906e-02
5.650000e-04 2.173905e-02
5.652000e-04 2.173904e-02
5.654000e-04 2.173903e-02
5.656000e-04 2.173902e-02
5.658000e-04 2.173901e-02
5.660000e-04 2.173900e-02
5.662000e-04 2.173899e-02
5.664000e-04 2.173898e-02
5.666000e-04 2.173897e-02
5.668000e-04 2.173896e-02
5.670000e-04 2.173895e-02
5.672000e-04 2.173894e-02
5.674000e-04 2.173893e-02
5.676000e-04 2.173892e-02
5.678000e-04 2.173891e-02
5.680000e-04 2.173891e-02
5.682000e-04 2.173890e-02
5.684000e-04 2.173889e-02
5.686000e-04 2.173888e-02
5.688000e-04 2.173887e-02
5.690000e-04 2.173886e-02
5.692000e-04 2.173885e-02
5.694000e-04 2.173884e-02
5.696000e-04 2.173883e-02
5.698000e-04 2.173882e-02
5.700000e-04 2.173881e-02
5.702000e-04 2.173880e-02
5.704000e-04 2.173879e-02
5.706000e-04 2.173878e-02
5.708000e-04 2.173877e-02
5.710000e-04 2.173876e-02
5.712000e-04 2.173875e-02
5.714000e-04 2.173874e-02
5.716000e-04 2.173873e-02
5.718000e-04 2.173872e-02
5.720000e-04 2.173872e-02
5.722000e-04 2.173871e-02
5.724000e-04 2.173870e-02
5.726000e-04 2.173869e-02
5.728000e-04 2.173868e-02
5.730000e-04 2.173867e-02
5.732000e-04 2.173866e-02
5.734000e-04 2.173865e-02
5.736000e-04 2.173864e-02
5.738000e-04 2.173863e-02
5.740000e-04 2.173862e-02
5.742000e-04 2.173861e-02
5.744000e-04 2.173860e-02
5.746000e-04 2.173859e-02
5.748000e-04 2.173858e-02
5.750000e-04 2.173857e-02
5.752000e-04 2.173856e-02
5.754000e-04 2.173855e-02
5.756000e-04 2.173854e-02
5.758000e-04 2.173854e-02
5.760000e-04 2.173853e-02
5.762000e-04 2.173852e-02
5.764000e-04 2.173851e-02
5.766000e-04 2.173850e-02
5.768000e-04 2.173849e-02
5.770000e-04 2.173848e-02
5.772000e-04 2.173847e-02
5.774000e-04 2.173846e-02
5.776000e-04 2.173845e-02
5.778000e-04 2.173844e-02
5.780000e-04 2.173843e-02
5.782000e-04 2.173842e-02
5.784000e-04 2.173841e-02
5.786000e-04 2.173840e-02
5.788000e-04 2.173839e-02
5.790000e-04 2.173838e-02
5.792000e-04 2.173837e-02
5.794000e-04 2.173836e-02
5.796000e-04 2.173835e-02
5.798000e-04 2.173835e-02
5.800000e-04 2.173834e-02
5.802000e-04 2.173833e-02
5.804000e-04 2.173832e-02
5.806000e-04 2.173831e-02
5.808000e-04 2.173830e-02
5.810000e-04 2.173829e-02
5.812000e-04 2.173828e-02
5.814000e-04 2.173827e-02
5.816000e-04 2.173826e-02
5.818000e-04 2.173825e-02
5.820000e-04 2.173824e-02
5.822000e-04 2.173823e-02
5.824000e-04 2.173822e-02
5.826000e-04 2.173821e-02
5.828000e-04 2.173820e-02
5.830000e-04 2.173819e-02
5.832000e-04 2.173818e-02
5.834000e-04 2.173817e-02
5.836000e-04 2.173817e-02
5.838000e-04 2.173816e-02
5.840000e-04 2.173815e-02
5.842000e-04 2.173814e-02
5.844000e-04 2.173813e-02
5.846000e-04 2.173812e-02
5.848000e-04 2.173811e-02
5.850000e-04 2.173810e-02
5.852000e-04 2.173809e-02
5.854000e-04 2.173808e-02
5.856000e-04 2.173807e-02
5.858000e-04 2.173806e-02
5.860000e-04 2.173805e-02
5.862000e-04 2.173804e-02
5.864000e-04 2.173803e-02
5.866000e-04 2.173802e-02
5.868000e-04 2.173801e-02
5.870000e-04 2.173800e-02
5.872000e-04 2.173799e-02
5.874000e-04 2.173799e-02
5.876000e-04 2.173798e-02
5.878000e-04 2.173797e-02
5.880000e-04 2.173796e-02
5.882000e-04 2.173795e-02
5.884000e-04 2.173794e-02
5.886000e-04 2.173793e-02
5.888000e-04 2.173792e-02
5.890000e-04 2.173791e-02
5.892000e-04 2.173790e-02
5.894000e-04 2.173789e-02
5.896000e-04 2.173788e-02
5.898000e-04 2.173787e-02
5.900000e-04 2.173786e-02
5.902000e-04 2.173785e-02
5.904000e-04 2.173784e-02
5.906000e-04 2.173783e-02
5.908000e-04 2.173782e-02
5.910000e-04 2.173781e-02
5.912000e-04 2.173780e-02
5.914000e-04 2.173780e-02
5.916000e-04 2.173779e-02
5.918000e-04 2.173778e-02
5.920000e-04 2.173777e-02
5.922000e-04 2.173776e-02
5.924000e-04 2.173775e-02
5.926000e-04 2.173774e-02
5.928000e-04 2.173773e-02
5.930000e-04 2.173772e-02
5.932000e-04 2.173771e-02
5.934000e-04 2.173770e-02
5.936000e-04 2.173769e-02
5.938000e-04 2.173768e-02
5.940000e-04 2.173767e-02
5.942000e-04 2.173766e-02
5.944000e-04 2.173765e-02
5.946000e-04 2.173764e-02
5.948000e-04 2.173763e-02
5.950000e-04 2.173762e-02
5.952000e-04 2.173762e-02
5.954000e-04 2.173761e-02
5.956000e-04 2.173760e-02
5.958000e-04 2.173759e-02
5.960000e-04 2.173758e-02
5.962000e-04 2.173757e-02
5.964000e-04 2.173756e-02
5.966000e-04 2.173755e-02
5.968000e-04 2.173754e-02
5.970000e-04 2.173753e-02
5.972000e-04 2.173752e-02
5.974000e-04 2.173751e-02
5.976000e-04 2.173750e-02
5.978000e-04 2.173749e-02
5.980000e-04 2.173748e-02
5.982000e-04 2.173747e-02
5.984000e-04 2.173746e-02
5.986000e-04 2.173745e-02
5.988000e-04 2.173744e-02
5.990000e-04 2.173744e-02
5.992000e-04 2.173743e-02
5.994000e-04 2.173742e-02
5.996000e-04 2.173741e-02
5.998000e-04 2.173740e-02
6.000000e-04 2.173739e-02
6.002000e-04 2.173738e-02
6.004000e-04 2.173737e-02
6.006000e-04 2.173736e-02
6.008000e-04 2.173735e-02
6.010000e-04 2.173734e-02
6.012000e-04 2.173733e-02
6.014000e-04 2.173732e-02
6.016000e-04 2.173731e-02
6.018000e-04 2.173730e-02
6.020000e-04 2.173729e-02
6.022000e-04 2.173728e-02
6.024000e-04 2.173727e-02
6.026000e-04 2.173726e-02
6.028000e-04 2.173725e-02
6.030000e-04 2.173725e-02
6.032000e-04 2.173724e-02
6.034000e-04 2.173723e-02
6.036000e-04 2.173722e-02
6.038000e-04 2.173721e-02
6.040000e-04 2.173720e-02
6.042000e-04 2.173719e-02
6.044000e-04 2.173718e-02
6.046000e-04 2.173717e-02
6.048000e-04 2.173716e-02
6.050000e-04 2.173715e-02
6.052000e-04 2.173714e-02
6.054000e-04 2.173713e-02
6.056000e-04 2.173712e-02
6.058000e-04 2.173711e-02
6.060000e-04 2.173710e-02
6.062000e-04 2.173709e-02
6.064000e-04 2.173708e-02
6.066000e-04 2.173707e-02
6.068000e-04 2.173707e-02
6.070000e-04 2.173706e-02
6.072000e-04 2.173705e-02
6.074000e-04 2.173704e-02
6.076000e-04 2.173703e-02
6.078000e-04 2.173702e-02
6.080000e-04 2.173701e-02
6.082000e-04 2.173700e-02
6.084000e-04 2.173699e-02
6.086000e-04 2.173698e-02
6.088000e-04 2.173697e-02
6.090000e-04 2.173696e-02
6.092000e-04 2.173695e-02
6.094000e-04 2.173694e-02
6.096000e-04 2.173693e-02
6.098000e-04 2.173692e-02
6.100000e-04 2.173691e-02
6.102000e-04 2.173690e-02
6.104000e-04 2.173689e-02
6.106000e-04 2.173688e-02
6.108000e-04 2.173688e-02
6.110000e-04 2.173687e-02
6.112000e-04 2.173686e-02
6.114000e-04 2.173685e-02
6.116000e-04 2.173684e-02
6.118000e-04 2.173683e-02
6.120000e-04 2.173682e-02
6.122000e-04 2.173681e-02
6.124000e-04 2.173680e-02
6.126000e-04 2.173679e-02
6.128000e-04 2.173678e-02
6.130000e-04 2.173677e-02
6.132000e-04 2.173676e-02
6.134000e-04 2.173675e-02
6.136000e-04 2.173674e-02
6.138000e-04 2.173673e-02
6.140000e-04 2.173672e-02
6.142000e-04 2.173671e-02
6.144000e-04 2.173670e-02
6.146000e-04 2.173670e-02
6.148000e-04 2.173669e-02
6.150000e-04 2.173668e-02
6.152000e-04 2.173667e-02
6.154000e-04 2.173666e-02
6.156000e-04 2.173665e-02
6.158000e-04 2.173664e-02
6.160000e-04 2.173663e-02
6.162000e-04 2.173662e-02
6.164000e-04 2.173661e-02
6.166000e-04 2.173660e-02
6.168000e-04 2.173659e-02
6.170000e-04 2.173658e-02
6.172000e-04 2.173657e-02
6.174000e-04 2.173656e-02
6.176000e-04 2.173655e-02
6.178000e-04 2.173654e-02
6.180000e-04 2.173653e-02
6.182000e-04 2.173652e-02
6.184000e-04 2.173652e-02
6.186000e-04 2.173651e-02
6.188000e-04 2.173650e-02
6.190000e-04 2.173649e-02
6.192000e-04 2.173648e-02
6.194000e-04 2.173647e-02
6.196000e-04 2.173646e-02
6.198000e-04 2.173645e-02
6.200000e-04 2.173644e-02
6.202000e-04 2.173643e-02
6.204000e-04 2.173642e-02
6.206000e-04 2.173641e-02
6.208000e-04 2.173640e-02
6.210000e-04 2.173639e-02
6.212000e-04 2.173638e-02
6.214000e-04 2.173637e-02
6.216000e-04 2.173636e-02
6.218000e-04 2.173635e-02
6.220000e-04 2.173634e-02
6.222000e-04 2.173633e-02
6.224000e-04 2.173633e-02
6.226000e-04 2.173632e-02
6.228000e-04 2.173631e-02
6.230000e-04 2.173630e-02
6.232000e-04 2.173629e-02
6.234000e-04 2.173628e-02
6.236000e-04 2.173627e-02
6.238000e-04 2.173626e-02
6.240000e-04 2.173625e-02
6.242000e-04 2.173624e-02
6.244000e-04 2.173623e-02
6.246000e-04 2.173622e-02
6.248000e-04 2.173621e-02
6.250000e-04 2.173620e-02
6.252000e-04 2.173619e-02
6.254000e-04 2.173618e-02
6.256000e-04 2.173617e-02
6.258000e-04 2.173616e-02
6.260000e-04 2.173615e-02
6.262000e-04 2.173615e-02
6.264000e-04 2.173614e-02
6.266000e-04 2.173613e-02
6.268000e-04 2.173612e-02
6.270000e-04 2.173611e-02
6.272000e-04 2.173610e-02
6.274000e-04 2.173609e-02
6.276000e-04 2.173608e-02
6.278000e-04 2.173607e-02
6.280000e-04 2.173606e-02
6.282000e-04 2.173605e-02
6.284000e-04 2.173604e-02
6.286000e-04 2.173603e-02
6.288000e-04 2.173602e-02
6.290000e-04 2.173601e-02
6.292000e-04 2.173600e-02
6.294000e-04 2.173599e-02
6.296000e-04 2.173598e-02
6.298000e-04 2.173597e-02
6.300000e-04 2.173597e-02
6.302000e-04 2.173596e-02
6.304000e-04 2.173595e-02
6.306000e-04 2.173594e-02
6.308000e-04 2.173593e-02
6.310000e-04 2.173592e-02
6.312000e-04 2.173591e-02
6.314000e-04 2.173590e-02
6.316000e-04 2.173589e-02
6.318000e-04 2.173588e-02
6.320000e-04 2.173587e-02
6.322000e-04 2.173586e-02
6.324000e-04 2.173585e-02
6.326000e-04 2.173584e-02
6.328000e-04 2.173583e-02
6.330000e-04 2.173582e-02
6.332000e-04 2.173581e-02
6.334000e-04 2.173580e-02
6.336000e-04 2.173579e-02
6.338000e-04 2.173578e-02
6.340000e-04 2.173578e-02
6.342000e-04 2.173577e-02
6.344000e-04 2.173576e-02
6.346000e-04 2.173575e-02
6.348000e-04 2.173574e-02
6.350000e-04 2.173573e-02
6.352000e-04 2.173572e-02
6.354000e-04 2.173571e-02
6.356000e-04 2.173570e-02
6.358000e-04 2.173569e-02
6.360000e-04 2.173568e-02
6.362000e-04 2.173567e-02
6.364000e-04 2.173566e-02
6.366000e-04 2.173565e-02
6.368000e-04 2.173564e-02
6.370000e-04 2.173563e-02
6.372000e-04 2.173562e-02
6.374000e-04 2.173561e-02
6.376000e-04 2.173560e-02
6.378000e-04 2.173560e-02
6.380000e-04 2.173559e-02
6.382000e-04 2.173558e-02
6.384000e-04 2.173557e-02
6.386000e-04 2.173556e-02
6.388000e-04 2.173555e-02
6.390000e-04 2.173554e-02
6.392000e-04 2.173553e-02
6.394000e-04 2.173552e-02
6.396000e-04 2.173551e-02
6.398000e-04 2.173550e-02
6.400000e-04 2.173549e-02
6.402000e-04 2.173548e-02
6.404000e-04 2.173547e-02
6.406000e-04 2.173546e-02
6.408000e-04 2.173545e-02
6.410000e-04 2.173544e-02
6.412000e-04 2.173543e-02
6.414000e-04 2.173542e-02
6.416000e-04 2.173542e-02
6.418000e-04 2.173541e-02
6.420000e-04 2.173540e-02
6.422000e-04 2.173539e-02
6.424000e-04 2.173538e-02
6.426000e-04 2.173537e-02
6.428000e-04 2.173536e-02
6.430000e-04 2.173535e-02
6.432000e-04 2.173534e-02
6.434000e-04 2.173533e-02
6.436000e-04 2.173532e-02
6.438000e-04 2.173531e-02
6.440000e-04 2.173530e-02
6.442000e-04 2.173529e-02
6.444000e-04 2.173528e-02
6.446000e-04 2.173527e-02
6.448000e-04 2.173526e-02
6.450000e-04 2.173525e-02
6.452000e-04 2.173524e-02
6.454000e-04 2.173523e-02
6.456000e-04 2.173523e-02
6.458000e-04 2.173522e-02
6.460000e-04 2.173521e-02
6.462000e-04 2.173520e-02
6.464000e-04 2.173519e-02
6.466000e-04 2.173518e-02
6.468000e-04 2.173517e-02
6.470000e-04 2.173516e-02
6.472000e-04 2.173515e-02
6.474000e-04 2.173514e-02
6.476000e-04 2.173513e-02
6.478000e-04 2.173512e-02
6.480000e-04 2.173511e-02
6.482000e-04 2.173510e-02
6.484000e-04 2.173509e-02
6.486000e-04 2.173508e-02
6.488000e-04 2.173507e-02
6.490000e-04 2.173506e-02
6.492000e-04 2.173505e-02
6.494000e-04 2.173505e-02
6.496000e-04 2.173504e-02
6.498000e-04 2.173503e-02
6.500000e-04 2.173502e-02
6.502000e-04 2.173501e-02
6.504000e-04 2.173500e-02
6.506000e-04 2.173499e-02
6.508000e-04 2.173498e-02
6.510000e-04 2.173497e-02
6.512000e-04 2.173496e-02
6.514000e-04 2.173495e-02
6.516000e-04 2.173494e-02
6.518000e-04 2.173493e-02
6.520000e-04 2.173492e-02
6.522000e-04 2.173491e-02
6.524000e-04 2.173490e-02
6.526000e-04 2.173489e-02
6.528000e-04 2.173488e-02
6.530000e-04 2.173487e-02
6.532000e-04 2.173487e-02
6.534000e-04 2.173486e-02
6.536000e-04 2.173485e-02
6.538000e-04 2.173484e-02
6.540000e-04 2.173483e-02
6.542000e-04 2.173482e-02
6.544000e-04 2.173481e-02
6.546000e-04 2.173480e-02
6.548000e-04 2.173479e-02
6.550000e-04 2.173478e-02
6.552000e-04 2.173477e-02
6.554000e-04 2.173476e-02
6.556000e-04 2.173475e-02
6.558000e-04 2.173474e-02
6.560000e-04 2.173473e-02
6.562000e-04 2.173472e-02
6.564000e-04 2.173471e-02
6.566000e-04 2.173470e-02
6.568000e-04 2.173469e-02
6.570000e-04 2.173468e-02
6.572000e-04 2.173468e-02
6.574000e-04 2.173467e-02
6.576000e-04 2.173466e-02
6.578000e-04 2.173465e-02
6.580000e-04 2.173464e-02
6.582000e-04 2.173463e-02
6.584000e-04 2.173462e-02
6.586000e-04 2.173461e-02
6.588000e-04 2.173460e-02
6.590000e-04 2.173459e-02
6.592000e-04 2.173458e-02
6.594000e-04 2.173457e-02
6.596000e-04 2.173456e-02
6.598000e-04 2.173455e-02
6.600000e-04 2.173454e-02
6.602000e-04 2.173453e-02
6.604000e-04 2.173452e-02
6.606000e-04 2.173451e-02
6.608000e-04 2.173450e-02
6.610000e-04 2.173450e-02
6.612000e-04 2.173449e-02
6.614000e-04 2.173448e-02
6.616000e-04 2.173447e-02
6.618000e-04 2.173446e-02
6.620000e-04 2.173445e-02
6.622000e-04 2.173444e-02
6.624000e-04 2.173443e-02
6.626000e-04 2.173442e-02
6.628000e-04 2.173441e-02
6.630000e-04 2.173440e-02
6.632000e-04 2.173439e-02
6.634000e-04 2.173438e-02
6.636000e-04 2.173437e-02
6.638000e-04 2.173436e-02
6.640000e-04 2.173435e-02
6.642000e-04 2.173434e-02
6.644000e-04 2.173433e-02
6.646000e-04 2.173432e-02
6.648000e-04 2.173432e-02
6.650000e-04 2.173431e-02
6.652000e-04 2.173430e-02
6.654000e-04 2.173429e-02
6.656000e-04 2.173428e-02
6.658000e-04 2.173427e-02
6.660000e-04 2.173426e-02
6.662000e-04 2.173425e-02
6.664000e-04 2.173424e-02
6.666000e-04 2.173423e-02
6.668000e-04 2.173422e-02
6.670000e-04 2.173421e-02
6.672000e-04 2.173420e-02
6.674000e-04 2.173419e-02
6.676000e-04 2.173418e-02
6.678000e-04 2.173417e-02
6.680000e-04 2.173416e-02
6.682000e-04 2.173415e-02
6.684000e-04 2.173414e-02
6.686000e-04 2.173413e-02
6.688000e-04 2.173413e-02
6.690000e-04 2.173412e-02
6.692000e-04 2.173411e-02
6.694000e-04 2.173410e-02
6.696000e-04 2.173409e-02
6.698000e-04 2.173408e-02
6.700000e-04 2.173407e-02
6.702000e-04 2.173406e-02
6.704000e-04 2.173405e-02
6.706000e-04 2.173404e-02
6.708000e-04 2.173403e-02
6.710000e-04 2.173402e-02
6.712000e-04 2.173401e-02
6.714000e-04 2.173400e-02
6.716000e-04 2.173399e-02
6.718000e-04 2.173398e-02
6.720000e-04 2.173397e-02
6.722000e-04 2.173396e-02
6.724000e-04 2.173395e-02
6.726000e-04 2.173395e-02
6.728000e-04 2.173394e-02
6.730000e-04 2.173393e-02
6.732000e-04 2.173392e-02
6.734000e-04 2.173391e-02
6.736000e-04 2.173390e-02
6.738000e-04 2.173389e-02
6.740000e-04 2.173388e-02
6.742000e-04 2.173387e-02
6.744000e-04 2.173386e-02
6.746000e-04 2.173385e-02
6.748000e-04 2.173384e-02
6.750000e-04 2.173383e-02
6.752000e-04 2.173382e-02
6.754000e-04 2.173381e-02
6.756000e-04 2.173380e-02
6.758000e-04 2.173379e-02
6.760000e-04 2.173378e-02
6.762000e-04 2.173377e-02
6.764000e-04 2.173377e-02
6.766000e-04 2.173376e-02
6.768000e-04 2.173375e-02
6.770000e-04 2.173374e-02
6.772000e-04 2.173373e-02
6.774000e-04 2.173372e-02
6.776000e-04 2.173371e-02
6.778000e-04 2.173370e-02
6.780000e-04 2.173369e-02
6.782000e-04 2.173368e-02
6.784000e-04 2.173367e-02
6.786000e-04 2.173366e-02
6.788000e-04 2.173365e-02
6.790000e-04 2.173364e-02
6.792000e-04 2.173363e-02
6.794000e-04 2.173362e-02
6.796000e-04 2.173361e-02
6.798000e-04 2.173360e-02
6.800000e-04 2.173359e-02
6.802000e-04 2.173359e-02
6.804000e-04 2.173358e-02
6.806000e-04 2.173357e-02
6.808000e-04 2.173356e-02
6.810000e-04 2.173355e-02
6.812000e-04 2.173354e-02
6.814000e-04 2.173353e-02
6.816000e-04 2.173352e-02
6.818000e-04 2.173351e-02
6.820000e-04 2.173350e-02
6.822000e-04 2.173349e-02
6.824000e-04 2.173348e-02
6.826000e-04 2.173347e-02
6.828000e-04 2.173346e-02
6.830000e-04 2.173345e-02
6.832000e-04 2.173344e-02
6.834000e-04 2.173343e-02
6.836000e-04 2.173342e-02
6.838000e-04 2.173341e-02
6.840000e-04 2.173340e-02
6.842000e-04 2.173340e-02
6.844000e-04 2.173339e-02
6.846000e-04 2.173338e-02
6.848000e-04 2.173337e-02
6.850000e-04 2.173336e-02
6.852000e-04 2.173335e-02
6.854000e-04 2.173334e-02
6.856000e-04 2.173333e-02
6.858000e-04 2.173332e-02
6.860000e-04 2.173331e-02
6.862000e-04 2.173330e-02
6.864000e-04 2.173329e-02
6.866000e-04 2.173328e-02
6.868000e-04 2.173327e-02
6.870000e-04 2.173326e-02
6.872000e-04 2.173325e-02
6.874000e-04 2.173324e-02
6.876000e-04 2.173323e-02
6.878000e-04 2.173322e-02
6.880000e-04 2.173322e-02
6.882000e-04 2.173321e-02
6.884000e-04 2.173320e-02
6.886000e-04 2.173319e-02
6.888000e-04 2.173318e-02
6.890000e-04 2.173317e-02
6.892000e-04 2.173316e-02
6.894000e-04 2.173315e-02
6.896000e-04 2.173314e-02
6.898000e-04 2.173313e-02
6.900000e-04 2.173312e-02
6.902000e-04 2.173311e-02
6.904000e-04 2.173310e-02
6.906000e-04 2.173309e-02
6.908000e-04 2.173308e-02
6.910000e-04 2.173307e-02
6.912000e-04 2.173306e-02
6.914000e-04 2.173305e-02
6.916000e-04 2.173304e-02
6.918000e-04 2.173304e-02
6.920000e-04 2.173303e-02
6.922000e-04 2.173302e-02
6.924000e-04 2.173301e-02
6.926000e-04 2.173300e-02
6.928000e-04 2.173299e-02
6.930000e-04 2.173298e-02
6.932000e-04 2.173297e-02
6.934000e-04 2.173296e-02
6.936000e-04 2.173295e-02
6.938000e-04 2.173294e-02
6.940000e-04 2.173293e-02
6.942000e-04 2.173292e-02
6.944000e-04 2.173291e-02
6.946000e-04 2.173290e-02
6.948000e-04 2.173289e-02
6.950000e-04 2.173288e-02
6.952000e-04 2.173287e-02
6.954000e-04 2.173286e-02
6.956000e-04 2.173285e-02
6.958000e-04 2.173285e-02
6.960000e-04 2.173284e-02
6.962000e-04 2.173283e-02
6.964000e-04 2.173282e-02
6.966000e-04 2.173281e-02
6.968000e-04 2.173280e-02
6.970000e-04 2.173279e-02
6.972000e-04 2.173278e-02
6.974000e-04 2.173277e-02
6.976000e-04 2.173276e-02
6.978000e-04 2.173275e-02
6.980000e-04 2.173274e-02
6.982000e-04 2.173273e-02
6.984000e-04 2.173272e-02
6.986000e-04 2.173271e-02
6.988000e-04 2.173270e-02
6.990000e-04 2.173269e-02
6.992000e-04 2.173268e-02
6.994000e-04 2.173267e-02
6.996000e-04 2.173267e-02
6.998000e-04 2.173266e-02
7.000000e-04 2.173265e-02
7.002000e-04 2.173264e-02
7.004000e-04 2.173263e-02
7.006000e-04 2.173262e-02
7.008000e-04 2.173261e-02
7.010000e-04 2.173260e-02
7.012000e-04 2.173259e-02
7.014000e-04 2.173258e-02
7.016000e-04 2.173257e-02
7.018000e-04 2.173256e-02
7.020000e-04 2.173255e-02
7.022000e-04 2.173254e-02
7.024000e-04 2.173253e-02
7.026000e-04 2.173252e-02
7.028000e-04 2.173251e-02
7.030000e-04 2.173250e-02
7.032000e-04 2.173249e-02
7.034000e-04 2.173249e-02
7.036000e-04 2.173248e-02
7.038000e-04 2.173247e-02
7.040000e-04 2.173246e-02
7.042000e-04 2.173245e-02
7.044000e-04 2.173244e-02
7.046000e-04 2.173243e-02
7.048000e-04 2.173242e-02
7.050000e-04 2.173241e-02
7.052000e-04 2.173240e-02
7.054000e-04 2.173239e-02
7.056000e-04 2.173238e-02
7.058000e-04 2.173237e-02
7.060000e-04 2.173236e-02
7.062000e-04 2.173235e-02
7.064000e-04 2.173234e-02
7.066000e-04 2.173233e-02
7.068000e-04 2.173232e-02
7.070000e-04 2.173231e-02
7.072000e-04 2.173231e-02
7.074000e-04 2.173230e-02
7.076000e-04 2.173229e-02
7.078000e-04 2.173228e-02
7.080000e-04 2.173227e-02
7.082000e-04 2.173226e-02
7.084000e-04 2.173225e-02
7.086000e-04 2.173224e-02
7.088000e-04 2.173223e-02
7.090000e-04 2.173222e-02
7.092000e-04 2.173221e-02
7.094000e-04 2.173220e-02
7.096000e-04 2.173219e-02
7.098000e-04 2.173218e-02
7.100000e-04 2.173217e-02
7.102000e-04 2.173216e-02
7.104000e-04 2.173215e-02
7.106000e-04 2.173214e-02
7.108000e-04 2.173213e-02
7.110000e-04 2.173212e-02
7.112000e-04 2.173212e-02
7.114000e-04 2.173211e-02
7.116000e-04 2.173210e-02
7.118000e-04 2.173209e-02
7.120000e-04 2.173208e-02
7.122000e-04 2.173207e-02
7.124000e-04 2.173206e-02
7.126000e-04 2.173205e-02
7.128000e-04 2.173204e-02
7.130000e-04 2.173203e-02
7.132000e-04 2.173202e-02
7.134000e-04 2.173201e-02
7.136000e-04 2.173200e-02
7.138000e-04 2.173199e-02
7.140000e-04 2.173198e-02
7.142000e-04 2.173197e-02
7.144000e-04 2.173196e-02
7.146000e-04 2.173195e-02
7.148000e-04 2.173194e-02
7.150000e-04 2.173194e-02
7.152000e-04 2.173193e-02
7.154000e-04 2.173192e-02
7.156000e-04 2.173191e-02
7.158000e-04 2.173190e-02
7.160000e-04 2.173189e-02
7.162000e-04 2.173188e-02
7.164000e-04 2.173187e-02
7.166000e-04 2.173186e-02
7.168000e-04 2.173185e-02
7.170000e-04 2.173184e-02
7.172000e-04 2.173183e-02
7.174000e-04 2.173182e-02
7.176000e-04 2.173181e-02
7.178000e-04 2.173180e-02
7.180000e-04 2.173179e-02
7.182000e-04 2.173178e-02
7.184000e-04 2.173177e-02
7.186000e-04 2.173176e-02
7.188000e-04 2.173176e-02
7.190000e-04 2.173175e-02
7.192000e-04 2.173174e-02
7.194000e-04 2.173173e-02
7.196000e-04 2.173172e-02
7.198000e-04 2.173171e-02
7.200000e-04 2.173170e-02
7.202000e-04 2.173169e-02
7.204000e-04 2.173168e-02
7.206000e-04 2.173167e-02
7.208000e-04 2.173166e-02
7.210000e-04 2.173165e-02
7.212000e-04 2.173164e-02
7.214000e-04 2.173163e-02
7.216000e-04 2.173162e-02
7.218000e-04 2.173161e-02
7.220000e-04 2.173160e-02
7.222000e-04 2.173159e-02
7.224000e-04 2.173158e-02
7.226000e-04 2.173157e-02
7.228000e-04 2.173157e-02
7.230000e-04 2.173156e-02
7.232000e-04 2.173155e-02
7.234000e-04 2.173154e-02
7.236000e-04 2.173153e-02
7.238000e-04 2.173152e-02
7.240000e-04 2.173151e-02
7.242000e-04 2.173150e-02
7.244000e-04 2.173149e-02
7.246000e-04 2.173148e-02
7.248000e-04 2.173147e-02
7.250000e-04 2.173146e-02
7.252000e-04 2.173145e-02
7.254000e-04 2.173144e-02
7.256000e-04 2.173143e-02
7.258000e-04 2.173142e-02
7.260000e-04 2.173141e-02
7.262000e-04 2.173140e-02
7.264000e-04 2.173139e-02
7.266000e-04 2.173139e-02
7.268000e-04 2.173138e-02
7.270000e-04 2.173137e-02
7.272000e-04 2.173136e-02
7.274000e-04 2.173135e-02
7.276000e-04 2.173134e-02
7.278000e-04 2.173133e-02
7.280000e-04 2.173132e-02
7.282000e-04 2.173131e-02
7.284000e-04 2.173130e-02
7.286000e-04 2.173129e-02
7.288000e-04 2.173128e-02
7.290000e-04 2.173127e-02
7.292000e-04 2.173126e-02
7.294000e-04 2.173125e-02
7.296000e-04 2.173124e-02
7.298000e-04 2.173123e-02
7.300000e-04 2.173122e-02
7.302000e-04 2.173121e-02
7.304000e-04 2.173121e-02
7.306000e-04 2.173120e-02
7.308000e-04 2.173119e-02
7.310000e-04 2.173118e-02
7.312000e-04 2.173117e-02
7.314000e-04 2.173116e-02
7.316000e-04 2.173115e-02
7.318000e-04 2.173114e-02
7.320000e-04 2.173113e-02
7.322000e-04 2.173112e-02
7.324000e-04 2.173111e-02
7.326000e-04 2.173110e-02
7.328000e-04 2.173109e-02
7.330000e-04 2.173108e-02
7.332000e-04 2.173107e-02
7.334000e-04 2.173106e-02
7.336000e-04 2.173105e-02
7.338000e-04 2.173104e-02
7.340000e-04 2.173103e-02
7.342000e-04 2.173103e-02
7.344000e-04 2.173102e-02
7.346000e-04 2.173101e-02
7.348000e-04 2.173100e-02
7.350000e-04 2.173099e-02
7.352000e-04 2.173098e-02
7.354000e-04 2.173097e-02
7.356000e-04 2.173096e-02
7.358000e-04 2.173095e-02
7.360000e-04 2.173094e-02
7.362000e-04 2.173093e-02
7.364000e-04 2.173092e-02
7.366000e-04 2.173091e-02
7.368000e-04 2.173090e-02
7.370000e-04 2.173089e-02
7.372000e-04 2.173088e-02
7.374000e-04 2.173087e-02
7.376000e-04 2.173086e-02
7.378000e-04 2.173085e-02
7.380000e-04 2.173084e-02
7.382000e-04 2.173084e-02
7.384000e-04 2.173083e-02
7.386000e-04 2.173082e-02
7.388000e-04 2.173081e-02
7.390000e-04 2.173080e-02
7.392000e-04 2.173079e-02
7.394000e-04 2.173078e-02
7.396000e-04 2.173077e-02
7.398000e-04 2.173076e-02
7.400000e-04 2.173075e-02
7.402000e-04 2.173074e-02
7.404000e-04 2.173073e-02
7.406000e-04 2.173072e-02
7.408000e-04 2.173071e-02
7.410000e-04 2.173070e-02
7.412000e-04 2.173069e-02
7.414000e-04 2.173068e-02
7.416000e-04 2.173067e-02
7.418000e-04 2.173066e-02
7.420000e-04 2.173066e-02
7.422000e-04 2.173065e-02
7.424000e-04 2.173064e-02
7.426000e-04 2.173063e-02
7.428000e-04 2.173062e-02
7.430000e-04 2.173061e-02
7.432000e-04 2.173060e-02
7.434000e-04 2.173059e-02
7.436000e-04 2.173058e-02
7.438000e-04 2.173057e-02
7.440000e-04 2.173056e-02
7.442000e-04 2.173055e-02
7.444000e-04 2.173054e-02
7.446000e-04 2.173053e-02
7.448000e-04 2.173052e-02
7.450000e-04 2.173051e-02
7.452000e-04 2.173050e-02
7.454000e-04 2.173049e-02
7.456000e-04 2.173048e-02
7.458000e-04 2.173048e-02
7.460000e-04 2.173047e-02
7.462000e-04 2.173046e-02
7.464000e-04 2.173045e-02
7.466000e-04 2.173044e-02
7.468000e-04 2.173043e-02
7.470000e-04 2.173042e-02
7.472000e-04 2.173041e-02
7.474000e-04 2.173040e-02
7.476000e-04 2.173039e-02
7.478000e-04 2.173038e-02
7.480000e-04 2.173037e-02
7.482000e-04 2.173036e-02
7.484000e-04 2.173035e-02
7.486000e-04 2.173034e-02
7.488000e-04 2.173033e-02
7.490000e-04 2.173032e-02
7.492000e-04 2.173031e-02
7.494000e-04 2.173030e-02
7.496000e-04 2.173030e-02
7.498000e-04 2.173029e-02
7.500000e-04 2.173028e-02
7.502000e-04 2.173027e-02
7.504000e-04 2.173026e-02
7.506000e-04 2.173025e-02
7.508000e-04 2.173024e-02
7.510000e-04 2.173023e-02
7.512000e-04 2.173022e-02
7.514000e-04 2.173021e-02
7.516000e-04 2.173020e-02
7.518000e-04 2.173019e-02
7.520000e-04 2.173018e-02
7.522000e-04 2.173017e-02
7.524000e-04 2.173016e-02
7.526000e-04 2.173015e-02
7.528000e-04 2.173014e-02
7.530000e-04 2.173013e-02
7.532000e-04 2.173012e-02
7.534000e-04 2.173011e-02
7.536000e-04 2.173011e-02
7.538000e-04 2.173010e-02
7.540000e-04 2.173009e-02
7.542000e-04 2.173008e-02
7.544000e-04 2.173007e-02
7.546000e-04 2.173006e-02
7.548000e-04 2.173005e-02
7.550000e-04 2.173004e-02
7.552000e-04 2.173003e-02
7.554000e-04 2.173002e-02
7.556000e-04 2.173001e-02
7.558000e-04 2.173000e-02
7.560000e-04 2.172999e-02
7.562000e-04 2.172998e-02
7.564000e-04 2.172997e-02
7.566000e-04 2.172996e-02
7.568000e-04 2.172995e-02
7.570000e-04 2.172994e-02
7.572000e-04 2.172993e-02
7.574000e-04 2.172993e-02
7.576000e-04 2.172992e-02
7.578000e-04 2.172991e-02
7.580000e-04 2.172990e-02
7.582000e-04 2.172989e-02
7.584000e-04 2.172988e-02
7.586000e-04 2.172987e-02
7.588000e-04 2.172986e-02
7.590000e-04 2.172985e-02
7.592000e-04 2.172984e-02
7.594000e-04 2.172983e-02
7.596000e-04 2.172982e-02
7.598000e-04 2.172981e-02
7.600000e-04 2.172980e-02
7.602000e-04 2.172979e-02
7.604000e-04 2.172978e-02
7.606000e-04 2.172977e-02
7.608000e-04 2.172976e-02
7.610000e-04 2.172975e-02
7.612000e-04 2.172975e-02
7.614000e-04 2.172974e-02
7.616000e-04 2.172973e-02
7.618000e-04 2.172972e-02
7.620000e-04 2.172971e-02
7.622000e-04 2.172970e-02
7.624000e-04 2.172969e-02
7.626000e-04 2.172968e-02
7.628000e-04 2.172967e-02
7.630000e-04 2.172966e-02
7.632000e-04 2.172965e-02
7.634000e-04 2.172964e-02
7.636000e-04 2.172963e-02
7.638000e-04 2.172962e-02
7.640000e-04 2.172961e-02
7.642000e-04 2.172960e-02
7.644000e-04 2.172959e-02
7.646000e-04 2.172958e-02
7.648000e-04 2.172957e-02
7.650000e-04 2.172957e-02
7.652000e-04 2.172956e-02
7.654000e-04 2.172955e-02
7.656000e-04 2.172954e-02
7.658000e-04 2.172953e-02
7.660000e-04 2.172952e-02
7.662000e-04 2.172951e-02
7.664000e-04 2.172950e-02
7.666000e-04 2.172949e-02
7.668000e-04 2.172948e-02
7.670000e-04 2.172947e-02
7.672000e-04 2.172946e-02
7.674000e-04 2.172945e-02
7.676000e-04 2.172944e-02
7.678000e-04 2.172943e-02
7.680000e-04 2.172942e-02
7.682000e-04 2.172941e-02
7.684000e-04 2.172940e-02
7.686000e-04 2.172939e-02
7.688000e-04 2.172938e-02
7.690000e-04 2.172938e-02
7.692000e-04 2.172937e-02
7.694000e-04 2.172936e-02
7.696000e-04 2.172935e-02
7.698000e-04 2.172934e-02
7.700000e-04 2.172933e-02
7.702000e-04 2.172932e-02
7.704000e-04 2.172931e-02
7.706000e-04 2.172930e-02
7.708000e-04 2.172929e-02
7.710000e-04 2.172928e-02
7.712000e-04 2.172927e-02
7.714000e-04 2.172926e-02
7.716000e-04 2.172925e-02
7.718000e-04 2.172924e-02
7.720000e-04 2.172923e-02
7.722000e-04 2.172922e-02
7.724000e-04 2.172921e-02
7.726000e-04 2.172920e-02
7.728000e-04 2.172920e-02
7.730000e-04 2.172919e-02
7.732000e-04 2.172918e-02
7.734000e-04 2.172917e-02
7.736000e-04 2.172916e-02
7.738000e-04 2.172915e-02
7.740000e-04 2.172914e-02
7.742000e-04 2.172913e-02
7.744000e-04 2.172912e-02
7.746000e-04 2.172911e-02
7.748000e-04 2.172910e-02
7.750000e-04 2.172909e-02
7.752000e-04 2.172908e-02
7.754000e-04 2.172907e-02
7.756000e-04 2.172906e-02
7.758000e-04 2.172905e-02
7.760000e-04 2.172904e-02
7.762000e-04 2.172903e-02
7.764000e-04 2.172902e-02
7.766000e-04 2.172902e-02
7.768000e-04 2.172901e-02
7.770000e-04 2.172900e-02
7.772000e-04 2.172899e-02
7.774000e-04 2.172898e-02
7.776000e-04 2.172897e-02
7.778000e-04 2.172896e-02
7.780000e-04 2.172895e-02
7.782000e-04 2.172894e-02
7.784000e-04 2.172893e-02
7.786000e-04 2.172892e-02
7.788000e-04 2.172891e-02
7.790000e-04 2.172890e-02
7.792000e-04 2.172889e-02
7.794000e-04 2.172888e-02
7.796000e-04 2.172887e-02
7.798000e-04 2.172886e-02
7.800000e-04 2.172885e-02
7.802000e-04 2.172884e-02
7.804000e-04 2.172884e-02
7.806000e-04 2.172883e-02
7.808000e-04 2.172882e-02
7.810000e-04 2.172881e-02
7.812000e-04 2.172880e-02
7.814000e-04 2.172879e-02
7.816000e-04 2.172878e-02
7.818000e-04 2.172877e-02
7.820000e-04 2.172876e-02
7.822000e-04 2.172875e-02
7.824000e-04 2.172874e-02
7.826000e-04 2.172873e-02
7.828000e-04 2.172872e-02
7.830000e-04 2.172871e-02
7.832000e-04 2.172870e-02
7.834000e-04 2.172869e-02
7.836000e-04 2.172868e-02
7.838000e-04 2.172867e-02
7.840000e-04 2.172866e-02
7.842000e-04 2.172866e-02
7.844000e-04 2.172865e-02
7.846000e-04 2.172864e-02
7.848000e-04 2.172863e-02
7.850000e-04 2.172862e-02
7.852000e-04 2.172861e-02
7.854000e-04 2.172860e-02
7.856000e-04 2.172859e-02
7.858000e-04 2.172858e-02
7.860000e-04 2.172857e-02
7.862000e-04 2.172856e-02
7.864000e-04 2.172855e-02
7.866000e-04 2.172854e-02
7.868000e-04 2.172853e-02
7.870000e-04 2.172852e-02
7.872000e-04 2.172851e-02
7.874000e-04 2.172850e-02
7.876000e-04 2.172849e-02
7.878000e-04 2.172848e-02
7.880000e-04 2.172847e-02
7.882000e-04 2.172847e-02
7.884000e-04 2.172846e-02
7.886000e-04 2.172845e-02
7.888000e-04 2.172844e-02
7.890000e-04 2.172843e-02
7.892000e-04 2.172842e-02
7.894000e-04 2.172841e-02
7.896000e-04 2.172840e-02
7.898000e-04 2.172839e-02
7.900000e-04 2.172838e-02
7.902000e-04 2.172837e-02
7.904000e-04 2.172836e-02
7.906000e-04 2.172835e-02
7.908000e-04 2.172834e-02
7.910000e-04 2.172833e-02
7.912000e-04 2.172832e-02
7.914000e-04 2.172831e-02
7.916000e-04 2.172830e-02
7.918000e-04 2.172829e-02
7.920000e-04 2.172829e-02
7.922000e-04 2.172828e-02
7.924000e-04 2.172827e-02
7.926000e-04 2.172826e-02
7.928000e-04 2.172825e-02
7.930000e-04 2.172824e-02
7.932000e-04 2.172823e-02
7.934000e-04 2.172822e-02
7.936000e-04 2.172821e-02
7.938000e-04 2.172820e-02
7.940000e-04 2.172819e-02
7.942000e-04 2.172818e-02
7.944000e-04 2.172817e-02
7.946000e-04 2.172816e-02
7.948000e-04 2.172815e-02
7.950000e-04 2.172814e-02
7.952000e-04 2.172813e-02
7.954000e-04 2.172812e-02
7.956000e-04 2.172811e-02
7.958000e-04 2.172811e-02
7.960000e-04 2.172810e-02
7.962000e-04 2.172809e-02
7.964000e-04 2.172808e-02
7.966000e-04 2.172807e-02
7.968000e-04 2.172806e-02
7.970000e-04 2.172805e-02
7.972000e-04 2.172804e-02
7.974000e-04 2.172803e-02
7.976000e-04 2.172802e-02
7.978000e-04 2.172801e-02
7.980000e-04 2.172800e-02
7.982000e-04 2.172799e-02
7.984000e-04 2.172798e-02
7.986000e-04 2.172797e-02
7.988000e-04 2.172796e-02
7.990000e-04 2.172795e-02
7.992000e-04 2.172794e-02
7.994000e-04 2.172793e-02
7.996000e-04 2.172793e-02
7.998000e-04 2.172792e-02
8.000000e-04 2.172791e-02
8.002000e-04 2.172790e-02
8.004000e-04 2.172789e-02
8.006000e-04 2.172788e-02
8.008000e-04 2.172787e-02
8.010000e-04 2.172786e-02
8.012000e-04 2.172785e-02
8.014000e-04 2.172784e-02
8.016000e-04 2.172783e-02
8.018000e-04 2.172782e-02
8.020000e-04 2.172781e-02
8.022000e-04 2.172780e-02
8.024000e-04 2.172779e-02
8.026000e-04 2.172778e-02
8.028000e-04 2.172777e-02
8.030000e-04 2.172776e-02
8.032000e-04 2.172775e-02
8.034000e-04 2.172775e-02
8.036000e-04 2.172774e-02
8.038000e-04 2.172773e-02
8.040000e-04 2.172772e-02
8.042000e-04 2.172771e-02
8.044000e-04 2.172770e-02
8.046000e-04 2.172769e-02
8.048000e-04 2.172768e-02
8.050000e-04 2.172767e-02
8.052000e-04 2.172766e-02
8.054000e-04 2.172765e-02
8.056000e-04 2.172764e-02
8.058000e-04 2.172763e-02
8.060000e-04 2.172762e-02
8.062000e-04 2.172761e-02
8.064000e-04 2.172760e-02
8.066000e-04 2.172759e-02
8.068000e-04 2.172758e-02
8.070000e-04 2.172757e-02
8.072000e-04 2.172756e-02
8.074000e-04 2.172756e-02
8.076000e-04 2.172755e-02
8.078000e-04 2.172754e-02
8.080000e-04 2.172753e-02
8.082000e-04 2.172752e-02
8.084000e-04 2.172751e-02
8.086000e-04 2.172750e-02
8.088000e-04 2.172749e-02
8.090000e-04 2.172748e-02
8.092000e-04 2.172747e-02
8.094000e-04 2.172746e-02
8.096000e-04 2.172745e-02
8.098000e-04 2.172744e-02
8.100000e-04 2.172743e-02
8.102000e-04 2.172742e-02
8.104000e-04 2.172741e-02
8.106000e-04 2.172740e-02
8.108000e-04 2.172739e-02
8.110000e-04 2.172738e-02
8.112000e-04 2.172738e-02
8.114000e-04 2.172737e-02
8.116000e-04 2.172736e-02
8.118000e-04 2.172735e-02
8.120000e-04 2.172734e-02
8.122000e-04 2.172733e-02
8.124000e-04 2.172732e-02
8.126000e-04 2.172731e-02
8.128000e-04 2.172730e-02
8.130000e-04 2.172729e-02
8.132000e-04 2.172728e-02
8.134000e-04 2.172727e-02
8.136000e-04 2.172726e-02
8.138000e-04 2.172725e-02
8.140000e-04 2.172724e-02
8.142000e-04 2.172723e-02
8.144000e-04 2.172722e-02
8.146000e-04 2.172721e-02
8.148000e-04 2.172720e-02
8.150000e-04 2.172720e-02
8.152000e-04 2.172719e-02
8.154000e-04 2.172718e-02
8.156000e-04 2.172717e-02
8.158000e-04 2.172716e-02
8.160000e-04 2.172715e-02
8.162000e-04 2.172714e-02
8.164000e-04 2.172713e-02
8.166000e-04 2.172712e-02
8.168000e-04 2.172711e-02
8.170000e-04 2.172710e-02
8.172000e-04 2.172709e-02
8.174000e-04 2.172708e-02
8.176000e-04 2.172707e-02
8.178000e-04 2.172706e-02
8.180000e-04 2.172705e-02
8.182000e-04 2.172704e-02
8.184000e-04 2.172703e-02
8.186000e-04 2.172702e-02
8.188000e-04 2.172702e-02
8.190000e-04 2.172701e-02
8.192000e-04 2.172700e-02
8.194000e-04 2.172699e-02
8.196000e-04 2.172698e-02
8.198000e-04 2.172697e-02
8.200000e-04 2.172696e-02
8.202000e-04 2.172695e-02
8.204000e-04 2.172694e-02
8.206000e-04 2.172693e-02
8.208000e-04 2.172692e-02
8.210000e-04 2.172691e-02
8.212000e-04 2.172690e-02
8.214000e-04 2.172689e-02
8.216000e-04 2.172688e-02
8.218000e-04 2.172687e-02
8.220000e-04 2.172686e-02
8.222000e-04 2.172685e-02
8.224000e-04 2.172684e-02
8.226000e-04 2.172684e-02
8.228000e-04 2.172683e-02
8.230000e-04 2.172682e-02
8.232000e-04 2.172681e-02
8.234000e-04 2.172680e-02
8.236000e-04 2.172679e-02
8.238000e-04 2.172678e-02
8.240000e-04 2.172677e-02
8.242000e-04 2.172676e-02
8.244000e-04 2.172675e-02
8.246000e-04 2.172674e-02
8.248000e-04 2.172673e-02
8.250000e-04 2.172672e-02
8.252000e-04 2.172671e-02
8.254000e-04 2.172670e-02
8.256000e-04 2.172669e-02
8.258000e-04 2.172668e-02
8.260000e-04 2.172667e-02
8.262000e-04 2.172666e-02
8.264000e-04 2.172665e-02
8.266000e-04 2.172665e-02
8.268000e-04 2.172664e-02
8.270000e-04 2.172663e-02
8.272000e-04 2.172662e-02
8.274000e-04 2.172661e-02
8.276000e-04 2.172660e-02
8.278000e-04 2.172659e-02
8.280000e-04 2.172658e-02
8.282000e-04 2.172657e-02
8.284000e-04 2.172656e-02
8.286000e-04 2.172655e-02
8.288000e-04 2.172654e-02
8.290000e-04 2.172653e-02
8.292000e-04 2.172652e-02
8.294000e-04 2.172651e-02
8.296000e-04 2.172650e-02
8.298000e-04 2.172649e-02
8.300000e-04 2.172648e-02
8.302000e-04 2.172647e-02
8.304000e-04 2.172647e-02
8.306000e-04 2.172646e-02
8.308000e-04 2.172645e-02
8.310000e-04 2.172644e-02
8.312000e-04 2.172643e-02
8.314000e-04 2.172642e-02
8.316000e-04 2.172641e-02
8.318000e-04 2.172640e-02
8.320000e-04 2.172639e-02
8.322000e-04 2.172638e-02
8.324000e-04 2.172637e-02
8.326000e-04 2.172636e-02
8.328000e-04 2.172635e-02
8.330000e-04 2.172634e-02
8.332000e-04 2.172633e-02
8.334000e-04 2.172632e-02
8.336000e-04 2.172631e-02
8.338000e-04 2.172630e-02
8.340000e-04 2.172629e-02
8.342000e-04 2.172629e-02
8.344000e-04 2.172628e-02
8.346000e-04 2.172627e-02
8.348000e-04 2.172626e-02
8.350000e-04 2.172625e-02
8.352000e-04 2.172624e-02
8.354000e-04 2.172623e-02
8.356000e-04 2.172622e-02
8.358000e-04 2.172621e-02
8.360000e-04 2.172620e-02
8.362000e-04 2.172619e-02
8.364000e-04 2.172618e-02
8.366000e-04 2.172617e-02
8.368000e-04 2.172616e-02
8.370000e-04 2.172615e-02
8.372000e-04 2.172614e-02
8.374000e-04 2.172613e-02
8.376000e-04 2.172612e-02
8.378000e-04 2.172611e-02
8.380000e-04 2.172611e-02
8.382000e-04 2.172610e-02
8.384000e-04 2.172609e-02
8.386000e-04 2.172608e-02
8.388000e-04 2.172607e-02
8.390000e-04 2.172606e-02
8.392000e-04 2.172605e-02
8.394000e-04 2.172604e-02
8.396000e-04 2.172603e-02
8.398000e-04 2.172602e-02
8.400000e-04 2.172601e-02
8.402000e-04 2.172600e-02
8.404000e-04 2.172599e-02
8.406000e-04 2.172598e-02
8.408000e-04 2.172597e-02
8.410000e-04 2.172596e-02
8.412000e-04 2.172595e-02
8.414000e-04 2.172594e-02
8.416000e-04 2.172593e-02
8.418000e-04 2.172593e-02
8.420000e-04 2.172592e-02
8.422000e-04 2.172591e-02
8.424000e-04 2.172590e-02
8.426000e-04 2.172589e-02
8.428000e-04 2.172588e-02
8.430000e-04 2.172587e-02
8.432000e-04 2.172586e-02
8.434000e-04 2.172585e-02
8.436000e-04 2.172584e-02
8.438000e-04 2.172583e-02
8.440000e-04 2.172582e-02
8.442000e-04 2.172581e-02
8.444000e-04 2.172580e-02
8.446000e-04 2.172579e-02
8.448000e-04 2.172578e-02
8.450000e-04 2.172577e-02
8.452000e-04 2.172576e-02
8.454000e-04 2.172575e-02
8.456000e-04 2.172575e-02
8.458000e-04 2.172574e-02
8.460000e-04 2.172573e-02
8.462000e-04 2.172572e-02
8.464000e-04 2.172571e-02
8.466000e-04 2.172570e-02
8.468000e-04 2.172569e-02
8.470000e-04 2.172568e-02
8.472000e-04 2.172567e-02
8.474000e-04 2.172566e-02
8.476000e-04 2.172565e-02
8.478000e-04 2.172564e-02
8.480000e-04 2.172563e-02
8.482000e-04 2.172562e-02
8.484000e-04 2.172561e-02
8.486000e-04 2.172560e-02
8.488000e-04 2.172559e-02
8.490000e-04 2.172558e-02
8.492000e-04 2.172557e-02
8.494000e-04 2.172556e-02
8.496000e-04 2.172556e-02
8.498000e-04 2.172555e-02
8.500000e-04 2.172554e-02
8.502000e-04 2.172553e-02
8.504000e-04 2.172552e-02
8.506000e-04 2.172551e-02
8.508000e-04 2.172550e-02
8.510000e-04 2.172549e-02
8.512000e-04 2.172548e-02
8.514000e-04 2.172547e-02
8.516000e-04 2.172546e-02
8.518000e-04 2.172545e-02
8.520000e-04 2.172544e-02
8.522000e-04 2.172543e-02
8.524000e-04 2.172542e-02
8.526000e-04 2.172541e-02
8.528000e-04 2.172540e-02
8.530000e-04 2.172539e-02
8.532000e-04 2.172538e-02
8.534000e-04 2.172538e-02
8.536000e-04 2.172537e-02
8.538000e-04 2.172536e-02
8.540000e-04 2.172535e-02
8.542000e-04 2.172534e-02
8.544000e-04 2.172533e-02
8.546000e-04 2.172532e-02
8.548000e-04 2.172531e-02
8.550000e-04 2.172530e-02
8.552000e-04 2.172529e-02
8.554000e-04 2.172528e-02
8.556000e-04 2.172527e-02
8.558000e-04 2.172526e-02
8.560000e-04 2.172525e-02
8.562000e-04 2.172524e-02
8.564000e-04 2.172523e-02
8.566000e-04 2.172522e-02
8.568000e-04 2.172521e-02
8.570000e-04 2.172520e-02
8.572000e-04 2.172520e-02
8.574000e-04 2.172519e-02
8.576000e-04 2.172518e-02
8.578000e-04 2.172517e-02
8.580000e-04 2.172516e-02
8.582000e-04 2.172515e-02
8.584000e-04 2.172514e-02
8.586000e-04 2.172513e-02
8.588000e-04 2.172512e-02
8.590000e-04 2.172511e-02
8.592000e-04 2.172510e-02
8.594000e-04 2.172509e-02
8.596000e-04 2.172508e-02
8.598000e-04 2.172507e-02
8.600000e-04 2.172506e-02
8.602000e-04 2.172505e-02
8.604000e-04 2.172504e-02
8.606000e-04 2.172503e-02
8.608000e-04 2.172502e-02
8.610000e-04 2.172502e-02
8.612000e-04 2.172501e-02
8.614000e-04 2.172500e-02
8.616000e-04 2.172499e-02
8.618000e-04 2.172498e-02
8.620000e-04 2.172497e-02
8.622000e-04 2.172496e-02
8.624000e-04 2.172495e-02
8.626000e-04 2.172494e-02
8.628000e-04 2.172493e-02
8.630000e-04 2.172492e-02
8.632000e-04 2.172491e-02
8.634000e-04 2.172490e-02
8.636000e-04 2.172489e-02
8.638000e-04 2.172488e-02
8.640000e-04 2.172487e-02
8.642000e-04 2.172486e-02
8.644000e-04 2.172485e-02
8.646000e-04 2.172484e-02
8.648000e-04 2.172484e-02
8.650000e-04 2.172483e-02
8.652000e-04 2.172482e-02
8.654000e-04 2.172481e-02
8.656000e-04 2.172480e-02
8.658000e-04 2.172479e-02
8.660000e-04 2.172478e-02
8.662000e-04 2.172477e-02
8.664000e-04 2.172476e-02
8.666000e-04 2.172475e-02
8.668000e-04 2.172474e-02
8.670000e-04 2.172473e-02
8.672000e-04 2.172472e-02
8.674000e-04 2.172471e-02
8.676000e-04 2.172470e-02
8.678000e-04 2.172469e-02
8.680000e-04 2.172468e-02
8.682000e-04 2.172467e-02
8.684000e-04 2.172466e-02
8.686000e-04 2.172466e-02
8.688000e-04 2.172465e-02
8.690000e-04 2.172464e-02
8.692000e-04 2.172463e-02
8.694000e-04 2.172462e-02
8.696000e-04 2.172461e-02
8.698000e-04 2.172460e-02
8.700000e-04 2.172459e-02
8.702000e-04 2.172458e-02
8.704000e-04 2.172457e-02
8.706000e-04 2.172456e-02
8.708000e-04 2.172455e-02
8.710000e-04 2.172454e-02
8.712000e-04 2.172453e-02
8.714000e-04 2.172452e-02
8.716000e-04 2.172451e-02
8.718000e-04 2.172450e-02
8.720000e-04 2.172449e-02
8.722000e-04 2.172448e-02
8.724000e-04 2.172448e-02
8.726000e-04 2.172447e-02
8.728000e-04 2.172446e-02
8.730000e-04 2.172445e-02
8.732000e-04 2.172444e-02
8.734000e-04 2.172443e-02
8.736000e-04 2.172442e-02
8.738000e-04 2.172441e-02
8.740000e-04 2.172440e-02
8.742000e-04 2.172439e-02
8.744000e-04 2.172438e-02
8.746000e-04 2.172437e-02
8.748000e-04 2.172436e-02
8.750000e-04 2.172435e-02
8.752000e-04 2.172434e-02
8.754000e-04 2.172433e-02
8.756000e-04 2.172432e-02
8.758000e-04 2.172431e-02
8.760000e-04 2.172430e-02
8.762000e-04 2.172429e-02
8.764000e-04 2.172429e-02
8.766000e-04 2.172428e-02
8.768000e-04 2.172427e-02
8.770000e-04 2.172426e-02
8.772000e-04 2.172425e-02
8.774000e-04 2.172424e-02
8.776000e-04 2.172423e-02
8.778000e-04 2.172422e-02
8.780000e-04 2.172421e-02
8.782000e-04 2.172420e-02
8.784000e-04 2.172419e-02
8.786000e-04 2.172418e-02
8.788000e-04 2.172417e-02
8.790000e-04 2.172416e-02
8.792000e-04 2.172415e-02
8.794000e-04 2.172414e-02
8.796000e-04 2.172413e-02
8.798000e-04 2.172412e-02
8.800000e-04 2.172411e-02
8.802000e-04 2.172411e-02
8.804000e-04 2.172410e-02
8.806000e-04 2.172409e-02
8.808000e-04 2.172408e-02
8.810000e-04 2.172407e-02
8.812000e-04 2.172406e-02
8.814000e-04 2.172405e-02
8.816000e-04 2.172404e-02
8.818000e-04 2.172403e-02
8.820000e-04 2.172402e-02
8.822000e-04 2.172401e-02
8.824000e-04 2.172400e-02
8.826000e-04 2.172399e-02
8.828000e-04 2.172398e-02
8.830000e-04 2.172397e-02
8.832000e-04 2.172396e-02
8.834000e-04 2.172395e-02
8.836000e-04 2.172394e-02
8.838000e-04 2.172393e-02
8.840000e-04 2.172393e-02
8.842000e-04 2.172392e-02
8.844000e-04 2.172391e-02
8.846000e-04 2.172390e-02
8.848000e-04 2.172389e-02
8.850000e-04 2.172388e-02
8.852000e-04 2.172387e-02
8.854000e-04 2.172386e-02
8.856000e-04 2.172385e-02
8.858000e-04 2.172384e-02
8.860000e-04 2.172383e-02
8.862000e-04 2.172382e-02
8.864000e-04 2.172381e-02
8.866000e-04 2.172380e-02
8.868000e-04 2.172379e-02
8.870000e-04 2.172378e-02
8.872000e-04 2.172377e-02
8.874000e-04 2.172376e-02
8.876000e-04 2.172375e-02
8.878000e-04 2.172375e-02
8.880000e-04 2.172374e-02
8.882000e-04 2.172373e-02
8.884000e-04 2.172372e-02
8.886000e-04 2.172371e-02
8.888000e-04 2.172370e-02
8.890000e-04 2.172369e-02
8.892000e-04 2.172368e-02
8.894000e-04 2.172367e-02
8.896000e-04 2.172366e-02
8.898000e-04 2.172365e-02
8.900000e-04 2.172364e-02
8.902000e-04 2.172363e-02
8.904000e-04 2.172362e-02
8.906000e-04 2.172361e-02
8.908000e-04 2.172360e-02
8.910000e-04 2.172359e-02
8.912000e-04 2.172358e-02
8.914000e-04 2.172357e-02
8.916000e-04 2.172357e-02
8.918000e-04 2.172356e-02
8.920000e-04 2.172355e-02
8.922000e-04 2.172354e-02
8.924000e-04 2.172353e-02
8.926000e-04 2.172352e-02
8.928000e-04 2.172351e-02
8.930000e-04 2.172350e-02
8.932000e-04 2.172349e-02
8.934000e-04 2.172348e-02
8.936000e-04 2.172347e-02
8.938000e-04 2.172346e-02
8.940000e-04 2.172345e-02
8.942000e-04 2.172344e-02
8.944000e-04 2.172343e-02
8.946000e-04 2.172342e-02
8.948000e-04 2.172341e-02
8.950000e-04 2.172340e-02
8.952000e-04 2.172339e-02
8.954000e-04 2.172339e-02
8.956000e-04 2.172338e-02
8.958000e-04 2.172337e-02
8.960000e-04 2.172336e-02
8.962000e-04 2.172335e-02
8.964000e-04 2.172334e-02
8.966000e-04 2.172333e-02
8.968000e-04 2.172332e-02
8.970000e-04 2.172331e-02
8.972000e-04 2.172330e-02
8.974000e-04 2.172329e-02
8.976000e-04 2.172328e-02
8.978000e-04 2.172327e-02
8.980000e-04 2.172326e-02
8.982000e-04 2.172325e-02
8.984000e-04 2.172324e-02
8.986000e-04 2.172323e-02
8.988000e-04 2.172322e-02
8.990000e-04 2.172321e-02
8.992000e-04 2.172321e-02
8.994000e-04 2.172320e-02
8.996000e-04 2.172319e-02
8.998000e-04 2.172318e-02
9.000000e-04 2.172317e-02
9.002000e-04 2.172316e-02
9.004000e-04 2.172315e-02
9.006000e-04 2.172314e-02
9.008000e-04 2.172313e-02
9.010000e-04 2.172312e-02
9.012000e-04 2.172311e-02
9.014000e-04 2.172310e-02
9.016000e-04 2.172309e-02
9.018000e-04 2.172308e-02
9.020000e-04 2.172307e-02
9.022000e-04 2.172306e-02
9.024000e-04 2.172305e-02
9.026000e-04 2.172304e-02
9.028000e-04 2.172303e-02
9.030000e-04 2.172302e-02
9.032000e-04 2.172302e-02
9.034000e-04 2.172301e-02
9.036000e-04 2.172300e-02
9.038000e-04 2.172299e-02
9.040000e-04 2.172298e-02
9.042000e-04 2.172297e-02
9.044000e-04 2.172296e-02
9.046000e-04 2.172295e-02
9.048000e-04 2.172294e-02
9.050000e-04 2.172293e-02
9.052000e-04 2.172292e-02
9.054000e-04 2.172291e-02
9.056000e-04 2.172290e-02
9.058000e-04 2.172289e-02
9.060000e-04 2.172288e-02
9.062000e-04 2.172287e-02
9.064000e-04 2.172286e-02
9.066000e-04 2.172285e-02
9.068000e-04 2.172284e-02
9.070000e-04 2.172284e-02
9.072000e-04 2.172283e-02
9.074000e-04 2.172282e-02
9.076000e-04 2.172281e-02
9.078000e-04 2.172280e-02
9.080000e-04 2.172279e-02
9.082000e-04 2.172278e-02
9.084000e-04 2.172277e-02
9.086000e-04 2.172276e-02
9.088000e-04 2.172275e-02
9.090000e-04 2.172274e-02
9.092000e-04 2.172273e-02
9.094000e-04 2.172272e-02
9.096000e-04 2.172271e-02
9.098000e-04 2.172270e-02
9.100000e-04 2.172269e-02
9.102000e-04 2.172268e-02
9.104000e-04 2.172267e-02
9.106000e-04 2.172266e-02
9.108000e-04 2.172266e-02
9.110000e-04 2.172265e-02
9.112000e-04 2.172264e-02
9.114000e-04 2.172263e-02
9.116000e-04 2.172262e-02
9.118000e-04 2.172261e-02
9.120000e-04 2.172260e-02
9.122000e-04 2.172259e-02
9.124000e-04 2.172258e-02
9.126000e-04 2.172257e-02
9.128000e-04 2.172256e-02
9.130000e-04 2.172255e-02
9.132000e-04 2.172254e-02
9.134000e-04 2.172253e-02
9.136000e-04 2.172252e-02
9.138000e-04 2.172251e-02
9.140000e-04 2.172250e-02
9.142000e-04 2.172249e-02
9.144000e-04 2.172248e-02
9.146000e-04 2.172248e-02
9.148000e-04 2.172247e-02
9.150000e-04 2.172246e-02
9.152000e-04 2.172245e-02
9.154000e-04 2.172244e-02
9.156000e-04 2.172243e-02
9.158000e-04 2.172242e-02
9.160000e-04 2.172241e-02
9.162000e-04 2.172240e-02
9.164000e-04 2.172239e-02
9.166000e-04 2.172238e-02
9.168000e-04 2.172237e-02
9.170000e-04 2.172236e-02
9.172000e-04 2.172235e-02
9.174000e-04 2.172234e-02
9.176000e-04 2.172233e-02
9.178000e-04 2.172232e-02
9.180000e-04 2.172231e-02
9.182000e-04 2.172230e-02
9.184000e-04 2.172230e-02
9.186000e-04 2.172229e-02
9.188000e-04 2.172228e-02
9.190000e-04 2.172227e-02
9.192000e-04 2.172226e-02
9.194000e-04 2.172225e-02
9.196000e-04 2.172224e-02
9.198000e-04 2.172223e-02
9.200000e-04 2.172222e-02
9.202000e-04 2.172221e-02
9.204000e-04 2.172220e-02
9.206000e-04 2.172219e-02
9.208000e-04 2.172218e-02
9.210000e-04 2.172217e-02
9.212000e-04 2.172216e-02
9.214000e-04 2.172215e-02
9.216000e-04 2.172214e-02
9.218000e-04 2.172213e-02
9.220000e-04 2.172212e-02
9.222000e-04 2.172212e-02
9.224000e-04 2.172211e-02
9.226000e-04 2.172210e-02
9.228000e-04 2.172209e-02
9.230000e-04 2.172208e-02
9.232000e-04 2.172207e-02
9.234000e-04 2.172206e-02
9.236000e-04 2.172205e-02
9.238000e-04 2.172204e-02
9.240000e-04 2.172203e-02
9.242000e-04 2.172202e-02
9.244000e-04 2.172201e-02
9.246000e-04 2.172200e-02
9.248000e-04 2.172199e-02
9.250000e-04 2.172198e-02
9.252000e-04 2.172197e-02
9.254000e-04 2.172196e-02
9.256000e-04 2.172195e-02
9.258000e-04 2.172194e-02
9.260000e-04 2.172194e-02
9.262000e-04 2.172193e-02
9.264000e-04 2.172192e-02
9.266000e-04 2.172191e-02
9.268000e-04 2.172190e-02
9.270000e-04 2.172189e-02
9.272000e-04 2.172188e-02
9.274000e-04 2.172187e-02
9.276000e-04 2.172186e-02
9.278000e-04 2.172185e-02
9.280000e-04 2.172184e-02
9.282000e-04 2.172183e-02
9.284000e-04 2.172182e-02
9.286000e-04 2.172181e-02
9.288000e-04 2.172180e-02
9.290000e-04 2.172179e-02
9.292000e-04 2.172178e-02
9.294000e-04 2.172177e-02
9.296000e-04 2.172176e-02
9.298000e-04 2.172176e-02
9.300000e-04 2.172175e-02
9.302000e-04 2.172174e-02
9.304000e-04 2.172173e-02
9.306000e-04 2.172172e-02
9.308000e-04 2.172171e-02
9.310000e-04 2.172170e-02
9.312000e-04 2.172169e-02
9.314000e-04 2.172168e-02
9.316000e-04 2.172167e-02
9.318000e-04 2.172166e-02
9.320000e-04 2.172165e-02
9.322000e-04 2.172164e-02
9.324000e-04 2.172163e-02
9.326000e-04 2.172162e-02
9.328000e-04 2.172161e-02
9.330000e-04 2.172160e-02
9.332000e-04 2.172159e-02
9.334000e-04 2.172158e-02
9.336000e-04 2.172158e-02
9.338000e-04 2.172157e-02
9.340000e-04 2.172156e-02
9.342000e-04 2.172155e-02
9.344000e-04 2.172154e-02
9.346000e-04 2.172153e-02
9.348000e-04 2.172152e-02
9.350000e-04 2.172151e-02
9.352000e-04 2.172150e-02
9.354000e-04 2.172149e-02
9.356000e-04 2.172148e-02
9.358000e-04 2.172147e-02
9.360000e-04 2.172146e-02
9.362000e-04 2.172145e-02
9.364000e-04 2.172144e-02
9.366000e-04 2.172143e-02
9.368000e-04 2.172142e-02
9.370000e-04 2.172141e-02
9.372000e-04 2.172140e-02
9.374000e-04 2.172140e-02
9.376000e-04 2.172139e-02
9.378000e-04 2.172138e-02
9.380000e-04 2.172137e-02
9.382000e-04 2.172136e-02
9.384000e-04 2.172135e-02
9.386000e-04 2.172134e-02
9.388000e-04 2.172133e-02
9.390000e-04 2.172132e-02
9.392000e-04 2.172131e-02
9.394000e-04 2.172130e-02
9.396000e-04 2.172129e-02
9.398000e-04 2.172128e-02
9.400000e-04 2.172127e-02
9.402000e-04 2.172126e-02
9.404000e-04 2.172125e-02
9.406000e-04 2.172124e-02
9.408000e-04 2.172123e-02
9.410000e-04 2.172122e-02
9.412000e-04 2.172121e-02
9.414000e-04 2.172121e-02
9.416000e-04 2.172120e-02
9.418000e-04 2.172119e-02
9.420000e-04 2.172118e-02
9.422000e-04 2.172117e-02
9.424000e-04 2.172116e-02
9.426000e-04 2.172115e-02
9.428000e-04 2.172114e-02
9.430000e-04 2.172113e-02
9.432000e-04 2.172112e-02
9.434000e-04 2.172111e-02
9.436000e-04 2.172110e-02
9.438000e-04 2.172109e-02
9.440000e-04 2.172108e-02
9.442000e-04 2.172107e-02
9.444000e-04 2.172106e-02
9.446000e-04 2.172105e-02
9.448000e-04 2.172104e-02
9.450000e-04 2.172103e-02
9.452000e-04 2.172103e-02
9.454000e-04 2.172102e-02
9.456000e-04 2.172101e-02
9.458000e-04 2.172100e-02
9.460000e-04 2.172099e-02
9.462000e-04 2.172098e-02
9.464000e-04 2.172097e-02
9.466000e-04 2.172096e-02
9.468000e-04 2.172095e-02
9.470000e-04 2.172094e-02
9.472000e-04 2.172093e-02
9.474000e-04 2.172092e-02
9.476000e-04 2.172091e-02
9.478000e-04 2.172090e-02
9.480000e-04 2.172089e-02
9.482000e-04 2.172088e-02
9.484000e-04 2.172087e-02
9.486000e-04 2.172086e-02
9.488000e-04 2.172085e-02
9.490000e-04 2.172085e-02
9.492000e-04 2.172084e-02
9.494000e-04 2.172083e-02
9.496000e-04 2.172082e-02
9.498000e-04 2.172081e-02
9.500000e-04 2.172080e-02
9.502000e-04 2.172079e-02
9.504000e-04 2.172078e-02
9.506000e-04 2.172077e-02
9.508000e-04 2.172076e-02
9.510000e-04 2.172075e-02
9.512000e-04 2.172074e-02
9.514000e-04 2.172073e-02
9.516000e-04 2.172072e-02
9.518000e-04 2.172071e-02
9.520000e-04 2.172070e-02
9.522000e-04 2.172069e-02
9.524000e-04 2.172068e-02
9.526000e-04 2.172067e-02
9.528000e-04 2.172067e-02
9.530000e-04 2.172066e-02
9.532000e-04 2.172065e-02
9.534000e-04 2.172064e-02
9.536000e-04 2.172063e-02
9.538000e-04 2.172062e-02
9.540000e-04 2.172061e-02
9.542000e-04 2.172060e-02
9.544000e-04 2.172059e-02
9.546000e-04 2.172058e-02
9.548000e-04 2.172057e-02
9.550000e-04 2.172056e-02
9.552000e-04 2.172055e-02
9.554000e-04 2.172054e-02
9.556000e-04 2.172053e-02
9.558000e-04 2.172052e-02
9.560000e-04 2.172051e-02
9.562000e-04 2.172050e-02
9.564000e-04 2.172049e-02
9.566000e-04 2.172049e-02
9.568000e-04 2.172048e-02
9.570000e-04 2.172047e-02
9.572000e-04 2.172046e-02
9.574000e-04 2.172045e-02
9.576000e-04 2.172044e-02
9.578000e-04 2.172043e-02
9.580000e-04 2.172042e-02
9.582000e-04 2.172041e-02
9.584000e-04 2.172040e-02
9.586000e-04 2.172039e-02
9.588000e-04 2.172038e-02
9.590000e-04 2.172037e-02
9.592000e-04 2.172036e-02
9.594000e-04 2.172035e-02
9.596000e-04 2.172034e-02
9.598000e-04 2.172033e-02
9.600000e-04 2.172032e-02
9.602000e-04 2.172031e-02
9.604000e-04 2.172031e-02
9.606000e-04 2.172030e-02
9.608000e-04 2.172029e-02
9.610000e-04 2.172028e-02
9.612000e-04 2.172027e-02
9.614000e-04 2.172026e-02
9.616000e-04 2.172025e-02
9.618000e-04 2.172024e-02
9.620000e-04 2.172023e-02
9.622000e-04 2.172022e-02
9.624000e-04 2.172021e-02
9.626000e-04 2.172020e-02
9.628000e-04 2.172019e-02
9.630000e-04 2.172018e-02
9.632000e-04 2.172017e-02
9.634000e-04 2.172016e-02
9.636000e-04 2.172015e-02
9.638000e-04 2.172014e-02
9.640000e-04 2.172013e-02
9.642000e-04 2.172013e-02
9.644000e-04 2.172012e-02
9.646000e-04 2.172011e-02
9.648000e-04 2.172010e-02
9.650000e-04 2.172009e-02
9.652000e-04 2.172008e-02
9.654000e-04 2.172007e-02
9.656000e-04 2.172006e-02
9.658000e-04 2.172005e-02
9.660000e-04 2.172004e-02
9.662000e-04 2.172003e-02
9.664000e-04 2.172002e-02
9.666000e-04 2.172001e-02
9.668000e-04 2.172000e-02
9.670000e-04 2.171999e-02
9.672000e-04 2.171998e-02
9.674000e-04 2.171997e-02
9.676000e-04 2.171996e-02
9.678000e-04 2.171995e-02
9.680000e-04 2.171995e-02
9.682000e-04 2.171994e-02
9.684000e-04 2.171993e-02
9.686000e-04 2.171992e-02
9.688000e-04 2.171991e-02
9.690000e-04 2.171990e-02
9.692000e-04 2.171989e-02
9.694000e-04 2.171988e-02
9.696000e-04 2.171987e-02
9.698000e-04 2.171986e-02
9.700000e-04 2.171985e-02
9.702000e-04 2.171984e-02
9.704000e-04 2.171983e-02
9.706000e-04 2.171982e-02
9.708000e-04 2.171981e-02
9.710000e-04 2.171980e-02
9.712000e-04 2.171979e-02
9.714000e-04 2.171978e-02
9.716000e-04 2.171977e-02
9.718000e-04 2.171977e-02
9.720000e-04 2.171976e-02
9.722000e-04 2.171975e-02
9.724000e-04 2.171974e-02
9.726000e-04 2.171973e-02
9.728000e-04 2.171972e-02
9.730000e-04 2.171971e-02
9.732000e-04 2.171970e-02
9.734000e-04 2.171969e-02
9.736000e-04 2.171968e-02
9.738000e-04 2.171967e-02
9.740000e-04 2.171966e-02
9.742000e-04 2.171965e-02
9.744000e-04 2.171964e-02
9.746000e-04 2.171963e-02
9.748000e-04 2.171962e-02
9.750000e-04 2.171961e-02
9.752000e-04 2.171960e-02
9.754000e-04 2.171959e-02
9.756000e-04 2.171959e-02
9.758000e-04 2.171958e-02
9.760000e-04 2.171957e-02
9.762000e-04 2.171956e-02
9.764000e-04 2.171955e-02
9.766000e-04 2.171954e-02
9.768000e-04 2.171953e-02
9.770000e-04 2.171952e-02
9.772000e-04 2.171951e-02
9.774000e-04 2.171950e-02
9.776000e-04 2.171949e-02
9.778000e-04 2.171948e-02
9.780000e-04 2.171947e-02
9.782000e-04 2.171946e-02
9.784000e-04 2.171945e-02
9.786000e-04 2.171944e-02
9.788000e-04 2.171943e-02
9.790000e-04 2.171942e-02
9.792000e-04 2.171941e-02
9.794000e-04 2.171941e-02
9.796000e-04 2.171940e-02
9.798000e-04 2.171939e-02
9.800000e-04 2.171938e-02
9.802000e-04 2.171937e-02
9.804000e-04 2.171936e-02
9.806000e-04 2.171935e-02
9.808000e-04 2.171934e-02
9.810000e-04 2.171933e-02
9.812000e-04 2.171932e-02
9.814000e-04 2.171931e-02
9.816000e-04 2.171930e-02
9.818000e-04 2.171929e-02
9.820000e-04 2.171928e-02
9.822000e-04 2.171927e-02
9.824000e-04 2.171926e-02
9.826000e-04 2.171925e-02
9.828000e-04 2.171924e-02
9.830000e-04 2.171923e-02
9.832000e-04 2.171923e-02
9.834000e-04 2.171922e-02
9.836000e-04 2.171921e-02
9.838000e-04 2.171920e-02
9.840000e-04 2.171919e-02
9.842000e-04 2.171918e-02
9.844000e-04 2.171917e-02
9.846000e-04 2.171916e-02
9.848000e-04 2.171915e-02
9.850000e-04 2.171914e-02
9.852000e-04 2.171913e-02
9.854000e-04 2.171912e-02
9.856000e-04 2.171911e-02
9.858000e-04 2.171910e-02
9.860000e-04 2.171909e-02
9.862000e-04 2.171908e-02
9.864000e-04 2.171907e-02
9.866000e-04 2.171906e-02
9.868000e-04 2.171905e-02
9.870000e-04 2.171905e-02
9.872000e-04 2.171904e-02
9.874000e-04 2.171903e-02
9.876000e-04 2.171902e-02
9.878000e-04 2.171901e-02
9.880000e-04 2.171900e-02
9.882000e-04 2.171899e-02
9.884000e-04 2.171898e-02
9.886000e-04 2.171897e-02
9.888000e-04 2.171896e-02
9.890000e-04 2.171895e-02
9.892000e-04 2.171894e-02
9.894000e-04 2.171893e-02
9.896000e-04 2.171892e-02
9.898000e-04 2.171891e-02
9.900000e-04 2.171890e-02
9.902000e-04 2.171889e-02
9.904000e-04 2.171888e-02
9.906000e-04 2.171887e-02
9.908000e-04 2.171887e-02
9.910000e-04 2.171886e-02
9.912000e-04 2.171885e-02
9.914000e-04 2.171884e-02
9.916000e-04 2.171883e-02
9.918000e-04 2.171882e-02
9.920000e-04 2.171881e-02
9.922000e-04 2.171880e-02
9.924000e-04 2.171879e-02
9.926000e-04 2.171878e-02
9.928000e-04 2.171877e-02
9.930000e-04 2.171876e-02
9.932000e-04 2.171875e-02
9.934000e-04 2.171874e-02
9.936000e-04 2.171873e-02
9.938000e-04 2.171872e-02
9.940000e-04 2.171871e-02
9.942000e-04 2.171870e-02
9.944000e-04 2.171869e-02
9.946000e-04 2.171869e-02
9.948000e-04 2.171868e-02
9.950000e-04 2.171867e-02
9.952000e-04 2.171866e-02
9.954000e-04 2.171865e-02
9.956000e-04 2.171864e-02
9.958000e-04 2.171863e-02
9.960000e-04 2.171862e-02
9.962000e-04 2.171861e-02
9.964000e-04 2.171860e-02
9.966000e-04 2.171859e-02
9.968000e-04 2.171858e-02
9.970000e-04 2.171857e-02
9.972000e-04 2.171856e-02
9.974000e-04 2.171855e-02
9.976000e-04 2.171854e-02
9.978000e-04 2.171853e-02
9.980000e-04 2.171852e-02
9.982000e-04 2.171851e-02
9.984000e-04 2.171851e-02
9.986000e-04 2.171850e-02
9.988000e-04 2.171849e-02
9.990000e-04 2.171848e-02
9.992000e-04 2.171847e-02
9.994000e-04 2.171846e-02
9.996000e-04 2.171845e-02
9.998000e-04 2.171844e-02
1.000000e-03 2.171843e-02