1.999004e-07 2.458593e+00
3.998008e-07 2.458592e+00
5.997012e-07 2.458592e+00
7.996017e-07 2.458592e+00
9.995021e-07 2.458592e+00
1.199402e-06 2.458592e+00
1.399303e-06 2.458592e+00
1.599203e-06 2.458592e+00
1.799104e-06 2.458592e+00
1.999004e-06 2.458592e+00
2.198905e-06 2.458592e+00
2.398805e-06 2.458592e+00
2.598705e-06 2.458592e+00
2.798606e-06 2.458592e+00
2.998506e-06 2.458592e+00
3.198407e-06 2.458592e+00
3.398307e-06 2.458592e+00
3.598207e-06 2.458592e+00
3.798108e-06 2.458592e+00
3.998008e-06 2.458592e+00
4.197909e-06 2.458592e+00
4.397809e-06 2.458591e+00
4.597710e-06 2.458591e+00
4.797610e-06 2.458591e+00
4.997510e-06 2.458591e+00
5.197411e-06 2.458591e+00
5.397311e-06 2.458591e+00
5.597212e-06 2.458591e+00
5.797112e-06 2.458591e+00
5.997012e-06 2.458591e+00
6.196913e-06 2.458591e+00
6.396813e-06 2.458591e+00
6.596714e-06 2.458591e+00
6.796614e-06 2.458591e+00
6.996514e-06 2.458591e+00
7.196415e-06 2.458591e+00
7.396315e-06 2.458591e+00
7.596216e-06 2.458591e+00
7.796116e-06 2.458591e+00
7.996017e-06 2.458591e+00
8.195917e-06 2.458591e+00
8.395817e-06 2.458590e+00
8.595718e-06 2.458590e+00
8.795618e-06 2.458590e+00
8.995519e-06 2.458590e+00
9.195419e-06 2.458590e+00
9.395319e-06 2.458590e+00
9.595220e-06 2.458590e+00
9.795120e-06 2.458590e+00
9.995021e-06 2.458590e+00
1.019492e-05 2.458590e+00
1.039482e-05 2.458590e+00
1.059472e-05 2.458590e+00
1.079462e-05 2.458590e+00
1.099452e-05 2.458590e+00
1.119442e-05 2.458590e+00
1.139432e-05 2.458590e+00
1.159422e-05 2.458590e+00
1.179412e-05 2.458590e+00
1.199402e-05 2.458590e+00
1.219393e-05 2.458590e+00
1.239383e-05 2.458589e+00
1.259373e-05 2.458589e+00
1.279363e-05 2.458589e+00
1.299353e-05 2.458589e+00
1.319343e-05 2.458589e+00
1.339333e-05 2.458589e+00
1.359323e-05 2.458589e+00
1.379313e-05 2.458589e+00
1.399303e-05 2.458589e+00
1.419293e-05 2.458589e+00
1.439283e-05 2.458589e+00
1.459273e-05 2.458589e+00
1.479263e-05 2.458589e+00
1.499253e-05 2.458589e+00
1.519243e-05 2.458589e+00
1.539233e-05 2.458589e+00
1.559223e-05 2.458589e+00
1.579213e-05 2.458589e+00
1.599203e-05 2.458589e+00
1.619193e-05 2.458589e+00
1.639183e-05 2.458588e+00
1.659173e-05 2.458588e+00
1.679163e-05 2.458588e+00
1.699154e-05 2.458588e+00
1.719144e-05 2.458588e+00
1.739134e-05 2.458588e+00
1.759124e-05 2.458588e+00
1.779114e-05 2.458588e+00
1.799104e-05 2.458588e+00
1.819094e-05 2.458588e+00
1.839084e-05 2.458588e+00
1.859074e-05 2.458588e+00
1.879064e-05 2.458588e+00
1.899054e-05 2.458588e+00
1.919044e-05 2.458588e+00
1.939034e-05 2.458588e+00
1.959024e-05 2.458588e+00
1.979014e-05 2.458588e+00
1.999004e-05 2.458588e+00
2.018994e-05 2.458588e+00
2.038984e-05 2.458587e+00
2.058974e-05 2.458587e+00
2.078964e-05 2.458587e+00
2.098954e-05 2.458587e+00
2.118944e-05 2.458587e+00
2.138934e-05 2.458587e+00
2.158924e-05 2.458587e+00
2.178915e-05 2.458587e+00
2.198905e-05 2.458587e+00
2.218895e-05 2.458587e+00
2.238885e-05 2.458587e+00
2.258875e-05 2.458587e+00
2.278865e-05 2.458587e+00
2.298855e-05 2.458587e+00
2.318845e-05 2.458587e+00
2.338835e-05 2.458587e+00
2.358825e-05 2.458587e+00
2.378815e-05 2.458587e+00
2.398805e-05 2.458587e+00
2.418795e-05 2.458587e+00
2.438785e-05 2.458586e+00
2.458775e-05 2.458586e+00
2.478765e-05 2.458586e+00
2.498755e-05 2.458586e+00
2.518745e-05 2.458586e+00
2.538735e-05 2.458586e+00
2.558725e-05 2.458586e+00
2.578715e-05 2.458586e+00
2.598705e-05 2.458586e+00
2.618695e-05 2.458586e+00
2.638685e-05 2.458586e+00
2.658675e-05 2.458586e+00
2.678666e-05 2.458586e+00
2.698656e-05 2.458586e+00
2.718646e-05 2.458586e+00
2.738636e-05 2.458586e+00
2.758626e-05 2.458586e+00
2.778616e-05 2.458586e+00
2.798606e-05 2.458586e+00
2.818596e-05 2.458586e+00
2.838586e-05 2.458585e+00
2.858576e-05 2.458585e+00
2.878566e-05 2.458585e+00
2.898556e-05 2.458585e+00
2.918546e-05 2.458585e+00
2.938536e-05 2.458585e+00
2.958526e-05 2.458585e+00
2.978516e-05 2.458585e+00
2.998506e-05 2.458585e+00
3.018496e-05 2.458585e+00
3.038486e-05 2.458585e+00
3.058476e-05 2.458585e+00
3.078466e-05 2.458585e+00
3.098456e-05 2.458585e+00
3.118446e-05 2.458585e+00
3.138436e-05 2.458585e+00
3.158427e-05 2.458585e+00
3.178417e-05 2.458585e+00
3.198407e-05 2.458585e+00
3.218397e-05 2.458585e+00
3.238387e-05 2.458584e+00
3.258377e-05 2.458584e+00
3.278367e-05 2.458584e+00
3.298357e-05 2.458584e+00
3.318347e-05 2.458584e+00
3.338337e-05 2.458584e+00
3.358327e-05 2.458584e+00
3.378317e-05 2.458584e+00
3.398307e-05 2.458584e+00
3.418297e-05 2.458584e+00
3.438287e-05 2.458584e+00
3.458277e-05 2.458584e+00
3.478267e-05 2.458584e+00
3.498257e-05 2.458584e+00
3.518247e-05 2.458584e+00
3.538237e-05 2.458584e+00
3.558227e-05 2.458584e+00
3.578217e-05 2.458584e+00
3.598207e-05 2.458584e+00
3.618197e-05 2.458584e+00
3.638188e-05 2.458583e+00
3.658178e-05 2.458583e+00
3.678168e-05 2.458583e+00
3.698158e-05 2.458583e+00
3.718148e-05 2.458583e+00
3.738138e-05 2.458583e+00
3.758128e-05 2.458583e+00
3.778118e-05 2.458583e+00
3.798108e-05 2.458583e+00
3.818098e-05 2.458583e+00
3.838088e-05 2.458583e+00
3.858078e-05 2.458583e+00
3.878068e-05 2.458583e+00
3.898058e-05 2.458583e+00
3.918048e-05 2.458583e+00
3.938038e-05 2.458583e+00
3.958028e-05 2.458583e+00
3.978018e-05 2.458583e+00
3.998008e-05 2.458583e+00
4.017998e-05 2.458583e+00
4.037988e-05 2.458582e+00
4.057978e-05 2.458582e+00
4.077968e-05 2.458582e+00
4.097958e-05 2.458582e+00
4.117949e-05 2.458582e+00
4.137939e-05 2.458582e+00
4.157929e-05 2.458582e+00
4.177919e-05 2.458582e+00
4.197909e-05 2.458582e+00
4.217899e-05 2.458582e+00
4.237889e-05 2.458582e+00
4.257879e-05 2.458582e+00
4.277869e-05 2.458582e+00
4.297859e-05 2.458582e+00
4.317849e-05 2.458582e+00
4.337839e-05 2.458582e+00
4.357829e-05 2.458582e+00
4.377819e-05 2.458582e+00
4.397809e-05 2.458582e+00
4.417799e-05 2.458582e+00
4.437789e-05 2.458581e+00
4.457779e-05 2.458581e+00
4.477769e-05 2.458581e+00
4.497759e-05 2.458581e+00
4.517749e-05 2.458581e+00
4.537739e-05 2.458581e+00
4.557729e-05 2.458581e+00
4.577719e-05 2.458581e+00
4.597710e-05 2.458581e+00
4.617700e-05 2.458581e+00
4.637690e-05 2.458581e+00
4.657680e-05 2.458581e+00
4.677670e-05 2.458581e+00
4.697660e-05 2.458581e+00
4.717650e-05 2.458581e+00
4.737640e-05 2.458581e+00
4.757630e-05 2.458581e+00
4.777620e-05 2.458581e+00
4.797610e-05 2.458581e+00
4.817600e-05 2.458581e+00
4.837590e-05 2.458580e+00
4.857580e-05 2.458580e+00
4.877570e-05 2.458580e+00
4.897560e-05 2.458580e+00
4.917550e-05 2.458580e+00
4.937540e-05 2.458580e+00
4.957530e-05 2.458580e+00
4.977520e-05 2.458580e+00
4.997510e-05 2.458580e+00
5.017500e-05 2.458580e+00
5.037490e-05 2.458580e+00
5.057480e-05 2.458580e+00
5.077470e-05 2.458580e+00
5.097461e-05 2.458580e+00
5.117451e-05 2.458580e+00
5.137441e-05 2.458580e+00
5.157431e-05 2.458580e+00
5.177421e-05 2.458580e+00
5.197411e-05 2.458580e+00
5.217401e-05 2.458580e+00
5.237391e-05 2.458579e+00
5.257381e-05 2.458579e+00
5.277371e-05 2.458579e+00
5.297361e-05 2.458579e+00
5.317351e-05 2.458579e+00
5.337341e-05 2.458579e+00
5.357331e-05 2.458579e+00
5.377321e-05 2.458579e+00
5.397311e-05 2.458579e+00
5.417301e-05 2.458579e+00
5.437291e-05 2.458579e+00
5.457281e-05 2.458579e+00
5.477271e-05 2.458579e+00
5.497261e-05 2.458579e+00
5.517251e-05 2.458579e+00
5.537241e-05 2.458579e+00
5.557231e-05 2.458579e+00
5.577222e-05 2.458579e+00
5.597212e-05 2.458579e+00
5.617202e-05 2.458579e+00
5.637192e-05 2.458578e+00
5.657182e-05 2.458578e+00
5.677172e-05 2.458578e+00
5.697162e-05 2.458578e+00
5.717152e-05 2.458578e+00
5.737142e-05 2.458578e+00
5.757132e-05 2.458578e+00
5.777122e-05 2.458578e+00
5.797112e-05 2.458578e+00
5.817102e-05 2.458578e+00
5.837092e-05 2.458578e+00
5.857082e-05 2.458578e+00
5.877072e-05 2.458578e+00
5.897062e-05 2.458578e+00
5.917052e-05 2.458578e+00
5.937042e-05 2.458578e+00
5.957032e-05 2.458578e+00
5.977022e-05 2.458578e+00
5.997012e-05 2.458578e+00
6.017002e-05 2.458577e+00
6.036992e-05 2.458577e+00
6.056983e-05 2.458577e+00
6.076973e-05 2.458577e+00
6.096963e-05 2.458577e+00
6.116953e-05 2.458577e+00
6.136943e-05 2.458577e+00
6.156933e-05 2.458577e+00
6.176923e-05 2.458577e+00
6.196913e-05 2.458577e+00
6.216903e-05 2.458577e+00
6.236893e-05 2.458577e+00
6.256883e-05 2.458577e+00
6.276873e-05 2.458577e+00
6.296863e-05 2.458577e+00
6.316853e-05 2.458577e+00
6.336843e-05 2.458577e+00
6.356833e-05 2.458577e+00
6.376823e-05 2.458577e+00
6.396813e-05 2.458577e+00
6.416803e-05 2.458576e+00
6.436793e-05 2.458576e+00
6.456783e-05 2.458576e+00
6.476773e-05 2.458576e+00
6.496763e-05 2.458576e+00
6.516753e-05 2.458576e+00
6.536744e-05 2.458576e+00
6.556734e-05 2.458576e+00
6.576724e-05 2.458576e+00
6.596714e-05 2.458576e+00
6.616704e-05 2.458576e+00
6.636694e-05 2.458576e+00
6.656684e-05 2.458576e+00
6.676674e-05 2.458576e+00
6.696664e-05 2.458576e+00
6.716654e-05 2.458576e+00
6.736644e-05 2.458576e+00
6.756634e-05 2.458576e+00
6.776624e-05 2.458576e+00
6.796614e-05 2.458576e+00
6.816604e-05 2.458575e+00
6.836594e-05 2.458575e+00
6.856584e-05 2.458575e+00
6.876574e-05 2.458575e+00
6.896564e-05 2.458575e+00
6.916554e-05 2.458575e+00
6.936544e-05 2.458575e+00
6.956534e-05 2.458575e+00
6.976524e-05 2.458575e+00
6.996514e-05 2.458575e+00
7.016505e-05 2.458575e+00
7.036495e-05 2.458575e+00
7.056485e-05 2.458575e+00
7.076475e-05 2.458575e+00
7.096465e-05 2.458575e+00
7.116455e-05 2.458575e+00
7.136445e-05 2.458575e+00
7.156435e-05 2.458575e+00
7.176425e-05 2.458575e+00
7.196415e-05 2.458575e+00
7.216405e-05 2.458574e+00
7.236395e-05 2.458574e+00
7.256385e-05 2.458574e+00
7.276375e-05 2.458574e+00
7.296365e-05 2.458574e+00
7.316355e-05 2.458574e+00
7.336345e-05 2.458574e+00
7.356335e-05 2.458574e+00
7.376325e-05 2.458574e+00
7.396315e-05 2.458574e+00
7.416305e-05 2.458574e+00
7.436295e-05 2.458574e+00
7.456285e-05 2.458574e+00
7.476275e-05 2.458574e+00
7.496265e-05 2.458574e+00
7.516256e-05 2.458574e+00
7.536246e-05 2.458574e+00
7.556236e-05 2.458574e+00
7.576226e-05 2.458574e+00
7.596216e-05 2.458574e+00
7.616206e-05 2.458573e+00
7.636196e-05 2.458573e+00
7.656186e-05 2.458573e+00
7.676176e-05 2.458573e+00
7.696166e-05 2.458573e+00
7.716156e-05 2.458573e+00
7.736146e-05 2.458573e+00
7.756136e-05 2.458573e+00
7.776126e-05 2.458573e+00
7.796116e-05 2.458573e+00
7.816106e-05 2.458573e+00
7.836096e-05 2.458573e+00
7.856086e-05 2.458573e+00
7.876076e-05 2.458573e+00
7.896066e-05 2.458573e+00
7.916056e-05 2.458573e+00
7.936046e-05 2.458573e+00
7.956036e-05 2.458573e+00
7.976026e-05 2.458573e+00
7.996017e-05 2.458573e+00
8.016007e-05 2.458572e+00
8.035997e-05 2.458572e+00
8.055987e-05 2.458572e+00
8.075977e-05 2.458572e+00
8.095967e-05 2.458572e+00
8.115957e-05 2.458572e+00
8.135947e-05 2.458572e+00
8.155937e-05 2.458572e+00
8.175927e-05 2.458572e+00
8.195917e-05 2.458572e+00
8.215907e-05 2.458572e+00
8.235897e-05 2.458572e+00
8.255887e-05 2.458572e+00
8.275877e-05 2.458572e+00
8.295867e-05 2.458572e+00
8.315857e-05 2.458572e+00
8.335847e-05 2.458572e+00
8.355837e-05 2.458572e+00
8.375827e-05 2.458572e+00
8.395817e-05 2.458572e+00
8.415807e-05 2.458571e+00
8.435797e-05 2.458571e+00
8.455787e-05 2.458571e+00
8.475778e-05 2.458571e+00
8.495768e-05 2.458571e+00
8.515758e-05 2.458571e+00
8.535748e-05 2.458571e+00
8.555738e-05 2.458571e+00
8.575728e-05 2.458571e+00
8.595718e-05 2.458571e+00
8.615708e-05 2.458571e+00
8.635698e-05 2.458571e+00
8.655688e-05 2.458571e+00
8.675678e-05 2.458571e+00
8.695668e-05 2.458571e+00
8.715658e-05 2.458571e+00
8.735648e-05 2.458571e+00
8.755638e-05 2.458571e+00
8.775628e-05 2.458571e+00
8.795618e-05 2.458571e+00
8.815608e-05 2.458570e+00
8.835598e-05 2.458570e+00
8.855588e-05 2.458570e+00
8.875578e-05 2.458570e+00
8.895568e-05 2.458570e+00
8.915558e-05 2.458570e+00
8.935548e-05 2.458570e+00
8.955539e-05 2.458570e+00
8.975529e-05 2.458570e+00
8.995519e-05 2.458570e+00
9.015509e-05 2.458570e+00
9.035499e-05 2.458570e+00
9.055489e-05 2.458570e+00
9.075479e-05 2.458570e+00
9.095469e-05 2.458570e+00
9.115459e-05 2.458570e+00
9.135449e-05 2.458570e+00
9.155439e-05 2.458570e+00
9.175429e-05 2.458570e+00
9.195419e-05 2.458570e+00
9.215409e-05 2.458569e+00
9.235399e-05 2.458569e+00
9.255389e-05 2.458569e+00
9.275379e-05 2.458569e+00
9.295369e-05 2.458569e+00
9.315359e-05 2.458569e+00
9.335349e-05 2.458569e+00
9.355339e-05 2.458569e+00
9.375329e-05 2.458569e+00
9.395319e-05 2.458569e+00
9.415309e-05 2.458569e+00
9.435300e-05 2.458569e+00
9.455290e-05 2.458569e+00
9.475280e-05 2.458569e+00
9.495270e-05 2.458569e+00
9.515260e-05 2.458569e+00
9.535250e-05 2.458569e+00
9.555240e-05 2.458569e+00
9.575230e-05 2.458569e+00
9.595220e-05 2.458569e+00
9.615210e-05 2.458568e+00
9.635200e-05 2.458568e+00
9.655190e-05 2.458568e+00
9.675180e-05 2.458568e+00
9.695170e-05 2.458568e+00
9.715160e-05 2.458568e+00
9.735150e-05 2.458568e+00
9.755140e-05 2.458568e+00
9.775130e-05 2.458568e+00
9.795120e-05 2.458568e+00
9.815110e-05 2.458568e+00
9.835100e-05 2.458568e+00
9.855090e-05 2.458568e+00
9.875080e-05 2.458568e+00
9.895070e-05 2.458568e+00
9.915060e-05 2.458568e+00
9.935051e-05 2.458568e+00
9.955041e-05 2.458568e+00
9.975031e-05 2.458568e+00
9.995021e-05 2.458568e+00
1.001501e-04 2.458567e+00
1.003500e-04 2.458567e+00
1.005499e-04 2.458567e+00
1.007498e-04 2.458567e+00
1.009497e-04 2.458567e+00
1.011496e-04 2.458567e+00
1.013495e-04 2.458567e+00
1.015494e-04 2.458567e+00
1.017493e-04 2.458567e+00
1.019492e-04 2.458567e+00
1.021491e-04 2.458567e+00
1.023490e-04 2.458567e+00
1.025489e-04 2.458567e+00
1.027488e-04 2.458567e+00
1.029487e-04 2.458567e+00
1.031486e-04 2.458567e+00
1.033485e-04 2.458567e+00
1.035484e-04 2.458567e+00
1.037483e-04 2.458567e+00
1.039482e-04 2.458567e+00
1.041481e-04 2.458566e+00
1.043480e-04 2.458566e+00
1.045479e-04 2.458566e+00
1.047478e-04 2.458566e+00
1.049477e-04 2.458566e+00
1.051476e-04 2.458566e+00
1.053475e-04 2.458566e+00
1.055474e-04 2.458566e+00
1.057473e-04 2.458566e+00
1.059472e-04 2.458566e+00
1.061471e-04 2.458566e+00
1.063470e-04 2.458566e+00
1.065469e-04 2.458566e+00
1.067468e-04 2.458566e+00
1.069467e-04 2.458566e+00
1.071466e-04 2.458566e+00
1.073465e-04 2.458566e+00
1.075464e-04 2.458566e+00
1.077463e-04 2.458566e+00
1.079462e-04 2.458566e+00
1.081461e-04 2.458565e+00
1.083460e-04 2.458565e+00
1.085459e-04 2.458565e+00
1.087458e-04 2.458565e+00
1.089457e-04 2.458565e+00
1.091456e-04 2.458565e+00
1.093455e-04 2.458565e+00
1.095454e-04 2.458565e+00
1.097453e-04 2.458565e+00
1.099452e-04 2.458565e+00
1.101451e-04 2.458565e+00
1.103450e-04 2.458565e+00
1.105449e-04 2.458565e+00
1.107448e-04 2.458565e+00
1.109447e-04 2.458565e+00
1.111446e-04 2.458565e+00
1.113445e-04 2.458565e+00
1.115444e-04 2.458565e+00
1.117443e-04 2.458565e+00
1.119442e-04 2.458565e+00
1.121441e-04 2.458564e+00
1.123440e-04 2.458564e+00
1.125439e-04 2.458564e+00
1.127438e-04 2.458564e+00
1.129437e-04 2.458564e+00
1.131436e-04 2.458564e+00
1.133435e-04 2.458564e+00
1.135434e-04 2.458564e+00
1.137433e-04 2.458564e+00
1.139432e-04 2.458564e+00
1.141431e-04 2.458564e+00
1.143430e-04 2.458564e+00
1.145429e-04 2.458564e+00
1.147428e-04 2.458564e+00
1.149427e-04 2.458564e+00
1.151426e-04 2.458564e+00
1.153425e-04 2.458564e+00
1.155424e-04 2.458564e+00
1.157423e-04 2.458564e+00
1.159422e-04 2.458564e+00
1.161421e-04 2.458563e+00
1.163420e-04 2.458563e+00
1.165419e-04 2.458563e+00
1.167418e-04 2.458563e+00
1.169417e-04 2.458563e+00
1.171416e-04 2.458563e+00
1.173415e-04 2.458563e+00
1.175414e-04 2.458563e+00
1.177413e-04 2.458563e+00
1.179412e-04 2.458563e+00
1.181411e-04 2.458563e+00
1.183410e-04 2.458563e+00
1.185409e-04 2.458563e+00
1.187408e-04 2.458563e+00
1.189407e-04 2.458563e+00
1.191406e-04 2.458563e+00
1.193405e-04 2.458563e+00
1.195404e-04 2.458563e+00
1.197403e-04 2.458563e+00
1.199402e-04 2.458563e+00
1.201401e-04 2.458562e+00
1.203400e-04 2.458562e+00
1.205399e-04 2.458562e+00
1.207398e-04 2.458562e+00
1.209397e-04 2.458562e+00
1.211397e-04 2.458562e+00
1.213396e-04 2.458562e+00
1.215395e-04 2.458562e+00
1.217394e-04 2.458562e+00
1.219393e-04 2.458562e+00
1.221392e-04 2.458562e+00
1.223391e-04 2.458562e+00
1.225390e-04 2.458562e+00
1.227389e-04 2.458562e+00
1.229388e-04 2.458562e+00
1.231387e-04 2.458562e+00
1.233386e-04 2.458562e+00
1.235385e-04 2.458562e+00
1.237384e-04 2.458562e+00
1.239383e-04 2.458562e+00
1.241382e-04 2.458561e+00
1.243381e-04 2.458561e+00
1.245380e-04 2.458561e+00
1.247379e-04 2.458561e+00
1.249378e-04 2.458561e+00
1.251377e-04 2.458561e+00
1.253376e-04 2.458561e+00
1.255375e-04 2.458561e+00
1.257374e-04 2.458561e+00
1.259373e-04 2.458561e+00
1.261372e-04 2.458561e+00
1.263371e-04 2.458561e+00
1.265370e-04 2.458561e+00
1.267369e-04 2.458561e+00
1.269368e-04 2.458561e+00
1.271367e-04 2.458561e+00
1.273366e-04 2.458561e+00
1.275365e-04 2.458561e+00
1.277364e-04 2.458561e+00
1.279363e-04 2.458561e+00
1.281362e-04 2.458560e+00
1.283361e-04 2.458560e+00
1.285360e-04 2.458560e+00
1.287359e-04 2.458560e+00
1.289358e-04 2.458560e+00
1.291357e-04 2.458560e+00
1.293356e-04 2.458560e+00
1.295355e-04 2.458560e+00
1.297354e-04 2.458560e+00
1.299353e-04 2.458560e+00
1.301352e-04 2.458560e+00
1.303351e-04 2.458560e+00
1.305350e-04 2.458560e+00
1.307349e-04 2.458560e+00
1.309348e-04 2.458560e+00
1.311347e-04 2.458560e+00
1.313346e-04 2.458560e+00
1.315345e-04 2.458560e+00
1.317344e-04 2.458560e+00
1.319343e-04 2.458560e+00
1.321342e-04 2.458559e+00
1.323341e-04 2.458559e+00
1.325340e-04 2.458559e+00
1.327339e-04 2.458559e+00
1.329338e-04 2.458559e+00
1.331337e-04 2.458559e+00
1.333336e-04 2.458559e+00
1.335335e-04 2.458559e+00
1.337334e-04 2.458559e+00
1.339333e-04 2.458559e+00
1.341332e-04 2.458559e+00
1.343331e-04 2.458559e+00
1.345330e-04 2.458559e+00
1.347329e-04 2.458559e+00
1.349328e-04 2.458559e+00
1.351327e-04 2.458559e+00
1.353326e-04 2.458559e+00
1.355325e-04 2.458559e+00
1.357324e-04 2.458559e+00
1.359323e-04 2.458559e+00
1.361322e-04 2.458558e+00
1.363321e-04 2.458558e+00
1.365320e-04 2.458558e+00
1.367319e-04 2.458558e+00
1.369318e-04 2.458558e+00
1.371317e-04 2.458558e+00
1.373316e-04 2.458558e+00
1.375315e-04 2.458558e+00
1.377314e-04 2.458558e+00
1.379313e-04 2.458558e+00
1.381312e-04 2.458558e+00
1.383311e-04 2.458558e+00
1.385310e-04 2.458558e+00
1.387309e-04 2.458558e+00
1.389308e-04 2.458558e+00
1.391307e-04 2.458558e+00
1.393306e-04 2.458558e+00
1.395305e-04 2.458558e+00
1.397304e-04 2.458558e+00
1.399303e-04 2.458558e+00
1.401302e-04 2.458557e+00
1.403301e-04 2.458557e+00
1.405300e-04 2.458557e+00
1.407299e-04 2.458557e+00
1.409298e-04 2.458557e+00
1.411297e-04 2.458557e+00
1.413296e-04 2.458557e+00
1.415295e-04 2.458557e+00
1.417294e-04 2.458557e+00
1.419293e-04 2.458557e+00
1.421292e-04 2.458557e+00
1.423291e-04 2.458557e+00
1.425290e-04 2.458557e+00
1.427289e-04 2.458557e+00
1.429288e-04 2.458557e+00
1.431287e-04 2.458557e+00
1.433286e-04 2.458557e+00
1.435285e-04 2.458557e+00
1.437284e-04 2.458557e+00
1.439283e-04 2.458557e+00
1.441282e-04 2.458556e+00
1.443281e-04 2.458556e+00
1.445280e-04 2.458556e+00
1.447279e-04 2.458556e+00
1.449278e-04 2.458556e+00
1.451277e-04 2.458556e+00
1.453276e-04 2.458556e+00
1.455275e-04 2.458556e+00
1.457274e-04 2.458556e+00
1.459273e-04 2.458556e+00
1.461272e-04 2.458556e+00
1.463271e-04 2.458556e+00
1.465270e-04 2.458556e+00
1.467269e-04 2.458556e+00
1.469268e-04 2.458556e+00
1.471267e-04 2.458556e+00
1.473266e-04 2.458556e+00
1.475265e-04 2.458556e+00
1.477264e-04 2.458556e+00
1.479263e-04 2.458556e+00
1.481262e-04 2.458555e+00
1.483261e-04 2.458555e+00
1.485260e-04 2.458555e+00
1.487259e-04 2.458555e+00
1.489258e-04 2.458555e+00
1.491257e-04 2.458555e+00
1.493256e-04 2.458555e+00
1.495255e-04 2.458555e+00
1.497254e-04 2.458555e+00
1.499253e-04 2.458555e+00
1.501252e-04 2.458555e+00
1.503251e-04 2.458555e+00
1.505250e-04 2.458555e+00
1.507249e-04 2.458555e+00
1.509248e-04 2.458555e+00
1.511247e-04 2.458555e+00
1.513246e-04 2.458555e+00
1.515245e-04 2.458555e+00
1.517244e-04 2.458555e+00
1.519243e-04 2.458555e+00
1.521242e-04 2.458554e+00
1.523241e-04 2.458554e+00
1.525240e-04 2.458554e+00
1.527239e-04 2.458554e+00
1.529238e-04 2.458554e+00
1.531237e-04 2.458554e+00
1.533236e-04 2.458554e+00
1.535235e-04 2.458554e+00
1.537234e-04 2.458554e+00
1.539233e-04 2.458554e+00
1.541232e-04 2.458554e+00
1.543231e-04 2.458554e+00
1.545230e-04 2.458554e+00
1.547229e-04 2.458554e+00
1.549228e-04 2.458554e+00
1.551227e-04 2.458554e+00
1.553226e-04 2.458554e+00
1.555225e-04 2.458554e+00
1.557224e-04 2.458554e+00
1.559223e-04 2.458554e+00
1.561222e-04 2.458553e+00
1.563221e-04 2.458553e+00
1.565220e-04 2.458553e+00
1.567219e-04 2.458553e+00
1.569218e-04 2.458553e+00
1.571217e-04 2.458553e+00
1.573216e-04 2.458553e+00
1.575215e-04 2.458553e+00
1.577214e-04 2.458553e+00
1.579213e-04 2.458553e+00
1.581212e-04 2.458553e+00
1.583211e-04 2.458553e+00
1.585210e-04 2.458553e+00
1.587209e-04 2.458553e+00
1.589208e-04 2.458553e+00
1.591207e-04 2.458553e+00
1.593206e-04 2.458553e+00
1.595205e-04 2.458553e+00
1.597204e-04 2.458553e+00
1.599203e-04 2.458553e+00
1.601202e-04 2.458552e+00
1.603201e-04 2.458552e+00
1.605200e-04 2.458552e+00
1.607199e-04 2.458552e+00
1.609198e-04 2.458552e+00
1.611197e-04 2.458552e+00
1.613196e-04 2.458552e+00
1.615195e-04 2.458552e+00
1.617194e-04 2.458552e+00
1.619193e-04 2.458552e+00
1.621192e-04 2.458552e+00
1.623191e-04 2.458552e+00
1.625190e-04 2.458552e+00
1.627189e-04 2.458552e+00
1.629188e-04 2.458552e+00
1.631187e-04 2.458552e+00
1.633186e-04 2.458552e+00
1.635185e-04 2.458552e+00
1.637184e-04 2.458552e+00
1.639183e-04 2.458552e+00
1.641182e-04 2.458551e+00
1.643181e-04 2.458551e+00
1.645180e-04 2.458551e+00
1.647179e-04 2.458551e+00
1.649178e-04 2.458551e+00
1.651177e-04 2.458551e+00
1.653176e-04 2.458551e+00
1.655175e-04 2.458551e+00
1.657174e-04 2.458551e+00
1.659173e-04 2.458551e+00
1.661172e-04 2.458551e+00
1.663171e-04 2.458551e+00
1.665170e-04 2.458551e+00
1.667169e-04 2.458551e+00
1.669168e-04 2.458551e+00
1.671167e-04 2.458551e+00
1.673166e-04 2.458551e+00
1.675165e-04 2.458551e+00
1.677164e-04 2.458551e+00
1.679163e-04 2.458551e+00
1.681162e-04 2.458550e+00
1.683161e-04 2.458550e+00
1.685160e-04 2.458550e+00
1.687159e-04 2.458550e+00
1.689158e-04 2.458550e+00
1.691157e-04 2.458550e+00
1.693156e-04 2.458550e+00
1.695156e-04 2.458550e+00
1.697155e-04 2.458550e+00
1.699154e-04 2.458550e+00
1.701153e-04 2.458550e+00
1.703152e-04 2.458550e+00
1.705151e-04 2.458550e+00
1.707150e-04 2.458550e+00
1.709149e-04 2.458550e+00
1.711148e-04 2.458550e+00
1.713147e-04 2.458550e+00
1.715146e-04 2.458550e+00
1.717145e-04 2.458550e+00
1.719144e-04 2.458550e+00
1.721143e-04 2.458549e+00
1.723142e-04 2.458549e+00
1.725141e-04 2.458549e+00
1.727140e-04 2.458549e+00
1.729139e-04 2.458549e+00
1.731138e-04 2.458549e+00
1.733137e-04 2.458549e+00
1.735136e-04 2.458549e+00
1.737135e-04 2.458549e+00
1.739134e-04 2.458549e+00
1.741133e-04 2.458549e+00
1.743132e-04 2.458549e+00
1.745131e-04 2.458549e+00
1.747130e-04 2.458549e+00
1.749129e-04 2.458549e+00
1.751128e-04 2.458549e+00
1.753127e-04 2.458549e+00
1.755126e-04 2.458549e+00
1.757125e-04 2.458549e+00
1.759124e-04 2.458549e+00
1.761123e-04 2.458548e+00
1.763122e-04 2.458548e+00
1.765121e-04 2.458548e+00
1.767120e-04 2.458548e+00
1.769119e-04 2.458548e+00
1.771118e-04 2.458548e+00
1.773117e-04 2.458548e+00
1.775116e-04 2.458548e+00
1.777115e-04 2.458548e+00
1.779114e-04 2.458548e+00
1.781113e-04 2.458548e+00
1.783112e-04 2.458548e+00
1.785111e-04 2.458548e+00
1.787110e-04 2.458548e+00
1.789109e-04 2.458548e+00
1.791108e-04 2.458548e+00
1.793107e-04 2.458548e+00
1.795106e-04 2.458548e+00
1.797105e-04 2.458548e+00
1.799104e-04 2.458548e+00
1.801103e-04 2.458547e+00
1.803102e-04 2.458547e+00
1.805101e-04 2.458547e+00
1.807100e-04 2.458547e+00
1.809099e-04 2.458547e+00
1.811098e-04 2.458547e+00
1.813097e-04 2.458547e+00
1.815096e-04 2.458547e+00
1.817095e-04 2.458547e+00
1.819094e-04 2.458547e+00
1.821093e-04 2.458547e+00
1.823092e-04 2.458547e+00
1.825091e-04 2.458547e+00
1.827090e-04 2.458547e+00
1.829089e-04 2.458547e+00
1.831088e-04 2.458547e+00
1.833087e-04 2.458547e+00
1.835086e-04 2.458547e+00
1.837085e-04 2.458547e+00
1.839084e-04 2.458546e+00
1.841083e-04 2.458546e+00
1.843082e-04 2.458546e+00
1.845081e-04 2.458546e+00
1.847080e-04 2.458546e+00
1.849079e-04 2.458546e+00
1.851078e-04 2.458546e+00
1.853077e-04 2.458546e+00
1.855076e-04 2.458546e+00
1.857075e-04 2.458546e+00
1.859074e-04 2.458546e+00
1.861073e-04 2.458546e+00
1.863072e-04 2.458546e+00
1.865071e-04 2.458546e+00
1.867070e-04 2.458546e+00
1.869069e-04 2.458546e+00
1.871068e-04 2.458546e+00
1.873067e-04 2.458546e+00
1.875066e-04 2.458546e+00
1.877065e-04 2.458546e+00
1.879064e-04 2.458545e+00
1.881063e-04 2.458545e+00
1.883062e-04 2.458545e+00
1.885061e-04 2.458545e+00
1.887060e-04 2.458545e+00
1.889059e-04 2.458545e+00
1.891058e-04 2.458545e+00
1.893057e-04 2.458545e+00
1.895056e-04 2.458545e+00
1.897055e-04 2.458545e+00
1.899054e-04 2.458545e+00
1.901053e-04 2.458545e+00
1.903052e-04 2.458545e+00
1.905051e-04 2.458545e+00
1.907050e-04 2.458545e+00
1.909049e-04 2.458545e+00
1.911048e-04 2.458545e+00
1.913047e-04 2.458545e+00
1.915046e-04 2.458545e+00
1.917045e-04 2.458545e+00
1.919044e-04 2.458544e+00
1.921043e-04 2.458544e+00
1.923042e-04 2.458544e+00
1.925041e-04 2.458544e+00
1.927040e-04 2.458544e+00
1.929039e-04 2.458544e+00
1.931038e-04 2.458544e+00
1.933037e-04 2.458544e+00
1.935036e-04 2.458544e+00
1.937035e-04 2.458544e+00
1.939034e-04 2.458544e+00
1.941033e-04 2.458544e+00
1.943032e-04 2.458544e+00
1.945031e-04 2.458544e+00
1.947030e-04 2.458544e+00
1.949029e-04 2.458544e+00
1.951028e-04 2.458544e+00
1.953027e-04 2.458544e+00
1.955026e-04 2.458544e+00
1.957025e-04 2.458544e+00
1.959024e-04 2.458543e+00
1.961023e-04 2.458543e+00
1.963022e-04 2.458543e+00
1.965021e-04 2.458543e+00
1.967020e-04 2.458543e+00
1.969019e-04 2.458543e+00
1.971018e-04 2.458543e+00
1.973017e-04 2.458543e+00
1.975016e-04 2.458543e+00
1.977015e-04 2.458543e+00
1.979014e-04 2.458543e+00
1.981013e-04 2.458543e+00
1.983012e-04 2.458543e+00
1.985011e-04 2.458543e+00
1.987010e-04 2.458543e+00
1.989009e-04 2.458543e+00
1.991008e-04 2.458543e+00
1.993007e-04 2.458543e+00
1.995006e-04 2.458543e+00
1.997005e-04 2.458543e+00
1.999004e-04 2.458542e+00
2.001003e-04 2.458542e+00
2.003002e-04 2.458542e+00
2.005001e-04 2.458542e+00
2.007000e-04 2.458542e+00
2.008999e-04 2.458542e+00
2.010998e-04 2.458542e+00
2.012997e-04 2.458542e+00
2.014996e-04 2.458542e+00
2.016995e-04 2.458542e+00
2.018994e-04 2.458542e+00
2.020993e-04 2.458542e+00
2.022992e-04 2.458542e+00
2.024991e-04 2.458542e+00
2.026990e-04 2.458542e+00
2.028989e-04 2.458542e+00
2.030988e-04 2.458542e+00
2.032987e-04 2.458542e+00
2.034986e-04 2.458542e+00
2.036985e-04 2.458542e+00
2.038984e-04 2.458541e+00
2.040983e-04 2.458541e+00
2.042982e-04 2.458541e+00
2.044981e-04 2.458541e+00
2.046980e-04 2.458541e+00
2.048979e-04 2.458541e+00
2.050978e-04 2.458541e+00
2.052977e-04 2.458541e+00
2.054976e-04 2.458541e+00
2.056975e-04 2.458541e+00
2.058974e-04 2.458541e+00
2.060973e-04 2.458541e+00
2.062972e-04 2.458541e+00
2.064971e-04 2.458541e+00
2.066970e-04 2.458541e+00
2.068969e-04 2.458541e+00
2.070968e-04 2.458541e+00
2.072967e-04 2.458541e+00
2.074966e-04 2.458541e+00
2.076965e-04 2.458541e+00
2.078964e-04 2.458540e+00
2.080963e-04 2.458540e+00
2.082962e-04 2.458540e+00
2.084961e-04 2.458540e+00
2.086960e-04 2.458540e+00
2.088959e-04 2.458540e+00
2.090958e-04 2.458540e+00
2.092957e-04 2.458540e+00
2.094956e-04 2.458540e+00
2.096955e-04 2.458540e+00
2.098954e-04 2.458540e+00
2.100953e-04 2.458540e+00
2.102952e-04 2.458540e+00
2.104951e-04 2.458540e+00
2.106950e-04 2.458540e+00
2.108949e-04 2.458540e+00
2.110948e-04 2.458540e+00
2.112947e-04 2.458540e+00
2.114946e-04 2.458540e+00
2.116945e-04 2.458540e+00
2.118944e-04 2.458539e+00
2.120943e-04 2.458539e+00
2.122942e-04 2.458539e+00
2.124941e-04 2.458539e+00
2.126940e-04 2.458539e+00
2.128939e-04 2.458539e+00
2.130938e-04 2.458539e+00
2.132937e-04 2.458539e+00
2.134936e-04 2.458539e+00
2.136935e-04 2.458539e+00
2.138934e-04 2.458539e+00
2.140933e-04 2.458539e+00
2.142932e-04 2.458539e+00
2.144931e-04 2.458539e+00
2.146930e-04 2.458539e+00
2.148929e-04 2.458539e+00
2.150928e-04 2.458539e+00
2.152927e-04 2.458539e+00
2.154926e-04 2.458539e+00
2.156925e-04 2.458539e+00
2.158924e-04 2.458538e+00
2.160923e-04 2.458538e+00
2.162922e-04 2.458538e+00
2.164921e-04 2.458538e+00
2.166920e-04 2.458538e+00
2.168919e-04 2.458538e+00
2.170918e-04 2.458538e+00
2.172917e-04 2.458538e+00
2.174916e-04 2.458538e+00
2.176915e-04 2.458538e+00
2.178915e-04 2.458538e+00
2.180914e-04 2.458538e+00
2.182913e-04 2.458538e+00
2.184912e-04 2.458538e+00
2.186911e-04 2.458538e+00
2.188910e-04 2.458538e+00
2.190909e-04 2.458538e+00
2.192908e-04 2.458538e+00
2.194907e-04 2.458538e+00
2.196906e-04 2.458538e+00
2.198905e-04 2.458537e+00
2.200904e-04 2.458537e+00
2.202903e-04 2.458537e+00
2.204902e-04 2.458537e+00
2.206901e-04 2.458537e+00
2.208900e-04 2.458537e+00
2.210899e-04 2.458537e+00
2.212898e-04 2.458537e+00
2.214897e-04 2.458537e+00
2.216896e-04 2.458537e+00
2.218895e-04 2.458537e+00
2.220894e-04 2.458537e+00
2.222893e-04 2.458537e+00
2.224892e-04 2.458537e+00
2.226891e-04 2.458537e+00
2.228890e-04 2.458537e+00
2.230889e-04 2.458537e+00
2.232888e-04 2.458537e+00
2.234887e-04 2.458537e+00
2.236886e-04 2.458537e+00
2.238885e-04 2.458536e+00
2.240884e-04 2.458536e+00
2.242883e-04 2.458536e+00
2.244882e-04 2.458536e+00
2.246881e-04 2.458536e+00
2.248880e-04 2.458536e+00
2.250879e-04 2.458536e+00
2.252878e-04 2.458536e+00
2.254877e-04 2.458536e+00
2.256876e-04 2.458536e+00
2.258875e-04 2.458536e+00
2.260874e-04 2.458536e+00
2.262873e-04 2.458536e+00
2.264872e-04 2.458536e+00
2.266871e-04 2.458536e+00
2.268870e-04 2.458536e+00
2.270869e-04 2.458536e+00
2.272868e-04 2.458536e+00
2.274867e-04 2.458536e+00
2.276866e-04 2.458536e+00
2.278865e-04 2.458535e+00
2.280864e-04 2.458535e+00
2.282863e-04 2.458535e+00
2.284862e-04 2.458535e+00
2.286861e-04 2.458535e+00
2.288860e-04 2.458535e+00
2.290859e-04 2.458535e+00
2.292858e-04 2.458535e+00
2.294857e-04 2.458535e+00
2.296856e-04 2.458535e+00
2.298855e-04 2.458535e+00
2.300854e-04 2.458535e+00
2.302853e-04 2.458535e+00
2.304852e-04 2.458535e+00
2.306851e-04 2.458535e+00
2.308850e-04 2.458535e+00
2.310849e-04 2.458535e+00
2.312848e-04 2.458535e+00
2.314847e-04 2.458535e+00
2.316846e-04 2.458535e+00
2.318845e-04 2.458534e+00
2.320844e-04 2.458534e+00
2.322843e-04 2.458534e+00
2.324842e-04 2.458534e+00
2.326841e-04 2.458534e+00
2.328840e-04 2.458534e+00
2.330839e-04 2.458534e+00
2.332838e-04 2.458534e+00
2.334837e-04 2.458534e+00
2.336836e-04 2.458534e+00
2.338835e-04 2.458534e+00
2.340834e-04 2.458534e+00
2.342833e-04 2.458534e+00
2.344832e-04 2.458534e+00
2.346831e-04 2.458534e+00
2.348830e-04 2.458534e+00
2.350829e-04 2.458534e+00
2.352828e-04 2.458534e+00
2.354827e-04 2.458534e+00
2.356826e-04 2.458534e+00
2.358825e-04 2.458533e+00
2.360824e-04 2.458533e+00
2.362823e-04 2.458533e+00
2.364822e-04 2.458533e+00
2.366821e-04 2.458533e+00
2.368820e-04 2.458533e+00
2.370819e-04 2.458533e+00
2.372818e-04 2.458533e+00
2.374817e-04 2.458533e+00
2.376816e-04 2.458533e+00
2.378815e-04 2.458533e+00
2.380814e-04 2.458533e+00
2.382813e-04 2.458533e+00
2.384812e-04 2.458533e+00
2.386811e-04 2.458533e+00
2.388810e-04 2.458533e+00
2.390809e-04 2.458533e+00
2.392808e-04 2.458533e+00
2.394807e-04 2.458533e+00
2.396806e-04 2.458533e+00
2.398805e-04 2.458532e+00
2.400804e-04 2.458532e+00
2.402803e-04 2.458532e+00
2.404802e-04 2.458532e+00
2.406801e-04 2.458532e+00
2.408800e-04 2.458532e+00
2.410799e-04 2.458532e+00
2.412798e-04 2.458532e+00
2.414797e-04 2.458532e+00
2.416796e-04 2.458532e+00
2.418795e-04 2.458532e+00
2.420794e-04 2.458532e+00
2.422793e-04 2.458532e+00
2.424792e-04 2.458532e+00
2.426791e-04 2.458532e+00
2.428790e-04 2.458532e+00
2.430789e-04 2.458532e+00
2.432788e-04 2.458532e+00
2.434787e-04 2.458532e+00
2.436786e-04 2.458532e+00
2.438785e-04 2.458531e+00
2.440784e-04 2.458531e+00
2.442783e-04 2.458531e+00
2.444782e-04 2.458531e+00
2.446781e-04 2.458531e+00
2.448780e-04 2.458531e+00
2.450779e-04 2.458531e+00
2.452778e-04 2.458531e+00
2.454777e-04 2.458531e+00
2.456776e-04 2.458531e+00
2.458775e-04 2.458531e+00
2.460774e-04 2.458531e+00
2.462773e-04 2.458531e+00
2.464772e-04 2.458531e+00
2.466771e-04 2.458531e+00
2.468770e-04 2.458531e+00
2.470769e-04 2.458531e+00
2.472768e-04 2.458531e+00
2.474767e-04 2.458531e+00
2.476766e-04 2.458531e+00
2.478765e-04 2.458530e+00
2.480764e-04 2.458530e+00
2.482763e-04 2.458530e+00
2.484762e-04 2.458530e+00
2.486761e-04 2.458530e+00
2.488760e-04 2.458530e+00
2.490759e-04 2.458530e+00
2.492758e-04 2.458530e+00
2.494757e-04 2.458530e+00
2.496756e-04 2.458530e+00
2.498755e-04 2.458530e+00
2.500754e-04 2.458530e+00
2.502753e-04 2.458530e+00
2.504752e-04 2.458530e+00
2.506751e-04 2.458530e+00
2.508750e-04 2.458530e+00
2.510749e-04 2.458530e+00
2.512748e-04 2.458530e+00
2.514747e-04 2.458530e+00
2.516746e-04 2.458530e+00
2.518745e-04 2.458529e+00
2.520744e-04 2.458529e+00
2.522743e-04 2.458529e+00
2.524742e-04 2.458529e+00
2.526741e-04 2.458529e+00
2.528740e-04 2.458529e+00
2.530739e-04 2.458529e+00
2.532738e-04 2.458529e+00
2.534737e-04 2.458529e+00
2.536736e-04 2.458529e+00
2.538735e-04 2.458529e+00
2.540734e-04 2.458529e+00
2.542733e-04 2.458529e+00
2.544732e-04 2.458529e+00
2.546731e-04 2.458529e+00
2.548730e-04 2.458529e+00
2.550729e-04 2.458529e+00
2.552728e-04 2.458529e+00
2.554727e-04 2.458529e+00
2.556726e-04 2.458529e+00
2.558725e-04 2.458528e+00
2.560724e-04 2.458528e+00
2.562723e-04 2.458528e+00
2.564722e-04 2.458528e+00
2.566721e-04 2.458528e+00
2.568720e-04 2.458528e+00
2.570719e-04 2.458528e+00
2.572718e-04 2.458528e+00
2.574717e-04 2.458528e+00
2.576716e-04 2.458528e+00
2.578715e-04 2.458528e+00
2.580714e-04 2.458528e+00
2.582713e-04 2.458528e+00
2.584712e-04 2.458528e+00
2.586711e-04 2.458528e+00
2.588710e-04 2.458528e+00
2.590709e-04 2.458528e+00
2.592708e-04 2.458528e+00
2.594707e-04 2.458528e+00
2.596706e-04 2.458528e+00
2.598705e-04 2.458527e+00
2.600704e-04 2.458527e+00
2.602703e-04 2.458527e+00
2.604702e-04 2.458527e+00
2.606701e-04 2.458527e+00
2.608700e-04 2.458527e+00
2.610699e-04 2.458527e+00
2.612698e-04 2.458527e+00
2.614697e-04 2.458527e+00
2.616696e-04 2.458527e+00
2.618695e-04 2.458527e+00
2.620694e-04 2.458527e+00
2.622693e-04 2.458527e+00
2.624692e-04 2.458527e+00
2.626691e-04 2.458527e+00
2.628690e-04 2.458527e+00
2.630689e-04 2.458527e+00
2.632688e-04 2.458527e+00
2.634687e-04 2.458527e+00
2.636686e-04 2.458527e+00
2.638685e-04 2.458526e+00
2.640684e-04 2.458526e+00
2.642683e-04 2.458526e+00
2.644682e-04 2.458526e+00
2.646681e-04 2.458526e+00
2.648680e-04 2.458526e+00
2.650679e-04 2.458526e+00
2.652678e-04 2.458526e+00
2.654677e-04 2.458526e+00
2.656676e-04 2.458526e+00
2.658675e-04 2.458526e+00
2.660674e-04 2.458526e+00
2.662674e-04 2.458526e+00
2.664673e-04 2.458526e+00
2.666672e-04 2.458526e+00
2.668671e-04 2.458526e+00
2.670670e-04 2.458526e+00
2.672669e-04 2.458526e+00
2.674668e-04 2.458526e+00
2.676667e-04 2.458526e+00
2.678666e-04 2.458525e+00
2.680665e-04 2.458525e+00
2.682664e-04 2.458525e+00
2.684663e-04 2.458525e+00
2.686662e-04 2.458525e+00
2.688661e-04 2.458525e+00
2.690660e-04 2.458525e+00
2.692659e-04 2.458525e+00
2.694658e-04 2.458525e+00
2.696657e-04 2.458525e+00
2.698656e-04 2.458525e+00
2.700655e-04 2.458525e+00
2.702654e-04 2.458525e+00
2.704653e-04 2.458525e+00
2.706652e-04 2.458525e+00
2.708651e-04 2.458525e+00
2.710650e-04 2.458525e+00
2.712649e-04 2.458525e+00
2.714648e-04 2.458525e+00
2.716647e-04 2.458525e+00
2.718646e-04 2.458524e+00
2.720645e-04 2.458524e+00
2.722644e-04 2.458524e+00
2.724643e-04 2.458524e+00
2.726642e-04 2.458524e+00
2.728641e-04 2.458524e+00
2.730640e-04 2.458524e+00
2.732639e-04 2.458524e+00
2.734638e-04 2.458524e+00
2.736637e-04 2.458524e+00
2.738636e-04 2.458524e+00
2.740635e-04 2.458524e+00
2.742634e-04 2.458524e+00
2.744633e-04 2.458524e+00
2.746632e-04 2.458524e+00
2.748631e-04 2.458524e+00
2.750630e-04 2.458524e+00
2.752629e-04 2.458524e+00
2.754628e-04 2.458524e+00
2.756627e-04 2.458524e+00
2.758626e-04 2.458523e+00
2.760625e-04 2.458523e+00
2.762624e-04 2.458523e+00
2.764623e-04 2.458523e+00
2.766622e-04 2.458523e+00
2.768621e-04 2.458523e+00
2.770620e-04 2.458523e+00
2.772619e-04 2.458523e+00
2.774618e-04 2.458523e+00
2.776617e-04 2.458523e+00
2.778616e-04 2.458523e+00
2.780615e-04 2.458523e+00
2.782614e-04 2.458523e+00
2.784613e-04 2.458523e+00
2.786612e-04 2.458523e+00
2.788611e-04 2.458523e+00
2.790610e-04 2.458523e+00
2.792609e-04 2.458523e+00
2.794608e-04 2.458523e+00
2.796607e-04 2.458523e+00
2.798606e-04 2.458522e+00
2.800605e-04 2.458522e+00
2.802604e-04 2.458522e+00
2.804603e-04 2.458522e+00
2.806602e-04 2.458522e+00
2.808601e-04 2.458522e+00
2.810600e-04 2.458522e+00
2.812599e-04 2.458522e+00
2.814598e-04 2.458522e+00
2.816597e-04 2.458522e+00
2.818596e-04 2.458522e+00
2.820595e-04 2.458522e+00
2.822594e-04 2.458522e+00
2.824593e-04 2.458522e+00
2.826592e-04 2.458522e+00
2.828591e-04 2.458522e+00
2.830590e-04 2.458522e+00
2.832589e-04 2.458522e+00
2.834588e-04 2.458522e+00
2.836587e-04 2.458522e+00
2.838586e-04 2.458521e+00
2.840585e-04 2.458521e+00
2.842584e-04 2.458521e+00
2.844583e-04 2.458521e+00
2.846582e-04 2.458521e+00
2.848581e-04 2.458521e+00
2.850580e-04 2.458521e+00
2.852579e-04 2.458521e+00
2.854578e-04 2.458521e+00
2.856577e-04 2.458521e+00
2.858576e-04 2.458521e+00
2.860575e-04 2.458521e+00
2.862574e-04 2.458521e+00
2.864573e-04 2.458521e+00
2.866572e-04 2.458521e+00
2.868571e-04 2.458521e+00
2.870570e-04 2.458521e+00
2.872569e-04 2.458521e+00
2.874568e-04 2.458521e+00
2.876567e-04 2.458521e+00
2.878566e-04 2.458520e+00
2.880565e-04 2.458520e+00
2.882564e-04 2.458520e+00
2.884563e-04 2.458520e+00
2.886562e-04 2.458520e+00
2.888561e-04 2.458520e+00
2.890560e-04 2.458520e+00
2.892559e-04 2.458520e+00
2.894558e-04 2.458520e+00
2.896557e-04 2.458520e+00
2.898556e-04 2.458520e+00
2.900555e-04 2.458520e+00
2.902554e-04 2.458520e+00
2.904553e-04 2.458520e+00
2.906552e-04 2.458520e+00
2.908551e-04 2.458520e+00
2.910550e-04 2.458520e+00
2.912549e-04 2.458520e+00
2.914548e-04 2.458520e+00
2.916547e-04 2.458520e+00
2.918546e-04 2.458519e+00
2.920545e-04 2.458519e+00
2.922544e-04 2.458519e+00
2.924543e-04 2.458519e+00
2.926542e-04 2.458519e+00
2.928541e-04 2.458519e+00
2.930540e-04 2.458519e+00
2.932539e-04 2.458519e+00
2.934538e-04 2.458519e+00
2.936537e-04 2.458519e+00
2.938536e-04 2.458519e+00
2.940535e-04 2.458519e+00
2.942534e-04 2.458519e+00
2.944533e-04 2.458519e+00
2.946532e-04 2.458519e+00
2.948531e-04 2.458519e+00
2.950530e-04 2.458519e+00
2.952529e-04 2.458519e+00
2.954528e-04 2.458519e+00
2.956527e-04 2.458519e+00
2.958526e-04 2.458518e+00
2.960525e-04 2.458518e+00
2.962524e-04 2.458518e+00
2.964523e-04 2.458518e+00
2.966522e-04 2.458518e+00
2.968521e-04 2.458518e+00
2.970520e-04 2.458518e+00
2.972519e-04 2.458518e+00
2.974518e-04 2.458518e+00
2.976517e-04 2.458518e+00
2.978516e-04 2.458518e+00
2.980515e-04 2.458518e+00
2.982514e-04 2.458518e+00
2.984513e-04 2.458518e+00
2.986512e-04 2.458518e+00
2.988511e-04 2.458518e+00
2.990510e-04 2.458518e+00
2.992509e-04 2.458518e+00
2.994508e-04 2.458518e+00
2.996507e-04 2.458517e+00
2.998506e-04 2.458517e+00
3.000505e-04 2.458517e+00
3.002504e-04 2.458517e+00
3.004503e-04 2.458517e+00
3.006502e-04 2.458517e+00
3.008501e-04 2.458517e+00
3.010500e-04 2.458517e+00
3.012499e-04 2.458517e+00
3.014498e-04 2.458517e+00
3.016497e-04 2.458517e+00
3.018496e-04 2.458517e+00
3.020495e-04 2.458517e+00
3.022494e-04 2.458517e+00
3.024493e-04 2.458517e+00
3.026492e-04 2.458517e+00
3.028491e-04 2.458517e+00
3.030490e-04 2.458517e+00
3.032489e-04 2.458517e+00
3.034488e-04 2.458517e+00
3.036487e-04 2.458516e+00
3.038486e-04 2.458516e+00
3.040485e-04 2.458516e+00
3.042484e-04 2.458516e+00
3.044483e-04 2.458516e+00
3.046482e-04 2.458516e+00
3.048481e-04 2.458516e+00
3.050480e-04 2.458516e+00
3.052479e-04 2.458516e+00
3.054478e-04 2.458516e+00
3.056477e-04 2.458516e+00
3.058476e-04 2.458516e+00
3.060475e-04 2.458516e+00
3.062474e-04 2.458516e+00
3.064473e-04 2.458516e+00
3.066472e-04 2.458516e+00
3.068471e-04 2.458516e+00
3.070470e-04 2.458516e+00
3.072469e-04 2.458516e+00
3.074468e-04 2.458516e+00
3.076467e-04 2.458515e+00
3.078466e-04 2.458515e+00
3.080465e-04 2.458515e+00
3.082464e-04 2.458515e+00
3.084463e-04 2.458515e+00
3.086462e-04 2.458515e+00
3.088461e-04 2.458515e+00
3.090460e-04 2.458515e+00
3.092459e-04 2.458515e+00
3.094458e-04 2.458515e+00
3.096457e-04 2.458515e+00
3.098456e-04 2.458515e+00
3.100455e-04 2.458515e+00
3.102454e-04 2.458515e+00
3.104453e-04 2.458515e+00
3.106452e-04 2.458515e+00
3.108451e-04 2.458515e+00
3.110450e-04 2.458515e+00
3.112449e-04 2.458515e+00
3.114448e-04 2.458515e+00
3.116447e-04 2.458514e+00
3.118446e-04 2.458514e+00
3.120445e-04 2.458514e+00
3.122444e-04 2.458514e+00
3.124443e-04 2.458514e+00
3.126442e-04 2.458514e+00
3.128441e-04 2.458514e+00
3.130440e-04 2.458514e+00
3.132439e-04 2.458514e+00
3.134438e-04 2.458514e+00
3.136437e-04 2.458514e+00
3.138436e-04 2.458514e+00
3.140435e-04 2.458514e+00
3.142434e-04 2.458514e+00
3.144433e-04 2.458514e+00
3.146433e-04 2.458514e+00
3.148432e-04 2.458514e+00
3.150431e-04 2.458514e+00
3.152430e-04 2.458514e+00
3.154429e-04 2.458514e+00
3.156428e-04 2.458513e+00
3.158427e-04 2.458513e+00
3.160426e-04 2.458513e+00
3.162425e-04 2.458513e+00
3.164424e-04 2.458513e+00
3.166423e-04 2.458513e+00
3.168422e-04 2.458513e+00
3.170421e-04 2.458513e+00
3.172420e-04 2.458513e+00
3.174419e-04 2.458513e+00
3.176418e-04 2.458513e+00
3.178417e-04 2.458513e+00
3.180416e-04 2.458513e+00
3.182415e-04 2.458513e+00
3.184414e-04 2.458513e+00
3.186413e-04 2.458513e+00
3.188412e-04 2.458513e+00
3.190411e-04 2.458513e+00
3.192410e-04 2.458513e+00
3.194409e-04 2.458513e+00
3.196408e-04 2.458512e+00
3.198407e-04 2.458512e+00
3.200406e-04 2.458512e+00
3.202405e-04 2.458512e+00
3.204404e-04 2.458512e+00
3.206403e-04 2.458512e+00
3.208402e-04 2.458512e+00
3.210401e-04 2.458512e+00
3.212400e-04 2.458512e+00
3.214399e-04 2.458512e+00
3.216398e-04 2.458512e+00
3.218397e-04 2.458512e+00
3.220396e-04 2.458512e+00
3.222395e-04 2.458512e+00
3.224394e-04 2.458512e+00
3.226393e-04 2.458512e+00
3.228392e-04 2.458512e+00
3.230391e-04 2.458512e+00
3.232390e-04 2.458512e+00
3.234389e-04 2.458512e+00
3.236388e-04 2.458511e+00
3.238387e-04 2.458511e+00
3.240386e-04 2.458511e+00
3.242385e-04 2.458511e+00
3.244384e-04 2.458511e+00
3.246383e-04 2.458511e+00
3.248382e-04 2.458511e+00
3.250381e-04 2.458511e+00
3.252380e-04 2.458511e+00
3.254379e-04 2.458511e+00
3.256378e-04 2.458511e+00
3.258377e-04 2.458511e+00
3.260376e-04 2.458511e+00
3.262375e-04 2.458511e+00
3.264374e-04 2.458511e+00
3.266373e-04 2.458511e+00
3.268372e-04 2.458511e+00
3.270371e-04 2.458511e+00
3.272370e-04 2.458511e+00
3.274369e-04 2.458511e+00
3.276368e-04 2.458510e+00
3.278367e-04 2.458510e+00
3.280366e-04 2.458510e+00
3.282365e-04 2.458510e+00
3.284364e-04 2.458510e+00
3.286363e-04 2.458510e+00
3.288362e-04 2.458510e+00
3.290361e-04 2.458510e+00
3.292360e-04 2.458510e+00
3.294359e-04 2.458510e+00
3.296358e-04 2.458510e+00
3.298357e-04 2.458510e+00
3.300356e-04 2.458510e+00
3.302355e-04 2.458510e+00
3.304354e-04 2.458510e+00
3.306353e-04 2.458510e+00
3.308352e-04 2.458510e+00
3.310351e-04 2.458510e+00
3.312350e-04 2.458510e+00
3.314349e-04 2.458510e+00
3.316348e-04 2.458509e+00
3.318347e-04 2.458509e+00
3.320346e-04 2.458509e+00
3.322345e-04 2.458509e+00
3.324344e-04 2.458509e+00
3.326343e-04 2.458509e+00
3.328342e-04 2.458509e+00
3.330341e-04 2.458509e+00
3.332340e-04 2.458509e+00
3.334339e-04 2.458509e+00
3.336338e-04 2.458509e+00
3.338337e-04 2.458509e+00
3.340336e-04 2.458509e+00
3.342335e-04 2.458509e+00
3.344334e-04 2.458509e+00
3.346333e-04 2.458509e+00
3.348332e-04 2.458509e+00
3.350331e-04 2.458509e+00
3.352330e-04 2.458509e+00
3.354329e-04 2.458509e+00
3.356328e-04 2.458508e+00
3.358327e-04 2.458508e+00
3.360326e-04 2.458508e+00
3.362325e-04 2.458508e+00
3.364324e-04 2.458508e+00
3.366323e-04 2.458508e+00
3.368322e-04 2.458508e+00
3.370321e-04 2.458508e+00
3.372320e-04 2.458508e+00
3.374319e-04 2.458508e+00
3.376318e-04 2.458508e+00
3.378317e-04 2.458508e+00
3.380316e-04 2.458508e+00
3.382315e-04 2.458508e+00
3.384314e-04 2.458508e+00
3.386313e-04 2.458508e+00
3.388312e-04 2.458508e+00
3.390311e-04 2.458508e+00
3.392310e-04 2.458508e+00
3.394309e-04 2.458508e+00
3.396308e-04 2.458507e+00
3.398307e-04 2.458507e+00
3.400306e-04 2.458507e+00
3.402305e-04 2.458507e+00
3.404304e-04 2.458507e+00
3.406303e-04 2.458507e+00
3.408302e-04 2.458507e+00
3.410301e-04 2.458507e+00
3.412300e-04 2.458507e+00
3.414299e-04 2.458507e+00
3.416298e-04 2.458507e+00
3.418297e-04 2.458507e+00
3.420296e-04 2.458507e+00
3.422295e-04 2.458507e+00
3.424294e-04 2.458507e+00
3.426293e-04 2.458507e+00
3.428292e-04 2.458507e+00
3.430291e-04 2.458507e+00
3.432290e-04 2.458507e+00
3.434289e-04 2.458507e+00
3.436288e-04 2.458506e+00
3.438287e-04 2.458506e+00
3.440286e-04 2.458506e+00
3.442285e-04 2.458506e+00
3.444284e-04 2.458506e+00
3.446283e-04 2.458506e+00
3.448282e-04 2.458506e+00
3.450281e-04 2.458506e+00
3.452280e-04 2.458506e+00
3.454279e-04 2.458506e+00
3.456278e-04 2.458506e+00
3.458277e-04 2.458506e+00
3.460276e-04 2.458506e+00
3.462275e-04 2.458506e+00
3.464274e-04 2.458506e+00
3.466273e-04 2.458506e+00
3.468272e-04 2.458506e+00
3.470271e-04 2.458506e+00
3.472270e-04 2.458506e+00
3.474269e-04 2.458506e+00
3.476268e-04 2.458505e+00
3.478267e-04 2.458505e+00
3.480266e-04 2.458505e+00
3.482265e-04 2.458505e+00
3.484264e-04 2.458505e+00
3.486263e-04 2.458505e+00
3.488262e-04 2.458505e+00
3.490261e-04 2.458505e+00
3.492260e-04 2.458505e+00
3.494259e-04 2.458505e+00
3.496258e-04 2.458505e+00
3.498257e-04 2.458505e+00
3.500256e-04 2.458505e+00
3.502255e-04 2.458505e+00
3.504254e-04 2.458505e+00
3.506253e-04 2.458505e+00
3.508252e-04 2.458505e+00
3.510251e-04 2.458505e+00
3.512250e-04 2.458505e+00
3.514249e-04 2.458505e+00
3.516248e-04 2.458504e+00
3.518247e-04 2.458504e+00
3.520246e-04 2.458504e+00
3.522245e-04 2.458504e+00
3.524244e-04 2.458504e+00
3.526243e-04 2.458504e+00
3.528242e-04 2.458504e+00
3.530241e-04 2.458504e+00
3.532240e-04 2.458504e+00
3.534239e-04 2.458504e+00
3.536238e-04 2.458504e+00
3.538237e-04 2.458504e+00
3.540236e-04 2.458504e+00
3.542235e-04 2.458504e+00
3.544234e-04 2.458504e+00
3.546233e-04 2.458504e+00
3.548232e-04 2.458504e+00
3.550231e-04 2.458504e+00
3.552230e-04 2.458504e+00
3.554229e-04 2.458504e+00
3.556228e-04 2.458503e+00
3.558227e-04 2.458503e+00
3.560226e-04 2.458503e+00
3.562225e-04 2.458503e+00
3.564224e-04 2.458503e+00
3.566223e-04 2.458503e+00
3.568222e-04 2.458503e+00
3.570221e-04 2.458503e+00
3.572220e-04 2.458503e+00
3.574219e-04 2.458503e+00
3.576218e-04 2.458503e+00
3.578217e-04 2.458503e+00
3.580216e-04 2.458503e+00
3.582215e-04 2.458503e+00
3.584214e-04 2.458503e+00
3.586213e-04 2.458503e+00
3.588212e-04 2.458503e+00
3.590211e-04 2.458503e+00
3.592210e-04 2.458503e+00
3.594209e-04 2.458503e+00
3.596208e-04 2.458502e+00
3.598207e-04 2.458502e+00
3.600206e-04 2.458502e+00
3.602205e-04 2.458502e+00
3.604204e-04 2.458502e+00
3.606203e-04 2.458502e+00
3.608202e-04 2.458502e+00
3.610201e-04 2.458502e+00
3.612200e-04 2.458502e+00
3.614199e-04 2.458502e+00
3.616198e-04 2.458502e+00
3.618197e-04 2.458502e+00
3.620196e-04 2.458502e+00
3.622195e-04 2.458502e+00
3.624194e-04 2.458502e+00
3.626193e-04 2.458502e+00
3.628192e-04 2.458502e+00
3.630192e-04 2.458502e+00
3.632191e-04 2.458502e+00
3.634190e-04 2.458502e+00
3.636189e-04 2.458501e+00
3.638188e-04 2.458501e+00
3.640187e-04 2.458501e+00
3.642186e-04 2.458501e+00
3.644185e-04 2.458501e+00
3.646184e-04 2.458501e+00
3.648183e-04 2.458501e+00
3.650182e-04 2.458501e+00
3.652181e-04 2.458501e+00
3.654180e-04 2.458501e+00
3.656179e-04 2.458501e+00
3.658178e-04 2.458501e+00
3.660177e-04 2.458501e+00
3.662176e-04 2.458501e+00
3.664175e-04 2.458501e+00
3.666174e-04 2.458501e+00
3.668173e-04 2.458501e+00
3.670172e-04 2.458501e+00
3.672171e-04 2.458501e+00
3.674170e-04 2.458501e+00
3.676169e-04 2.458500e+00
3.678168e-04 2.458500e+00
3.680167e-04 2.458500e+00
3.682166e-04 2.458500e+00
3.684165e-04 2.458500e+00
3.686164e-04 2.458500e+00
3.688163e-04 2.458500e+00
3.690162e-04 2.458500e+00
3.692161e-04 2.458500e+00
3.694160e-04 2.458500e+00
3.696159e-04 2.458500e+00
3.698158e-04 2.458500e+00
3.700157e-04 2.458500e+00
3.702156e-04 2.458500e+00
3.704155e-04 2.458500e+00
3.706154e-04 2.458500e+00
3.708153e-04 2.458500e+00
3.710152e-04 2.458500e+00
3.712151e-04 2.458500e+00
3.714150e-04 2.458500e+00
3.716149e-04 2.458499e+00
3.718148e-04 2.458499e+00
3.720147e-04 2.458499e+00
3.722146e-04 2.458499e+00
3.724145e-04 2.458499e+00
3.726144e-04 2.458499e+00
3.728143e-04 2.458499e+00
3.730142e-04 2.458499e+00
3.732141e-04 2.458499e+00
3.734140e-04 2.458499e+00
3.736139e-04 2.458499e+00
3.738138e-04 2.458499e+00
3.740137e-04 2.458499e+00
3.742136e-04 2.458499e+00
3.744135e-04 2.458499e+00
3.746134e-04 2.458499e+00
3.748133e-04 2.458499e+00
3.750132e-04 2.458499e+00
3.752131e-04 2.458499e+00
3.754130e-04 2.458499e+00
3.756129e-04 2.458498e+00
3.758128e-04 2.458498e+00
3.760127e-04 2.458498e+00
3.762126e-04 2.458498e+00
3.764125e-04 2.458498e+00
3.766124e-04 2.458498e+00
3.768123e-04 2.458498e+00
3.770122e-04 2.458498e+00
3.772121e-04 2.458498e+00
3.774120e-04 2.458498e+00
3.776119e-04 2.458498e+00
3.778118e-04 2.458498e+00
3.780117e-04 2.458498e+00
3.782116e-04 2.458498e+00
3.784115e-04 2.458498e+00
3.786114e-04 2.458498e+00
3.788113e-04 2.458498e+00
3.790112e-04 2.458498e+00
3.792111e-04 2.458498e+00
3.794110e-04 2.458498e+00
3.796109e-04 2.458497e+00
3.798108e-04 2.458497e+00
3.800107e-04 2.458497e+00
3.802106e-04 2.458497e+00
3.804105e-04 2.458497e+00
3.806104e-04 2.458497e+00
3.808103e-04 2.458497e+00
3.810102e-04 2.458497e+00
3.812101e-04 2.458497e+00
3.814100e-04 2.458497e+00
3.816099e-04 2.458497e+00
3.818098e-04 2.458497e+00
3.820097e-04 2.458497e+00
3.822096e-04 2.458497e+00
3.824095e-04 2.458497e+00
3.826094e-04 2.458497e+00
3.828093e-04 2.458497e+00
3.830092e-04 2.458497e+00
3.832091e-04 2.458497e+00
3.834090e-04 2.458497e+00
3.836089e-04 2.458496e+00
3.838088e-04 2.458496e+00
3.840087e-04 2.458496e+00
3.842086e-04 2.458496e+00
3.844085e-04 2.458496e+00
3.846084e-04 2.458496e+00
3.848083e-04 2.458496e+00
3.850082e-04 2.458496e+00
3.852081e-04 2.458496e+00
3.854080e-04 2.458496e+00
3.856079e-04 2.458496e+00
3.858078e-04 2.458496e+00
3.860077e-04 2.458496e+00
3.862076e-04 2.458496e+00
3.864075e-04 2.458496e+00
3.866074e-04 2.458496e+00
3.868073e-04 2.458496e+00
3.870072e-04 2.458496e+00
3.872071e-04 2.458496e+00
3.874070e-04 2.458496e+00
3.876069e-04 2.458495e+00
3.878068e-04 2.458495e+00
3.880067e-04 2.458495e+00
3.882066e-04 2.458495e+00
3.884065e-04 2.458495e+00
3.886064e-04 2.458495e+00
3.888063e-04 2.458495e+00
3.890062e-04 2.458495e+00
3.892061e-04 2.458495e+00
3.894060e-04 2.458495e+00
3.896059e-04 2.458495e+00
3.898058e-04 2.458495e+00
3.900057e-04 2.458495e+00
3.902056e-04 2.458495e+00
3.904055e-04 2.458495e+00
3.906054e-04 2.458495e+00
3.908053e-04 2.458495e+00
3.910052e-04 2.458495e+00
3.912051e-04 2.458495e+00
3.914050e-04 2.458495e+00
3.916049e-04 2.458494e+00
3.918048e-04 2.458494e+00
3.920047e-04 2.458494e+00
3.922046e-04 2.458494e+00
3.924045e-04 2.458494e+00
3.926044e-04 2.458494e+00
3.928043e-04 2.458494e+00
3.930042e-04 2.458494e+00
3.932041e-04 2.458494e+00
3.934040e-04 2.458494e+00
3.936039e-04 2.458494e+00
3.938038e-04 2.458494e+00
3.940037e-04 2.458494e+00
3.942036e-04 2.458494e+00
3.944035e-04 2.458494e+00
3.946034e-04 2.458494e+00
3.948033e-04 2.458494e+00
3.950032e-04 2.458494e+00
3.952031e-04 2.458494e+00
3.954030e-04 2.458494e+00
3.956029e-04 2.458493e+00
3.958028e-04 2.458493e+00
3.960027e-04 2.458493e+00
3.962026e-04 2.458493e+00
3.964025e-04 2.458493e+00
3.966024e-04 2.458493e+00
3.968023e-04 2.458493e+00
3.970022e-04 2.458493e+00
3.972021e-04 2.458493e+00
3.974020e-04 2.458493e+00
3.976019e-04 2.458493e+00
3.978018e-04 2.458493e+00
3.980017e-04 2.458493e+00
3.982016e-04 2.458493e+00
3.984015e-04 2.458493e+00
3.986014e-04 2.458493e+00
3.988013e-04 2.458493e+00
3.990012e-04 2.458493e+00
3.992011e-04 2.458493e+00
3.994010e-04 2.458493e+00
3.996009e-04 2.458492e+00
3.998008e-04 2.458492e+00
4.000007e-04 2.458492e+00
4.002006e-04 2.458492e+00
4.004005e-04 2.458492e+00
4.006004e-04 2.458492e+00
4.008003e-04 2.458492e+00
4.010002e-04 2.458492e+00
4.012001e-04 2.458492e+00
4.014000e-04 2.458492e+00